0 0.615625 0.1203125 0.634375 0.1265625 0.634375 0.134375 0.628125 0.140625 0.621875 0.15625 0.6203125 0.175 0.6171875 0.1828125 0.615625 0.209375 0.6046875 0.2046875 0.5953125 0.1953125 0.59375 0.1875 0.5890625 0.1828125 0.5765625 0.178125 0.55 0.178125 0.546875 0.18125 0.5328125 0.184375 0.5296875 0.190625 0.5171875 0.190625 0.5109375 0.19375 0.4984375 0.2125 0.490625 0.2171875 0.4890625 0.221875 0.4828125 0.2265625 0.478125 0.2375 0.4703125 0.240625 0.4578125 0.253125 0.45625 0.259375 0.459375 0.265625 0.471875 0.2765625 0.478125 0.2765625 0.48125 0.2796875 0.4859375 0.2796875 0.4953125 0.284375 0.5015625 0.2828125 0.5109375 0.2875 0.540625 0.290625 0.5421875 0.2953125 0.5546875 0.303125 0.5671875 0.30625 0.5875 0.30625 0.6015625 0.3015625 0.615625 0.2921875 0.615625 0.2796875 0.61875 0.271875 0.6234375 0.2703125 0.6296875 0.275 0.6296875 0.2796875 0.625 0.2859375 0.6296875 0.303125 0.6296875 0.3140625 0.634375 0.325 0.634375 0.359375 0.640625 0.3671875 0.6421875 0.3765625 0.640625 0.3828125 0.5859375 0.390625 0.5046875 0.3890625 0.4859375 0.3859375 0.4671875 0.38125 0.45625 0.375 0.45 0.375 0.421875 0.3625 0.3953125 0.3390625 0.39375 0.334375 0.3875 0.328125 0.3828125 0.3140625 0.378125 0.3078125 0.378125 0.303125 0.375 0.2984375 0.375 0.25 0.3859375 0.2234375 0.3859375 0.21875 0.396875 0.2015625 0.4 0.1921875 0.4046875 0.1890625 0.4171875 0.16875 0.4296875 0.15625 0.45 0.1421875 0.4578125 0.140625 0.459375 0.1375 0.4671875 0.1375 0.4703125 0.134375 0.478125 0.1328125 0.4796875 0.1296875 0.4859375 0.1265625 0.496875 0.125 0.5 0.121875 0.50625 0.121875 0.5125 0.11875 0.5890625 0.1171875 0.6140625 0.1203125
0 0.4671875 0.4109375 0.4921875 0.4171875 0.5078125 0.4171875 0.528125 0.421875 0.53125 0.425 0.5375 0.425 0.5453125 0.4296875 0.55 0.4296875 0.5640625 0.4375 0.578125 0.440625 0.6140625 0.4609375 0.61875 0.4671875 0.640625 0.484375 0.6546875 0.5015625 0.6546875 0.50625 0.6578125 0.509375 0.6625 0.525 0.6640625 0.55625 0.6609375 0.5640625 0.6578125 0.5859375 0.653125 0.596875 0.6453125 0.60625 0.6359375 0.63125 0.6359375 0.65 0.640625 0.66875 0.640625 0.6984375 0.634375 0.715625 0.6328125 0.73125 0.621875 0.75625 0.609375 0.76875 0.609375 0.771875 0.6015625 0.7765625 0.6 0.7859375 0.5609375 0.8203125 0.553125 0.8234375 0.5328125 0.8390625 0.5171875 0.846875 0.5125 0.846875 0.4609375 0.865625 0.390625 0.875 0.353125 0.875 0.3375 0.8734375 0.3296875 0.8703125 0.3125 0.8703125 0.3015625 0.8671875 0.28125 0.865625 0.2234375 0.846875 0.20625 0.8390625 0.16875 0.815625 0.1453125 0.79375 0.1296875 0.784375 0.125 0.775 0.125 0.7703125 0.1203125 0.7640625 0.115625 0.746875 0.10625 0.7359375 0.1046875 0.715625 0.0921875 0.703125 0.0859375 0.68125 0.084375 0.6375 0.09375 0.615625 0.1 0.6125 0.10625 0.5796875 0.1234375 0.559375 0.1296875 0.5421875 0.134375 0.5390625 0.1390625 0.5296875 0.146875 0.525 0.15 0.5140625 0.1640625 0.5015625 0.1671875 0.4953125 0.178125 0.484375 0.1828125 0.4828125 0.2 0.4671875 0.2078125 0.4640625 0.209375 0.4609375 0.2140625 0.4609375 0.21875 0.45625 0.2234375 0.45625 0.2328125 0.45 0.2421875 0.4484375 0.253125 0.4421875 0.2578125 0.4421875 0.2765625 0.434375 0.3015625 0.4296875 0.309375 0.425 0.33125 0.421875 0.3359375 0.41875 0.365625 0.4140625 0.384375 0.4140625 0.3921875 0.4109375 0.465625 0.4109375
0 0.81875 0.075 0.875 0.084375 0.903125 0.0984375 0.915625 0.1015625 0.9484375 0.1296875 0.9578125 0.134375 0.9578125 0.1375 0.965625 0.1453125 0.96875 0.1546875 0.978125 0.1640625 0.98125 0.18125 0.96875 0.18125 0.9625 0.178125 0.95625 0.178125 0.953125 0.175 0.9421875 0.175 0.91875 0.1703125 0.8953125 0.1703125 0.890625 0.1671875 0.8609375 0.1671875 0.859375 0.16875 0.8265625 0.1671875 0.821875 0.1703125 0.7953125 0.1734375 0.7796875 0.18125 0.7703125 0.1828125 0.765625 0.1875 0.7609375 0.1859375 0.7546875 0.190625 0.7515625 0.2125 0.7484375 0.2125 0.7453125 0.2171875 0.746875 0.21875 0.7453125 0.2328125 0.7421875 0.2390625 0.7390625 0.240625 0.7390625 0.24375 0.728125 0.24375 0.7203125 0.240625 0.7109375 0.2515625 0.703125 0.2453125 0.696875 0.2515625 0.696875 0.2546875 0.6671875 0.2546875 0.665625 0.253125 0.6578125 0.25625 0.6546875 0.2625 0.646875 0.2625 0.6375 0.2578125 0.6265625 0.2375 0.621875 0.2125 0.621875 0.184375 0.6265625 0.1578125 0.63125 0.1453125 0.6421875 0.1296875 0.678125 0.1 0.69375 0.0921875 0.703125 0.090625 0.70625 0.0875 0.7140625 0.0875 0.74375 0.0765625 0.778125 0.075 0.7796875 0.0734375 0.8171875 0.075
0 0.0125 0.4140625 0.01875 0.41875 0.0953125 0.41875 0.1125 0.421875 0.115625 0.425 0.1234375 0.4265625 0.1453125 0.4265625 0.15625 0.43125 0.184375 0.434375 0.2 0.4421875 0.20625 0.4421875 0.215625 0.446875 0.2171875 0.45 0.190625 0.4671875 0.1859375 0.4734375 0.1671875 0.4859375 0.1578125 0.496875 0.1484375 0.503125 0.1390625 0.503125 0.128125 0.496875 0.115625 0.49375 0.1125 0.490625 0.0890625 0.4875 0.075 0.4890625 0.065625 0.4859375 0.0453125 0.4859375 0.0390625 0.490625 0.0359375 0.515625 0.040625 0.5390625 0.04375 0.5421875 0.04375 0.55 0.0546875 0.56875 0.05 0.5984375 0.0515625 0.609375 0.059375 0.6234375 0.0609375 0.6390625 0.078125 0.6609375 0.0828125 0.7078125 0.090625 0.7140625 0.103125 0.7390625 0.1046875 0.7484375 0.1140625 0.7625 0.1140625 0.778125 0.11875 0.7859375 0.1109375 0.7890625 0.0546875 0.79375 0.0328125 0.8046875 0.009375 0.809375 0 0.809375 0 0.70625 0.0015625 0.7046875 0 0.6984375 0 0.575 0.003125 0.571875 0.003125 0.5609375 0 0.5578125 0 0.4703125 0.0046875 0.4578125 0.0046875 0.4515625 0 0.446875 0 0.4265625 0.003125 0.425 0.003125 0.4171875 0.00625 0.4140625 0.0109375 0.4140625
0 0.875 0.1703125 0.8765625 0.171875 0.8953125 0.171875 0.9046875 0.175 0.9328125 0.175 0.953125 0.178125 0.9640625 0.1828125 0.978125 0.184375 0.9984375 0.1921875 0.9984375 0.45625 0.9859375 0.465625 0.9796875 0.4671875 0.978125 0.4703125 0.95625 0.48125 0.946875 0.4828125 0.94375 0.4859375 0.9375 0.4859375 0.934375 0.4890625 0.921875 0.490625 0.9171875 0.49375 0.890625 0.4984375 0.84375 0.4984375 0.80625 0.49375 0.771875 0.48125 0.734375 0.4625 0.71875 0.4515625 0.7171875 0.4484375 0.7125 0.446875 0.69375 0.428125 0.68125 0.4203125 0.6703125 0.4078125 0.6671875 0.3953125 0.65625 0.390625 0.6484375 0.375 0.6453125 0.3546875 0.646875 0.3421875 0.6515625 0.334375 0.6578125 0.3328125 0.665625 0.3234375 0.675 0.31875 0.684375 0.31875 0.6875 0.3125 0.684375 0.290625 0.6734375 0.2828125 0.6609375 0.28125 0.665625 0.2625 0.66875 0.2640625 0.6796875 0.259375 0.690625 0.259375 0.696875 0.2625 0.70625 0.2546875 0.7140625 0.259375 0.71875 0.2484375 0.734375 0.25 0.7390625 0.2484375 0.7453125 0.2375 0.7484375 0.2359375 0.746875 0.2203125 0.7484375 0.203125 0.7515625 0.2046875 0.75625 0.2 0.75625 0.1953125 0.759375 0.1921875 0.765625 0.1921875 0.775 0.1859375 0.7796875 0.1859375 0.7875 0.178125 0.8234375 0.171875 0.8734375 0.1703125
1 0 0.37450980392156863 0 0.3813725490196078 0.00951086956521739 0.3803921568627451 0.043478260869565216 0.36176470588235293 0.03260869565217391 0.3627450980392157 0 0.37450980392156863
1 0.20923913043478262 0.346078431372549 0.21331521739130435 0.35392156862745094 0.22282608695652173 0.35784313725490197 0.3342391304347826 0.36470588235294116 0.39945652173913043 0.3843137254901961 0.41440217391304346 0.3803921568627451 0.4375 0.38823529411764707 0.45516304347826086 0.3862745098039216 0.4375 0.37549019607843137 0.4130434782608695 0.37254901960784315 0.39945652173913043 0.3656862745098039 0.358695652173913 0.3588235294117647 0.3328804347826087 0.35 0.22418478260869565 0.346078431372549 0.20923913043478262 0.346078431372549
1 0.20244565217391303 0.3558823529411764 0.24320652173913043 0.38823529411764707 0.24048913043478262 0.4 0.25 0.3970588235294118 0.25 0.37941176470588234 0.2622282608695652 0.3686274509803921 0.2758152173913043 0.3676470588235294 0.28804347826086957 0.37254901960784315 0.2907608695652174 0.3676470588235294 0.33967391304347827 0.37941176470588234 0.34510869565217395 0.40784313725490196 0.3695652173913043 0.40784313725490196 0.3845108695652174 0.40098039215686276 0.4103260869565217 0.40490196078431373 0.42391304347826086 0.4 0.4429347826086956 0.40098039215686276 0.4470108695652174 0.38333333333333336 0.4320652173913043 0.3813725490196078 0.4279891304347826 0.37549019607843137 0.37907608695652173 0.3607843137254902 0.33152173913043476 0.3509803921568627 0.2717391304347826 0.34705882352941175 0.20516304347826084 0.3480392156862745 0.20244565217391303 0.3558823529411764
1 0.6752717391304348 0.515686274509804 0.6847826086956521 0.7088235294117646 0.6942934782608695 0.7068627450980391 0.6929347826086956 0.692156862745098 0.7282608695652174 0.6931372549019608 0.733695652173913 0.6980392156862745 0.7296195652173914 0.6352941176470588 0.7404891304347826 0.615686274509804 0.7418478260869565 0.5774509803921568 0.7296195652173914 0.553921568627451 0.7269021739130435 0.5274509803921569 0.71875 0.5166666666666667 0.6834239130434783 0.503921568627451 0.6766304347826086 0.49411764705882355 0.669836956521739 0.4970588235294118 0.6752717391304348 0.515686274509804
1 0.02717391304347826 0.8156862745098039 0 0.8205882352941176 0 0.9656862745098038 0.1576086956521739 0.9705882352941175 0.17527173913043476 0.9588235294117646 0.1983695652173913 0.9509803921568627 0.24592391304347827 0.9529411764705882 0.2608695652173913 0.9598039215686274 0.28125 0.9598039215686274 0.30570652173913043 0.9333333333333333 0.327445652173913 0.9362745098039216 0.3491847826086957 0.9245098039215686 0.38315217391304346 0.9235294117647058 0.43478260869565216 0.9147058823529411 0.4633152173913043 0.9049019607843137 0.5652173913043479 0.8872549019607844 0.6046195652173914 0.8696078431372548 0.6277173913043479 0.8519607843137255 0.6073369565217391 0.846078431372549 0.5991847826086956 0.85 0.5788043478260869 0.8470588235294118 0.5733695652173914 0.8549019607843137 0.5489130434782609 0.8568627450980392 0.5081521739130435 0.8715686274509803 0.5 0.8588235294117647 0.4728260869565217 0.8656862745098038 0.4646739130434782 0.872549019607843 0.40896739130434784 0.8803921568627452 0.37635869565217395 0.8794117647058824 0.3695652173913043 0.8843137254901962 0.27717391304347827 0.8715686274509803 0.21467391304347827 0.8558823529411764 0.21059782608695649 0.8490196078431372 0.19429347826086957 0.8441176470588235 0.17391304347826086 0.8303921568627451 0.1671195652173913 0.8303921568627451 0.16304347826086957 0.8205882352941176 0.1467391304347826 0.8107843137254902 0.1331521739130435 0.807843137254902 0.1331521739130435 0.8029411764705883 0.125 0.7990196078431373 0.07065217391304349 0.8 0.0625 0.8068627450980392 0.05027173913043478 0.8058823529411765 0.02717391304347826 0.8156862745098039
1 0.3247282608695652 0.2823529411764706 0.33152173913043476 0.32254901960784316 0.34782608695652173 0.34509803921568627 0.34782608695652173 0.35196078431372546 0.3858695652173913 0.3764705882352941 0.40353260869565216 0.3676470588235294 0.42391304347826086 0.3686274509803921 0.4279891304347826 0.38333333333333336 0.42934782608695654 0.3686274509803921 0.4008152173913043 0.3529411764705882 0.4008152173913043 0.34901960784313724 0.38858695652173914 0.3431372549019608 0.3858695652173913 0.3343137254901961 0.375 0.33529411764705885 0.36141304347826086 0.3303921568627451 0.358695652173913 0.3068627450980392 0.3464673913043478 0.30098039215686273 0.34103260869565216 0.29117647058823526 0.34375 0.2823529411764706 0.35190217391304346 0.2754901960784314 0.3654891304347826 0.2823529411764706 0.3668478260869565 0.2519607843137255 0.3804347826086957 0.22058823529411767 0.3804347826086957 0.20784313725490197 0.391304347826087 0.2 0.3967391304347826 0.18529411764705883 0.40760869565217395 0.17941176470588235 0.42391304347826086 0.1568627450980392 0.43885869565217395 0.14509803921568626 0.48097826086956524 0.12549019607843137 0.5176630434782609 0.11176470588235295 0.5353260869565217 0.10980392156862746 0.5421195652173914 0.10098039215686275 0.563858695652174 0.08823529411764705 0.563858695652174 0.08137254901960785 0.5502717391304348 0.0803921568627451 0.5163043478260869 0.09019607843137255 0.4782608695652174 0.10784313725490195 0.44021739130434784 0.14019607843137255 0.41440217391304346 0.153921568627451 0.3695652173913043 0.18823529411764706 0.34375 0.21666666666666665 0.32608695652173914 0.24705882352941178 0.3247282608695652 0.2823529411764706
1 0.563858695652174 0.4284313725490196 0.5815217391304348 0.4284313725490196 0.5883152173913043 0.41862745098039217 0.6277173913043479 0.42745098039215684 0.638586956521739 0.43431372549019603 0.6467391304347826 0.45588235294117646 0.6847826086956521 0.4980392156862745 0.6956521739130435 0.5049019607843137 0.7146739130434783 0.5078431372549019 0.7282608695652174 0.5235294117647059 0.7472826086956521 0.5313725490196078 0.8478260869565217 0.5362745098039216 0.888586956521739 0.5294117647058824 0.9171195652173912 0.5215686274509804 0.9986413043478259 0.48235294117647054 0.9959239130434783 0.4647058823529412 0.9769021739130433 0.4784313725490196 0.9728260869565217 0.47745098039215683 0.96875 0.48725490196078425 0.9279891304347826 0.49901960784313726 0.8165760869565217 0.5019607843137255 0.7730978260869565 0.48725490196078425 0.7228260869565217 0.4617647058823529 0.6752717391304348 0.4245098039215686 0.6684782608695652 0.4147058823529412 0.6480978260869565 0.40784313725490196 0.6331521739130435 0.3931372549019608 0.5692934782608695 0.39509803921568626 0.5557065217391304 0.4147058823529412 0.5489130434782609 0.41568627450980394 0.563858695652174 0.4284313725490196
