0 0.640625 0.3828125 0.6515625 0.3859375 0.675 0.4015625 0.6828125 0.4109375 0.6859375 0.41875 0.684375 0.428125 0.675 0.4390625 0.6546875 0.446875 0.6109375 0.446875 0.596875 0.44375 0.55625 0.4265625 0.5515625 0.4203125 0.5546875 0.403125 0.565625 0.39375 0.58125 0.3859375 0.5921875 0.3828125 0.6015625 0.3828125 0.60625 0.3796875 0.6234375 0.3796875 0.6390625 0.3828125
0 0.5609375 0.2796875 0.571875 0.2828125 0.575 0.2859375 0.5796875 0.2859375 0.5921875 0.2953125 0.6 0.30625 0.603125 0.3171875 0.603125 0.3265625 0.5984375 0.3375 0.5921875 0.34375 0.5921875 0.346875 0.5875 0.3484375 0.58125 0.3546875 0.5625 0.3640625 0.54375 0.3671875 0.540625 0.3703125 0.5046875 0.3703125 0.4984375 0.3671875 0.4828125 0.365625 0.4609375 0.35625 0.4484375 0.346875 0.4375 0.33125 0.4375 0.3078125 0.4484375 0.2953125 0.4578125 0.2921875 0.459375 0.2890625 0.4703125 0.2828125 0.48125 0.28125 0.4859375 0.278125 0.4953125 0.278125 0.50625 0.275 0.5390625 0.275 0.559375 0.2796875
0 0.4796875 0.15625 0.50625 0.1640625 0.5171875 0.1703125 0.5296875 0.18125 0.540625 0.1984375 0.5421875 0.209375 0.540625 0.21875 0.528125 0.2359375 0.49375 0.25625 0.4796875 0.259375 0.4765625 0.2625 0.465625 0.2640625 0.4609375 0.2671875 0.4421875 0.2703125 0.4171875 0.2703125 0.3984375 0.2671875 0.3765625 0.25625 0.3546875 0.23125 0.3515625 0.2171875 0.3546875 0.2 0.3625 0.190625 0.3765625 0.1796875 0.40625 0.1640625 0.4453125 0.15625 0.478125 0.15625
1 0.05842391304347826 0.7518115942028986 0.06929347826086957 0.7599637681159421 0.05842391304347826 0.7717391304347826 0.042119565217391304 0.8070652173913043 0.042119565217391304 0.8496376811594203 0.04619565217391304 0.8704710144927537 0.07065217391304349 0.9184782608695652 0.09918478260869565 0.9384057971014492 0.11548913043478262 0.9438405797101449 0.19021739130434784 0.9447463768115943 0.2608695652173913 0.9329710144927537 0.2622282608695652 0.923913043478261 0.22690217391304346 0.917572463768116 0.19293478260869565 0.9166666666666667 0.10869565217391304 0.8840579710144928 0.08016304347826086 0.8532608695652174 0.06793478260869565 0.7943840579710145 0.07201086956521739 0.7871376811594203 0.09375 0.7735507246376812 0.09239130434782608 0.7617753623188406 0.08152173913043478 0.7509057971014493 0.07880434782608695 0.7336956521739131 0.09375 0.7192028985507247 0.10869565217391304 0.6884057971014493 0.11684782608695651 0.6820652173913044 0.1779891304347826 0.6630434782608696 0.19021739130434784 0.6530797101449275 0.21739130434782608 0.6503623188405797 0.23777173913043476 0.6340579710144928 0.2527173913043478 0.6132246376811594 0.27989130434782605 0.598731884057971 0.28532608695652173 0.582427536231884 0.296195652173913 0.5778985507246377 0.3043478260869565 0.5670289855072463 0.31385869565217395 0.5652173913043479 0.3192934782608695 0.5697463768115942 0.3328804347826087 0.5706521739130435 0.35190217391304346 0.5679347826086957 0.3654891304347826 0.5561594202898551 0.37907608695652173 0.5597826086956521 0.4008152173913043 0.5507246376811594 0.41440217391304346 0.5534420289855072 0.4225543478260869 0.5480072463768116 0.42934782608695654 0.5480072463768116 0.4334239130434782 0.5534420289855072 0.44972826086956524 0.5543478260869565 0.4592391304347826 0.5443840579710145 0.47146739130434784 0.5398550724637682 0.4782608695652174 0.5271739130434783 0.4945652173913043 0.5235507246376812 0.5883152173913043 0.5452898550724637 0.6032608695652174 0.5335144927536233 0.6331521739130435 0.5353260869565217 0.6426630434782609 0.5407608695652174 0.65625 0.5407608695652174 0.671195652173913 0.5543478260869565 0.6847826086956521 0.5534420289855072 0.6942934782608695 0.5480072463768116 0.7269021739130435 0.5471014492753623 0.733695652173913 0.542572463768116 0.7404891304347826 0.5461956521739131 0.7445652173913043 0.5398550724637682 0.6290760869565217 0.5099637681159421 0.5570652173913043 0.5099637681159421 0.4904891304347826 0.5153985507246377 0.4728260869565217 0.5208333333333334 0.40625 0.5208333333333334 0.3220108695652174 0.5389492753623188 0.29483695652173914 0.5480072463768116 0.25407608695652173 0.5688405797101449 0.18206521739130435 0.6231884057971014 0.17119565217391303 0.6440217391304348 0.14402173913043478 0.6503623188405797 0.09510869565217392 0.6793478260869565 0.07608695652173912 0.7019927536231885 0.059782608695652176 0.7418478260869565 0.05842391304347826 0.7518115942028986
0 0.559375 0.5390625 0.5625 0.5421875 0.5796875 0.5453125 0.5859375 0.55 0.590625 0.55 0.603125 0.55625 0.6140625 0.5625 0.6171875 0.5671875 0.6203125 0.5671875 0.634375 0.58125 0.6390625 0.590625 0.6390625 0.6015625 0.634375 0.621875 0.6234375 0.634375 0.60625 0.6453125 0.5984375 0.6546875 0.5921875 0.6578125 0.553125 0.659375 0.54375 0.6625 0.5328125 0.6625 0.528125 0.665625 0.509375 0.6703125 0.4828125 0.665625 0.4796875 0.6625 0.459375 0.6546875 0.4578125 0.6515625 0.4390625 0.6421875 0.43125 0.63125 0.425 0.615625 0.4265625 0.6015625 0.440625 0.584375 0.45625 0.5734375 0.4640625 0.5625 0.4703125 0.55625 0.478125 0.553125 0.4796875 0.55 0.509375 0.5390625 0.5203125 0.5375 0.5578125 0.5390625
0 0.7203125 0.2390625 0.7703125 0.2546875 0.7890625 0.2734375 0.79375 0.2859375 0.7953125 0.2984375 0.790625 0.3203125 0.778125 0.3421875 0.7640625 0.35625 0.74375 0.3703125 0.7171875 0.378125 0.696875 0.378125 0.678125 0.375 0.6484375 0.3640625 0.6390625 0.35625 0.6359375 0.35625 0.625 0.346875 0.6203125 0.3359375 0.61875 0.3109375 0.6296875 0.284375 0.659375 0.25 0.665625 0.2484375 0.6703125 0.24375 0.69375 0.2375 0.7171875 0.2375 0.71875 0.2390625
0 0.1984375 0.3453125 0.225 0.3515625 0.2390625 0.3578125 0.2484375 0.3625 0.2625 0.3765625 0.26875 0.3796875 0.271875 0.3875 0.2796875 0.396875 0.278125 0.421875 0.26875 0.4328125 0.2515625 0.440625 0.2375 0.45 0.2296875 0.4515625 0.228125 0.4546875 0.2140625 0.4578125 0.2109375 0.4609375 0.2015625 0.4625 0.178125 0.471875 0.1359375 0.4796875 0.115625 0.4796875 0.09375 0.475 0.084375 0.471875 0.0828125 0.46875 0.0640625 0.4578125 0.04375 0.4375 0.0359375 0.421875 0.0375 0.4078125 0.04375 0.396875 0.05625 0.384375 0.071875 0.3734375 0.09375 0.365625 0.096875 0.3625 0.1015625 0.3625 0.128125 0.3515625 0.134375 0.3515625 0.140625 0.3484375 0.1515625 0.3484375 0.1578125 0.3453125 0.196875 0.3453125
0 0.3328125 0.6296875 0.3359375 0.6328125 0.3421875 0.6328125 0.3578125 0.6390625 0.36875 0.640625 0.39375 0.65625 0.4046875 0.6671875 0.4078125 0.678125 0.4078125 0.6890625 0.4046875 0.6953125 0.4046875 0.703125 0.3953125 0.7203125 0.38125 0.734375 0.3765625 0.7359375 0.3640625 0.7515625 0.340625 0.7640625 0.334375 0.7640625 0.3296875 0.7671875 0.321875 0.7671875 0.3140625 0.7703125 0.2953125 0.7703125 0.2765625 0.7671875 0.2609375 0.759375 0.2359375 0.7515625 0.2265625 0.7453125 0.221875 0.7453125 0.2125 0.7390625 0.2015625 0.7265625 0.1984375 0.7171875 0.1984375 0.7046875 0.203125 0.6921875 0.209375 0.684375 0.225 0.6734375 0.240625 0.65625 0.2625 0.640625 0.2859375 0.6328125 0.33125 0.6296875
0 0.2453125 0.2 0.3015625 0.209375 0.31875 0.215625 0.33125 0.2234375 0.3421875 0.234375 0.353125 0.2515625 0.3546875 0.2625 0.353125 0.2859375 0.3421875 0.303125 0.3171875 0.3140625 0.303125 0.315625 0.2984375 0.31875 0.25625 0.3203125 0.2546875 0.321875 0.1890625 0.31875 0.1515625 0.3078125 0.1359375 0.2984375 0.128125 0.290625 0.11875 0.265625 0.125 0.23125 0.1421875 0.215625 0.178125 0.203125 0.24375 0.2
0 0.425 0.3640625 0.4484375 0.36875 0.478125 0.3828125 0.4859375 0.390625 0.4953125 0.4078125 0.4953125 0.421875 0.4765625 0.44375 0.45625 0.4546875 0.4375 0.4578125 0.4328125 0.4609375 0.4046875 0.4640625 0.3984375 0.4671875 0.3734375 0.4671875 0.371875 0.46875 0.34375 0.4671875 0.3375 0.4640625 0.3296875 0.4640625 0.31875 0.4609375 0.296875 0.45 0.2953125 0.446875 0.2921875 0.446875 0.2875 0.4390625 0.28125 0.421875 0.28125 0.4109375 0.29375 0.390625 0.3171875 0.378125 0.328125 0.3765625 0.35 0.36875 0.38125 0.365625 0.3890625 0.3625 0.4234375 0.3640625
0 0.1921875 0.7671875 0.19375 0.76875 0.228125 0.7703125 0.2375 0.775 0.2484375 0.7765625 0.2953125 0.80625 0.3078125 0.825 0.3015625 0.846875 0.2921875 0.853125 0.2875 0.859375 0.271875 0.8671875 0.25625 0.88125 0.2375 0.89375 0.21875 0.9015625 0.2171875 0.9046875 0.1984375 0.9109375 0.1703125 0.909375 0.14375 0.8890625 0.1265625 0.88125 0.1171875 0.875 0.1078125 0.8640625 0.1015625 0.846875 0.1046875 0.8203125 0.1078125 0.8125 0.115625 0.803125 0.115625 0.8 0.1265625 0.7890625 0.1609375 0.771875 0.190625 0.7671875
0 0.5875 0.6625 0.5890625 0.6640625 0.6125 0.6640625 0.6171875 0.6671875 0.6328125 0.66875 0.64375 0.6734375 0.65625 0.675 0.66875 0.684375 0.6765625 0.6859375 0.678125 0.6890625 0.6953125 0.696875 0.70625 0.709375 0.7078125 0.7171875 0.7125 0.725 0.7125 0.746875 0.703125 0.7671875 0.675 0.7984375 0.6640625 0.803125 0.6484375 0.8046875 0.6421875 0.8078125 0.6109375 0.8109375 0.5703125 0.8078125 0.5640625 0.8046875 0.5421875 0.8015625 0.540625 0.7984375 0.534375 0.7984375 0.525 0.79375 0.5109375 0.790625 0.5078125 0.7859375 0.48125 0.7734375 0.4703125 0.7515625 0.4703125 0.7390625 0.4796875 0.71875 0.4796875 0.7140625 0.4921875 0.6921875 0.5 0.684375 0.5 0.68125 0.521875 0.66875 0.5359375 0.6671875 0.5421875 0.6640625 0.5859375 0.6625
0 0.7796875 0.5515625 0.8140625 0.559375 0.8390625 0.5734375 0.85 0.5828125 0.8625 0.6078125 0.8609375 0.6234375 0.853125 0.6390625 0.853125 0.64375 0.8375 0.665625 0.8171875 0.6765625 0.7953125 0.6796875 0.7828125 0.684375 0.7296875 0.6828125 0.7234375 0.6796875 0.7015625 0.678125 0.690625 0.6734375 0.6796875 0.671875 0.6765625 0.66875 0.659375 0.665625 0.65 0.659375 0.640625 0.6390625 0.640625 0.625 0.646875 0.609375 0.65 0.584375 0.659375 0.571875 0.6734375 0.5625 0.684375 0.559375 0.6875 0.55625 0.71875 0.55 0.7734375 0.55 0.778125 0.5515625
0 0.8265625 0.7296875 0.840625 0.7328125 0.84375 0.7359375 0.853125 0.7375 0.8546875 0.740625 0.865625 0.74375 0.890625 0.765625 0.909375 0.7953125 0.9125 0.8046875 0.9125 0.821875 0.903125 0.846875 0.890625 0.859375 0.8859375 0.8609375 0.8734375 0.871875 0.8546875 0.88125 0.846875 0.8875 0.8203125 0.8953125 0.8140625 0.8953125 0.8109375 0.8984375 0.7984375 0.9 0.7859375 0.9 0.7734375 0.8984375 0.76875 0.8953125 0.7609375 0.8953125 0.7421875 0.8875 0.721875 0.875 0.6875 0.84375 0.678125 0.8203125 0.678125 0.8078125 0.6875 0.7890625 0.715625 0.7609375 0.740625 0.74375 0.7546875 0.740625 0.78125 0.7296875 0.79375 0.728125 0.825 0.7296875
1 0.5027173913043479 0.9112318840579711 0.5040760869565217 0.9166666666666667 0.5244565217391304 0.9184782608695652 0.6059782608695652 0.9130434782608695 0.6535326086956521 0.9048913043478262 0.6616847826086956 0.9003623188405797 0.657608695652174 0.8931159420289856 0.6426630434782609 0.8894927536231885 0.6290760869565217 0.8903985507246377 0.623641304347826 0.8985507246376813 0.608695652173913 0.901268115942029 0.595108695652174 0.8894927536231885 0.5842391304347826 0.8994565217391305 0.5747282608695652 0.8985507246376813 0.561141304347826 0.9048913043478262 0.53125 0.8994565217391305 0.5108695652173914 0.9039855072463767 0.5027173913043479 0.9112318840579711
0 0.4890625 0.78125 0.49375 0.7859375 0.5171875 0.7984375 0.525 0.809375 0.5359375 0.8515625 0.5359375 0.865625 0.528125 0.88125 0.515625 0.8953125 0.4875 0.915625 0.475 0.91875 0.4609375 0.9265625 0.440625 0.9296875 0.4359375 0.9328125 0.390625 0.9390625 0.3609375 0.9390625 0.34375 0.934375 0.328125 0.9234375 0.3234375 0.9125 0.3234375 0.903125 0.3125 0.878125 0.3125 0.871875 0.30625 0.85625 0.30625 0.846875 0.3140625 0.821875 0.325 0.8109375 0.3484375 0.7953125 0.36875 0.7859375 0.3734375 0.7859375 0.375 0.7828125 0.3859375 0.78125 0.396875 0.7765625 0.4140625 0.775 0.4203125 0.771875 0.446875 0.771875 0.478125 0.775 0.4875 0.78125
1 0.8206521739130433 0.5606884057971014 0.861413043478261 0.5769927536231885 0.8722826086956521 0.5960144927536233 0.8845108695652174 0.605072463768116 0.8736413043478259 0.6186594202898551 0.8845108695652174 0.6304347826086957 0.892663043478261 0.6367753623188406 0.9048913043478259 0.6358695652173914 0.919836956521739 0.6467391304347826 0.9279891304347826 0.6702898550724637 0.9402173913043479 0.6847826086956522 0.9347826086956521 0.7010869565217391 0.9211956521739131 0.7028985507246377 0.9211956521739131 0.7155797101449275 0.9334239130434783 0.7318840579710145 0.9483695652173912 0.7382246376811594 0.955163043478261 0.7192028985507247 0.9538043478260869 0.6947463768115942 0.9483695652173912 0.6648550724637682 0.9334239130434783 0.6268115942028986 0.9008152173913043 0.5914855072463768 0.8722826086956521 0.5706521739130435 0.8192934782608695 0.552536231884058 0.8206521739130433 0.5606884057971014
1 0.7119565217391304 0.23097826086956524 0.7296195652173914 0.24094202898550726 0.7581521739130435 0.2472826086956522 0.7785326086956521 0.2563405797101449 0.7554347826086956 0.23007246376811596 0.7078804347826086 0.20380434782608697 0.7119565217391304 0.23097826086956524
1 0.1875 0.19927536231884058 0.20516304347826084 0.1983695652173913 0.20923913043478262 0.19384057971014496 0.2214673913043478 0.1920289855072464 0.24728260869565216 0.19655797101449277 0.2703804347826087 0.1838768115942029 0.2758152173913043 0.18840579710144928 0.30978260869565216 0.19112318840579712 0.31657608695652173 0.18840579710144928 0.3233695652173913 0.17572463768115942 0.2921195652173913 0.17119565217391305 0.2391304347826087 0.17844202898550726 0.19157608695652173 0.1956521739130435 0.1875 0.19927536231884058
1 0.78125 0.34873188405797106 0.782608695652174 0.365036231884058 0.7758152173913043 0.37318840579710144 0.7595108695652174 0.3813405797101449 0.7608695652173914 0.39221014492753625 0.7540760869565217 0.4021739130434783 0.7445652173913043 0.4021739130434783 0.732336956521739 0.3903985507246377 0.720108695652174 0.3967391304347826 0.7214673913043479 0.411231884057971 0.733695652173913 0.4175724637681159 0.7404891304347826 0.4284420289855072 0.7622282608695652 0.42300724637681164 0.779891304347826 0.40489130434782605 0.796195652173913 0.37318840579710144 0.8016304347826086 0.322463768115942 0.796195652173913 0.3070652173913043 0.78125 0.34873188405797106
1 0.5135869565217391 0.16304347826086957 0.5135869565217391 0.1657608695652174 0.5366847826086956 0.18206521739130435 0.5434782608695652 0.1793478260869565 0.5557065217391304 0.18297101449275363 0.5597826086956521 0.18840579710144928 0.577445652173913 0.18659420289855072 0.5883152173913043 0.19655797101449277 0.595108695652174 0.19655797101449277 0.6168478260869565 0.21739130434782608 0.623641304347826 0.21739130434782608 0.625 0.20923913043478262 0.6521739130434783 0.19746376811594205 0.6766304347826086 0.19293478260869565 0.6426630434782609 0.18115942028985507 0.5842391304347826 0.16757246376811594 0.5353260869565217 0.16304347826086957 0.5135869565217391 0.16304347826086957
1 0.008152173913043478 0.3523550724637681 0.01902173913043478 0.3677536231884058 0.01766304347826087 0.37681159420289856 0.010869565217391304 0.38224637681159424 0.01358695652173913 0.3876811594202899 0.025815217391304345 0.3831521739130435 0.03260869565217391 0.35960144927536236 0.05027173913043478 0.35960144927536236 0.0625 0.34510869565217395 0.06385869565217392 0.33605072463768115 0.05570652173913043 0.3324275362318841 0.05434782608695652 0.3269927536231884 0.05434782608695652 0.3115942028985507 0.06385869565217392 0.3061594202898551 0.08695652173913043 0.302536231884058 0.09239130434782608 0.29710144927536236 0.09646739130434782 0.28442028985507245 0.08831521739130435 0.2726449275362319 0.02717391304347826 0.30344202898550726 0.03125 0.3179347826086957 0.00951086956521739 0.34148550724637683 0.008152173913043478 0.3523550724637681
1 0.5679347826086956 0.4646739130434783 0.546195652173913 0.4619565217391305 0.5421195652173914 0.4710144927536232 0.5353260869565217 0.4728260869565218 0.5190217391304348 0.4682971014492754 0.4592391304347826 0.47010869565217395 0.44565217391304346 0.46557971014492755 0.43885869565217395 0.47192028985507245 0.40625 0.4728260869565218 0.3695652173913043 0.48731884057971014 0.34782608695652173 0.4846014492753623 0.27989130434782605 0.48550724637681164 0.2527173913043478 0.4927536231884059 0.19021739130434784 0.4909420289855072 0.08016304347826086 0.4773550724637682 0.07472826086956522 0.47192028985507245 0.06793478260869565 0.473731884057971 0.042119565217391304 0.46739130434782605 0.03668478260869565 0.46014492753623193 0 0.4438405797101449 0 0.4619565217391305 0.014945652173913044 0.4846014492753623 0.03940217391304347 0.49818840579710144 0.08152173913043478 0.5117753623188406 0.1331521739130435 0.5153985507246377 0.1983695652173913 0.5126811594202898 0.27989130434782605 0.5027173913043479 0.3532608695652174 0.5009057971014493 0.37092391304347827 0.4954710144927536 0.3967391304347826 0.49728260869565216 0.43885869565217395 0.4909420289855072 0.4728260869565217 0.4936594202898551 0.6983695652173914 0.4846014492753623 0.7350543478260869 0.46648550724637683 0.7445652173913043 0.45652173913043476 0.7432065217391304 0.45199275362318836 0.5679347826086956 0.4646739130434783
