3 0.23777173913043476 0.6615698267074415 0.2608695652173913 0.6860346585117227 0.2758152173913043 0.6829765545361876 0.2758152173913043 0.6768603465851173 0.2921195652173913 0.6778797145769623 0.296195652173913 0.6676860346585117 0.33152173913043476 0.654434250764526 0.360054347826087 0.6585117227319063 0.3641304347826087 0.6676860346585117 0.389945652173913 0.6860346585117227 0.41983695652173914 0.6962283384301733 0.48097826086956524 0.6931702344546381 0.48777173913043476 0.6890927624872579 0.4932065217391304 0.6574923547400612 0.47146739130434784 0.6340468909276249 0.4334239130434782 0.5677879714576963 0.4334239130434782 0.5433231396534148 0.42527173913043476 0.5392456676860347 0.42391304347826086 0.5331294597349643 0.4103260869565217 0.5351681957186545 0.34510869565217395 0.5871559633027523 0.297554347826087 0.6024464831804281 0.23777173913043476 0.6615698267074415
3 0.5978260869565217 0.6952089704383282 0.6046195652173914 0.6982670744138634 0.6005434782608695 0.7104994903160041 0.6114130434782609 0.764525993883792 0.6059782608695652 0.7798165137614679 0.592391304347826 0.781855249745158 0.5869565217391304 0.7930682976554537 0.639945652173913 0.8318042813455658 0.671195652173913 0.8481141692150868 0.6807065217391304 0.8491335372069317 0.7567934782608695 0.7828746177370031 0.7595108695652174 0.7706422018348624 0.6875 0.7033639143730887 0.6684782608695652 0.6992864424057085 0.6440217391304348 0.6758409785932722 0.6154891304347826 0.6748216106014271 0.5978260869565217 0.6890927624872579 0.5978260869565217 0.6952089704383282
3 0.6834239130434783 0.6972477064220184 0.7105978260869565 0.726809378185525 0.7608695652173914 0.764525993883792 0.794836956521739 0.7543323139653415 0.8138586956521738 0.7431192660550459 0.8355978260869564 0.7431192660550459 0.8519021739130433 0.7186544342507646 0.8627717391304348 0.7125382262996942 0.8600543478260869 0.7003058103975535 0.8763586956521738 0.6839959225280327 0.8709239130434783 0.6748216106014271 0.8288043478260869 0.672782874617737 0.8097826086956521 0.6503567787971458 0.7785326086956521 0.6432212028542305 0.7663043478260869 0.6462793068297656 0.7581521739130435 0.6574923547400612 0.71875 0.6860346585117227 0.6847826086956521 0.6931702344546381 0.6834239130434783 0.6972477064220184
3 0.763586956521739 0.7737003058103975 0.7703804347826086 0.7828746177370031 0.796195652173913 0.8012232415902141 0.8125 0.8012232415902141 0.826086956521739 0.8093781855249744 0.8342391304347826 0.8093781855249744 0.8423913043478259 0.8032619775739042 0.8464673913043479 0.7889908256880734 0.8586956521739131 0.7757390417940877 0.8423913043478259 0.7665647298674821 0.8355978260869564 0.7471967380224261 0.830163043478261 0.744138634046891 0.8138586956521738 0.744138634046891 0.7975543478260869 0.7543323139653415 0.764945652173913 0.762487257900102 0.763586956521739 0.7737003058103975
3 0.48777173913043476 0.7094801223241591 0.48777173913043476 0.7166156982670745 0.5027173913043479 0.7308868501529052 0.5122282608695652 0.7308868501529052 0.5122282608695652 0.6962283384301733 0.5040760869565217 0.6952089704383282 0.48777173913043476 0.7094801223241591
3 0.5339673913043479 0.764525993883792 0.5855978260869565 0.781855249745158 0.6046195652173914 0.7757390417940877 0.6100543478260869 0.7553516819571866 0.59375 0.6839959225280327 0.5883152173913043 0.6758409785932722 0.5706521739130435 0.6666666666666667 0.5625 0.6697247706422018 0.5529891304347826 0.7023445463812437 0.53125 0.7288481141692151 0.5339673913043479 0.764525993883792
3 0.5407608695652174 0.6085626911314985 0.563858695652174 0.6371049949031601 0.6046195652173914 0.6299694189602446 0.6127717391304348 0.6156982670744139 0.6209239130434783 0.6136595310907238 0.6494565217391304 0.6207951070336392 0.6644021739130435 0.6187563710499491 0.6644021739130435 0.6126401630988787 0.6331521739130435 0.5708460754332314 0.5978260869565217 0.5514780835881753 0.5380434782608695 0.5922528032619776 0.5407608695652174 0.6085626911314985
3 0.532608695652174 0.598369011213048 0.5489130434782609 0.6146788990825688 0.5679347826086956 0.6605504587155964 0.5869565217391304 0.671763506625892 0.6970108695652174 0.6799184505606524 0.7105978260869565 0.6860346585117227 0.7309782608695652 0.6748216106014271 0.7581521739130435 0.6513761467889909 0.7581521739130435 0.6432212028542305 0.7119565217391304 0.6299694189602446 0.6684782608695652 0.5973496432212029 0.6630434782608695 0.5871559633027523 0.6467391304347826 0.581039755351682 0.6480978260869565 0.5739041794087666 0.6372282608695652 0.5698267074413864 0.6372282608695652 0.5555555555555556 0.6331521739130435 0.5524974515800204 0.6195652173913043 0.5555555555555556 0.6114130434782609 0.5504587155963303 0.6127717391304348 0.545361875637105 0.5978260869565217 0.5484199796126401 0.5407608695652174 0.5891946992864424 0.532608695652174 0.598369011213048
3 0.44972826086956524 0.5606523955147809 0.48233695652173914 0.5708460754332314 0.4904891304347826 0.5973496432212029 0.5081521739130435 0.6156982670744139 0.5190217391304348 0.6207951070336392 0.529891304347826 0.6116207951070336 0.5285326086956521 0.6024464831804281 0.5353260869565217 0.5912334352701325 0.608695652173913 0.5382262996941896 0.6222826086956521 0.5372069317023446 0.623641304347826 0.5290519877675841 0.608695652173913 0.528032619775739 0.5896739130434783 0.5341488277268094 0.514945652173913 0.5158002038735984 0.501358695652174 0.5310907237512742 0.48233695652173914 0.5392456676860347 0.46739130434782605 0.5392456676860347 0.45244565217391297 0.5494393476044852 0.44972826086956524 0.5606523955147809
3 0.45516304347826086 0.598369011213048 0.4619565217391305 0.6228338430173292 0.5122282608695652 0.6748216106014271 0.5230978260869565 0.6809378185524975 0.5394021739130435 0.6809378185524975 0.5448369565217391 0.6707441386340469 0.5394021739130435 0.6289500509683996 0.5095108695652174 0.6238532110091743 0.49184782608695654 0.6065239551478083 0.48097826086956524 0.5871559633027523 0.46059782608695654 0.5871559633027523 0.4578804347826087 0.5902140672782875 0.45516304347826086 0.598369011213048
3 0.6752717391304348 0.5963302752293578 0.7404891304347826 0.6340468909276249 0.748641304347826 0.6309887869520897 0.7567934782608695 0.6116207951070336 0.7758152173913043 0.5912334352701325 0.7744565217391304 0.5861365953109072 0.7608695652173914 0.5851172273190622 0.7540760869565217 0.5657492354740061 0.748641304347826 0.563710499490316 0.7160326086956521 0.5718654434250765 0.702445652173913 0.5667686034658512 0.6739130434782609 0.581039755351682 0.6752717391304348 0.5963302752293578
3 0.6073369565217391 0.4882772680937819 0.6154891304347826 0.5015290519877676 0.7404891304347826 0.5290519877675841 0.7472826086956521 0.5290519877675841 0.75 0.5208970438328236 0.7785326086956521 0.5045871559633028 0.7730978260869565 0.4882772680937819 0.7241847826086956 0.4862385321100918 0.6915760869565217 0.46992864424057085 0.6480978260869565 0.4770642201834862 0.6290760869565217 0.472986748216106 0.6127717391304348 0.4770642201834862 0.6073369565217391 0.4882772680937819
3 0.6494565217391304 0.5372069317023446 0.6766304347826086 0.5433231396534148 0.6915760869565217 0.563710499490316 0.7309782608695652 0.561671763506626 0.7690217391304348 0.5443425076452599 0.764945652173913 0.5392456676860347 0.7459239130434783 0.5331294597349643 0.7296195652173914 0.5147808358817534 0.6970108695652174 0.5178389398572885 0.6820652173913043 0.5137614678899083 0.654891304347826 0.4974515800203874 0.6331521739130435 0.5076452599388379 0.6494565217391304 0.5372069317023446
3 0.764945652173913 0.581039755351682 0.8057065217391305 0.5912334352701325 0.8328804347826086 0.5922528032619776 0.8410326086956521 0.5881753312945974 0.8125 0.5759429153924567 0.78125 0.5555555555555556 0.7608695652173914 0.5565749235474006 0.764945652173913 0.581039755351682
3 0.7866847826086956 0.6197757390417941 0.8165760869565217 0.6472986748216106 0.8233695652173912 0.6422018348623854 0.8355978260869564 0.6432212028542305 0.8505434782608695 0.6483180428134557 0.8546195652173912 0.6574923547400612 0.8654891304347826 0.6299694189602446 0.8586956521739131 0.6269113149847094 0.8519021739130433 0.6116207951070336 0.8097826086956521 0.599388379204893 0.7853260869565217 0.6085626911314985 0.7866847826086956 0.6197757390417941
3 0.8383152173913043 0.599388379204893 0.8532608695652174 0.6085626911314985 0.8546195652173912 0.617737003058104 0.8682065217391305 0.6279306829765545 0.8763586956521738 0.6136595310907238 0.9130434782608695 0.5851172273190622 0.9130434782608695 0.580020387359837 0.9035326086956521 0.5708460754332314 0.8940217391304348 0.5688073394495413 0.8654891304347826 0.5769622833843018 0.8464673913043479 0.5881753312945974 0.8383152173913043 0.599388379204893
3 0.4796195652173913 0.28950050968399593 0.4904891304347826 0.3017329255861366 0.5244565217391304 0.29867482161060144 0.5489130434782609 0.30988786952089703 0.5665760869565217 0.327217125382263 0.577445652173913 0.31600407747196735 0.6480978260869565 0.2945973496432212 0.654891304347826 0.2884811416921509 0.6521739130434783 0.27217125382262997 0.608695652173913 0.2528032619775739 0.595108695652174 0.25688073394495414 0.5625 0.2579001019367992 0.5597826086956521 0.2609582059123344 0.5679347826086956 0.2711518858307849 0.5652173913043479 0.27726809378185524 0.5584239130434783 0.2782874617737003 0.5244565217391304 0.2640163098878695 0.5190217391304348 0.2650356778797146 0.5203804347826086 0.2711518858307849 0.4959239130434782 0.27522935779816515 0.48369565217391297 0.2711518858307849 0.4796195652173913 0.28950050968399593
3 0.36141304347826086 0.34046890927624873 0.3695652173913043 0.34454638124362896 0.375 0.33843017329255864 0.37364130434782605 0.3211009174311927 0.36141304347826086 0.327217125382263 0.36141304347826086 0.34046890927624873
3 0.3967391304347826 0.33741080530071355 0.40896739130434784 0.3506625891946993 0.4130434782608695 0.36595310907237516 0.4279891304347826 0.36595310907237516 0.4334239130434782 0.36187563710499493 0.4334239130434782 0.34454638124362896 0.43885869565217395 0.33741080530071355 0.45516304347826086 0.327217125382263 0.4728260869565217 0.3251783893985729 0.47690217391304346 0.3282364933741081 0.48233695652173914 0.32415902140672787 0.4850543478260869 0.29867482161060144 0.47690217391304346 0.2915392456676861 0.4619565217391305 0.2884811416921509 0.43478260869565216 0.28950050968399593 0.4103260869565217 0.29561671763506625 0.3980978260869565 0.3211009174311927 0.3967391304347826 0.33741080530071355
3 0.4633152173913043 0.36595310907237516 0.5122282608695652 0.3669724770642202 0.5163043478260869 0.35474006116207957 0.501358695652174 0.33741080530071355 0.48641304347826086 0.33333333333333337 0.4592391304347826 0.33843017329255864 0.4633152173913043 0.36595310907237516
3 0.2907608695652174 0.4046890927624872 0.30842391304347827 0.42303771661569833 0.3070652173913043 0.45769622833843016 0.32065217391304346 0.46687054026503566 0.34782608695652173 0.4617737003058104 0.360054347826087 0.44954128440366975 0.36141304347826086 0.42609582059123347 0.39266304347826086 0.41997961264016315 0.41440217391304346 0.3975535168195719 0.391304347826087 0.3730886850152905 0.30027173913043476 0.3781855249745158 0.2921195652173913 0.381243628950051 0.2907608695652174 0.38837920489296635 0.2907608695652174 0.4046890927624872
3 0.3967391304347826 0.43527013251783897 0.4021739130434782 0.4393476044852192 0.40353260869565216 0.45565749235474007 0.4171195652173913 0.45871559633027525 0.4334239130434782 0.44954128440366975 0.45652173913043476 0.4026503567787971 0.4415760869565217 0.3893985728848114 0.4334239130434782 0.3893985728848114 0.40489130434782605 0.4057084607543323 0.3980978260869565 0.41692150866462796 0.3967391304347826 0.43527013251783897
3 0.5855978260869565 0.3251783893985729 0.5964673913043479 0.3221202854230377 0.6059782608695652 0.33231396534148827 0.6345108695652174 0.3302752293577982 0.6535326086956521 0.33741080530071355 0.654891304347826 0.345565749235474 0.638586956521739 0.3730886850152905 0.6467391304347826 0.3843017329255861 0.6671195652173914 0.38837920489296635 0.6684782608695652 0.399592252803262 0.6983695652173914 0.41997961264016315 0.6983695652173914 0.43119266055045874 0.7051630434782609 0.43730886850152906 0.7228260869565217 0.436289500509684 0.7404891304347826 0.44342507645259943 0.7608695652173914 0.4413863404689093 0.7595108695652174 0.42201834862385323 0.764945652173913 0.4128440366972478 0.796195652173913 0.41692150866462796 0.8315217391304348 0.3873598369011213 0.8369565217391305 0.3730886850152905 0.8627717391304348 0.3700305810397554 0.8464673913043479 0.3109072375127421 0.8519021739130433 0.30275229357798167 0.8654891304347826 0.29561671763506625 0.8654891304347826 0.28950050968399593 0.8410326086956521 0.2976554536187564 0.826086956521739 0.3109072375127421 0.7866847826086956 0.30479102956167176 0.7744565217391304 0.2925586136595311 0.7527173913043479 0.2864424057084608 0.6508152173913043 0.29867482161060144 0.6467391304347826 0.2945973496432212 0.6100543478260869 0.3058103975535168 0.5991847826086956 0.3037716615698267 0.5842391304347826 0.3109072375127421 0.5855978260869565 0.3251783893985729
3 0.5163043478260869 0.5035677879714577 0.5258152173913043 0.508664627930683 0.5855978260869565 0.5158002038735984 0.595108695652174 0.5158002038735984 0.5991847826086956 0.508664627930683 0.595108695652174 0.5015290519877676 0.563858695652174 0.490316004077472 0.5271739130434783 0.4882772680937819 0.5190217391304348 0.49439347604485223 0.5163043478260869 0.5035677879714577
3 0.3845108695652174 0.48114169215086644 0.40353260869565216 0.4852191641182467 0.41847826086956524 0.5137614678899083 0.46059782608695654 0.4770642201834862 0.43478260869565216 0.45158002038735984 0.40625 0.45871559633027525 0.38858695652173914 0.4750254841997961 0.3845108695652174 0.48114169215086644
0 0.7853260869565217 0.5239551478083588 0.7866847826086956 0.5290519877675841 0.8328804347826086 0.580020387359837 0.8369565217391305 0.5830784913353722 0.8519021739130433 0.582059123343527 0.8586956521739131 0.5769622833843018 0.8586956521739131 0.5698267074413864 0.84375 0.5504587155963303 0.8138586956521738 0.5239551478083588 0.7921195652173914 0.5219164118246687 0.7853260869565217 0.5239551478083588
