0 0.360054347826087 0.6962283384301733 0.3342391304347826 0.6952089704383282 0.3342391304347826 0.7023445463812437 0.36141304347826086 0.7308868501529052 0.375 0.7329255861365953 0.4008152173913043 0.7512742099898063 0.40625 0.7655453618756372 0.43614130434782605 0.7920489296636086 0.4592391304347826 0.8236493374108054 0.47146739130434784 0.8267074413863404 0.4959239130434782 0.8236493374108054 0.5366847826086956 0.8379204892966362 0.5706521739130435 0.8440366972477065 0.623641304347826 0.8226299694189603 0.6277173913043479 0.8134556574923547 0.625 0.7971457696228339 0.6100543478260869 0.763506625891947 0.4633152173913043 0.72579001019368 0.4157608695652174 0.6982670744138634 0.40625 0.6962283384301733 0.3967391304347826 0.7013251783893986 0.3845108695652174 0.7013251783893986 0.3804347826086957 0.6890927624872579 0.375 0.6880733944954128 0.360054347826087 0.6962283384301733
0 0.22690217391304346 0.527013251783894 0.24184782608695649 0.5667686034658512 0.24320652173913043 0.5922528032619776 0.25135869565217395 0.6055045871559633 0.26358695652173914 0.6085626911314985 0.27989130434782605 0.6024464831804281 0.29483695652173914 0.5790010193679919 0.28260869565217395 0.5290519877675841 0.266304347826087 0.5178389398572885 0.2323369565217391 0.5198776758409787 0.22690217391304346 0.527013251783894
0 0.10869565217391304 0.5474006116207951 0.11548913043478262 0.582059123343527 0.1467391304347826 0.6187563710499491 0.1779891304347826 0.6340468909276249 0.18206521739130435 0.6055045871559633 0.15081521739130435 0.5249745158002039 0.11684782608695651 0.5412844036697247 0.10869565217391304 0.5474006116207951
0 0.22282608695652173 0.5107033639143731 0.2622282608695652 0.5158002038735984 0.2758152173913043 0.4964322120285424 0.2622282608695652 0.4597349643221203 0.25815217391304346 0.4566768603465851 0.2554347826086957 0.4597349643221203 0.23369565217391303 0.4597349643221203 0.22690217391304346 0.45565749235474007 0.22010869565217392 0.4678899082568807 0.22282608695652173 0.5107033639143731
0 0.14402173913043478 0.3486238532110092 0.14402173913043478 0.35372069317023447 0.2078804347826087 0.41692150866462796 0.23505434782608697 0.4046890927624872 0.2214673913043478 0.382262996941896 0.2323369565217391 0.37716615698267075 0.24592391304347827 0.3761467889908257 0.26902173913043476 0.3975535168195719 0.27445652173913043 0.3944954128440367 0.3355978260869565 0.3944954128440367 0.34239130434782605 0.4077471967380224 0.3546195652173913 0.40876656472986744 0.3967391304347826 0.3843017329255861 0.40353260869565216 0.36799184505606525 0.39945652173913043 0.35474006116207957 0.3641304347826087 0.32415902140672787 0.36820652173913043 0.31702344546381245 0.3804347826086957 0.3109072375127421 0.37907608695652173 0.30479102956167176 0.36820652173913043 0.29867482161060144 0.27717391304347827 0.3017329255861366 0.19429347826086957 0.3211009174311927 0.1644021739130435 0.33333333333333337 0.14402173913043478 0.3486238532110092
0 0.4483695652173913 0.4740061162079511 0.44972826086956524 0.4841997961264016 0.5285326086956521 0.5474006116207951 0.5285326086956521 0.561671763506626 0.5869565217391304 0.5535168195718654 0.6290760869565217 0.5229357798165137 0.6304347826086956 0.5147808358817534 0.608695652173913 0.47910295616717635 0.5244565217391304 0.4475025484199796 0.5027173913043479 0.4505606523955148 0.46603260869565216 0.44342507645259943 0.4578804347826087 0.44954128440366975 0.4483695652173913 0.4740061162079511
0 0.5842391304347826 0.5667686034658512 0.5842391304347826 0.5881753312945974 0.5978260869565217 0.5932721712538227 0.625 0.5963302752293578 0.6413043478260869 0.5932721712538227 0.6671195652173914 0.5739041794087666 0.6467391304347826 0.5351681957186545 0.6372282608695652 0.528032619775739 0.6100543478260869 0.5412844036697247 0.5896739130434783 0.5586136595310907 0.5842391304347826 0.5667686034658512
0 0.5828804347826086 0.6788990825688074 0.6222826086956521 0.7094801223241591 0.6793478260869565 0.7104994903160041 0.6766304347826086 0.6952089704383282 0.7065217391304348 0.6921508664627931 0.6942934782608695 0.6799184505606524 0.625 0.6574923547400612 0.6100543478260869 0.6636085626911316 0.595108695652174 0.6595310907237513 0.5910326086956521 0.6625891946992865 0.5828804347826086 0.6788990825688074
0 0.6906698369565218 0.6051651376146789 0.6766304347826086 0.6167176350662589 0.6752717391304348 0.6381243628950052 0.657608695652174 0.6411824668705404 0.638586956521739 0.6513761467889909 0.638586956521739 0.6574923547400612 0.6467391304347826 0.6636085626911316 0.671195652173913 0.6687054026503568 0.6929347826086956 0.6442405708460754 0.7228260869565217 0.6248725790010193 0.7459239130434783 0.6207951070336392 0.7717391304347826 0.6258919469928644 0.7921195652173914 0.6136595310907238 0.8097826086956521 0.6146788990825688 0.8179347826086957 0.6055045871559633 0.8179347826086957 0.5922528032619776 0.7880434782608695 0.6024464831804281 0.7567934782608695 0.5973496432212029 0.748641304347826 0.5953109072375128 0.7404891304347826 0.580020387359837 0.720108695652174 0.5708460754332314 0.7092391304347826 0.5718654434250765 0.6906698369565218 0.6051651376146789
0 0.5869565217391304 0.4678899082568807 0.6073369565217391 0.4770642201834862 0.626358695652174 0.4678899082568807 0.639945652173913 0.472986748216106 0.639945652173913 0.4658511722731906 0.6616847826086956 0.4658511722731906 0.6834239130434783 0.4525993883792049 0.65625 0.436289500509684 0.6372282608695652 0.4332313965341489 0.6046195652173914 0.4342507645259939 0.577445652173913 0.44036697247706424 0.5869565217391304 0.4678899082568807
