2 0.6353741496598639 0.725114854517611 0.5986394557823129 0.7419601837672282 0.5809523809523809 0.7450229709035222 0.5755102040816327 0.7503828483920367 0.5823129251700679 0.7549770290964778 0.6122448979591837 0.7595712098009189 0.6489795918367347 0.7496171516079633 0.7333333333333333 0.7082695252679938 0.7619047619047619 0.6707503828483921 0.763265306122449 0.6401225114854519 0.710204081632653 0.6401225114854519 0.6952380952380952 0.6416539050535988 0.6965986394557823 0.6500765696784073 0.6176870748299319 0.6531393568147014 0.6353741496598639 0.725114854517611
2 0.5170068027210883 0.7496171516079633 0.5265306122448979 0.7672281776416539 0.5469387755102041 0.7626339969372129 0.5836734693877551 0.7480857580398163 0.6136054421768707 0.7312404287901991 0.6299319727891156 0.7274119448698315 0.6340136054421769 0.722052067381317 0.6299319727891156 0.6975497702909648 0.6204081632653061 0.6791730474732006 0.616326530612245 0.6562021439509954 0.6054421768707483 0.6385911179173047 0.5918367346938775 0.6362940275650842 0.5687074829931973 0.6431852986217458 0.5306122448979591 0.6845329249617151 0.5183673469387755 0.711332312404288 0.5170068027210883 0.7496171516079633
2 0.6870748299319728 0.7679938744257274 0.6938775510204082 0.7771822358346095 0.7537414965986394 0.7932618683001531 0.7891156462585034 0.7993874425727412 0.8911564625850339 0.7626339969372129 0.9197278911564626 0.7480857580398163 0.9183673469387754 0.7442572741194488 0.8448979591836734 0.7182235834609495 0.7578231292517007 0.6929555895865238 0.746938775510204 0.6960183767228177 0.7346938775510204 0.7098009188361409 0.6952380952380952 0.7297090352220521 0.6884353741496598 0.7388973966309342 0.6870748299319728 0.7679938744257274
2 0.7687074829931972 0.660030627871363 0.7564625850340135 0.6852986217457887 0.7605442176870748 0.6906584992343032 0.8367346938775511 0.7143950995405819 0.9006802721088436 0.7082695252679938 0.9156462585034013 0.7029096477794793 0.9401360544217686 0.6784073506891272 0.9414965986394558 0.6707503828483921 0.9360544217687075 0.6669218989280246 0.8176870748299319 0.6240428790199081 0.7986394557823129 0.6355283307810107 0.7714285714285715 0.6385911179173047 0.7687074829931972 0.660030627871363
2 0.9034013605442176 0.6531393568147014 0.9387755102040816 0.667687595712098 0.9414965986394558 0.6776416539050536 0.926530612244898 0.6952526799387442 0.9346938775510203 0.7090352220520674 0.9986394557823128 0.7075038284839203 0.9986394557823128 0.6071975497702911 0.9496598639455781 0.6056661562021439 0.9210884353741496 0.6079632465543645 0.9047619047619048 0.6393568147013783 0.9034013605442176 0.6531393568147014
2 0.7850340136054421 0.5811638591117918 0.8068027210884354 0.6171516079632465 0.8476190476190476 0.6339969372128638 0.8612244897959183 0.6355283307810107 0.8748299319727891 0.6324655436447167 0.9020408163265305 0.6217457886676876 0.9156462585034013 0.608728943338438 0.9346938775510203 0.6018376722817764 0.9523809523809523 0.5604900459418071 0.8993197278911564 0.5290964777947933 0.780952380952381 0.5551301684532925 0.7850340136054421 0.5811638591117918
2 0.9346938775510203 0.6056661562021439 0.9986394557823128 0.6056661562021439 0.9986394557823128 0.5765696784073506 0.9564625850340136 0.5612557427258806 0.9374149659863946 0.5972434915773354 0.9346938775510203 0.6056661562021439
2 0.6598639455782312 0.6026033690658499 0.6693877551020407 0.6362940275650842 0.7115646258503401 0.6393568147013783 0.8108843537414966 0.6324655436447167 0.8122448979591838 0.6263399693721287 0.7755102040816326 0.5765696784073506 0.7319727891156462 0.5696784073506891 0.6598639455782312 0.5826952526799387 0.6598639455782312 0.6026033690658499
2 0.6054421768707483 0.5926493108728943 0.5619047619047619 0.6240428790199081 0.5061224489795918 0.6332312404287902 0.527891156462585 0.6500765696784073 0.5387755102040817 0.6523736600306279 0.5564625850340136 0.6508422664624809 0.5700680272108843 0.6401225114854519 0.5931972789115646 0.6339969372128638 0.6040816326530611 0.6370597243491577 0.616326530612245 0.6470137825421134 0.6421768707482993 0.6470137825421134 0.6653061224489796 0.6385911179173047 0.6571428571428571 0.5865237366003063 0.6503401360544218 0.5758039816232772 0.6394557823129252 0.5742725880551303 0.6136054421768707 0.5803981623277182 0.6054421768707483 0.5926493108728943
2 0.46530612244897956 0.6110260336906584 0.47482993197278905 0.6294027565084226 0.4870748299319728 0.6370597243491577 0.5591836734693877 0.6248085758039816 0.6081632653061224 0.5903522205206738 0.6136054421768707 0.5811638591117918 0.5768707482993197 0.5436447166921898 0.563265306122449 0.5398162327718223 0.5482993197278911 0.5421133231240429 0.5156462585034014 0.555895865237366 0.4993197278911564 0.5696784073506891 0.46802721088435373 0.5857580398162328 0.46530612244897956 0.6110260336906584
2 0.6965986394557823 0.5497702909647779 0.7020408163265306 0.5612557427258806 0.7306122448979592 0.5551301684532925 0.7374149659863944 0.5581929555895865 0.7387755102040816 0.5673813169984686 0.780952380952381 0.5742725880551303 0.7795918367346938 0.5551301684532925 0.7972789115646258 0.5474732006125574 0.780952380952381 0.5275650842266463 0.727891156462585 0.5245022970903522 0.7047619047619047 0.5283307810107198 0.6979591836734693 0.5352220520673814 0.6965986394557823 0.5497702909647779
2 0.6544217687074829 0.5788667687595712 0.6653061224489796 0.5842266462480857 0.7442176870748299 0.5673813169984686 0.7360544217687075 0.5566615620214395 0.726530612244898 0.555895865237366 0.653061224489796 0.5727411944869831 0.6544217687074829 0.5788667687595712
2 0.5129251700680272 0.5505359877488514 0.5183673469387755 0.5566615620214395 0.5238095238095238 0.5513016845329249 0.5442176870748299 0.546707503828484 0.5482993197278911 0.5428790199081164 0.5727891156462585 0.5413476263399694 0.6122448979591837 0.5765696784073506 0.6775510204081632 0.5673813169984686 0.6911564625850339 0.563552833078101 0.6952380952380952 0.55895865237366 0.6925170068027211 0.5214395099540582 0.6857142857142857 0.5176110260336906 0.6231292517006802 0.5191424196018377 0.5142857142857142 0.5421133231240429 0.5129251700680272 0.5505359877488514
2 0.6612244897959183 0.5160796324655437 0.6925170068027211 0.5206738131699847 0.7020408163265306 0.5321592649310873 0.7428571428571428 0.5222052067381318 0.7183673469387755 0.4938744257274119 0.708843537414966 0.4892802450229709 0.6884353741496598 0.496937212863706 0.6612244897959183 0.5137825421133232 0.6612244897959183 0.5160796324655437
