1 0.5728094084825084 0.555926235074937 0.5888039370501194 0.6340446181471631 0.6695382124839109 0.6223775814809072 0.6741080777889424 0.6203485407122346 0.6866752073777797 0.6112178224222822 0.6931492064701115 0.60005804014304 0.6996231706971379 0.5863619627081116 0.7030505696759117 0.5706368445045105 0.7076204349809434 0.5594770854458857 0.714856066669012 0.5422301576400087 0.7179026319172647 0.5178815755334691 0.7179026319172647 0.5021564573298681 0.713332766612233 0.4752715568470249 0.7080012687114643 0.45853190664877896 0.7026697359453905 0.4417922564505331 0.6954341391226272 0.4286034450129271 0.6855327410515217 0.415414633575321 0.6733464451932056 0.40577664928804624 0.6596368492781106 0.40171855614039254 0.6451656207672787 0.396645930998094 0.6310751911216624 0.3996895037614113 0.6192696941285621 0.40324034252205126 0.606702564539725 0.4113565288173587 0.5956587350076669 0.42048724710731095 0.5849957043408246 0.43012523139458575 0.5693820095037347 0.4321542837735669 0.5568148799148975 0.44432857482683674 0.552245014609866 0.4625900114067415 0.5728094084825084 0.555926235074937
1 0.4150069177006688 0.3210092135064589 0.39596578901949986 0.36006840504257187 0.3814945605086679 0.3899968550681151 0.37806716152989417 0.4042002101106748 0.37768632779937306 0.41941807392726205 0.3807329279129311 0.43311415136219045 0.3754013951468572 0.44427391042081527 0.37654386147311514 0.4594917742374025 0.38111372677814687 0.474202383666976 0.3921575911755103 0.5021017929238466 0.4134836176438898 0.5350738389333247 0.43214391259453766 0.5492771939758844 0.45575487171543283 0.556886125884178 0.47365349920503863 0.5543497842872569 0.4854589961981389 0.5487699163682532 0.48964802777264954 0.5401464524653148 0.4888863951769126 0.5300012021807174 0.5033576236877446 0.5365956253149835 0.5155439544113659 0.5264503750303862 0.5284918828654189 0.5071744064558366 0.5402973798585192 0.4838403563439419 0.5524836757168352 0.4463029511894877 0.5604809400006407 0.4214471146959345 0.5601001411354251 0.402678423729016 0.5022151573614867 0.36209744581124437 0.43290554519027447 0.30122599054489557 0.4150069177006688 0.3210092135064589
1 0.2646163723069811 0.6823304072193153 0.29889036209471875 0.7153024532287933 0.32059722229361926 0.7396510353353329 0.35449041321614116 0.7812465220271323 0.36667670907445726 0.777695694876801 0.386098636620842 0.7442163944803091 0.40513973043670565 0.7076935213204998 0.4207534601391008 0.6787795800689842 0.42532332544413254 0.6635617162523969 0.42684659063560615 0.6432712389038198 0.42037262640857975 0.6270388430925876 0.42418085911787456 0.6214589519529665 0.4245616579830903 0.6021830065990342 0.42341919165683234 0.5874723971694609 0.4177068600255427 0.5717472673555511 0.40856712941547935 0.5560221375416414 0.39485753350038433 0.5362389145800781 0.3819096050463314 0.5260936759057896 0.3693424754574942 0.5179774780001736 0.35334794688988336 0.5139193848525199 0.338876683513746 0.5144266508498423 0.3270712213859511 0.5200065303791547 0.3186931233716246 0.5266009419031121 0.312980791740335 0.5357316601930645 0.3183122896411035 0.5463841648646754 0.30993422649208224 0.542326060106713 0.29889036209471875 0.545876898867353 0.2935588641939503 0.5529785647783241 0.28251503466189215 0.5661673878262389 0.27337530405182875 0.5818925060298398 0.26690130495949693 0.5925450107014509 0.252430076448665 0.6148645520393179 0.24367116213647008 0.6321114566245776 0.23872048053356992 0.6549382523494585 0.24481362846272797 0.6666052890157144 0.2646163723069811 0.6823304072193153
1 0.5575602216500904 0.6539573094387773 0.5446122931960374 0.6630880277287295 0.5392807604299636 0.6772913595506719 0.5408040604867427 0.6980891145068802 0.5457547595222955 0.7183795918554573 0.548420491040027 0.7381628148170207 0.5613684543593853 0.7858454470354548 0.5724122838914434 0.8035996292283457 0.581171215636291 0.8101940291419943 0.5884068124590544 0.8101940291419943 0.5948808115513861 0.8096867747549805 0.5906917451115701 0.8203392794265916 0.5925958788988702 0.8345426112485338 0.6009739420478915 0.8462096711354073 0.6101136726579549 0.8553403894253595 0.6276315012823448 0.8614275349519944 0.6440068635804768 0.8588911933550734 0.6554315268430561 0.8543258342100973 0.6679986564318933 0.8467169023018037 0.6809465848859461 0.8365716752378238 0.6919904492833095 0.8269336793402402 0.7011301798933729 0.8127303475182981 0.7136973094822102 0.7970052293146971 0.7194096411134997 0.7807728335034649 0.7232178389574893 0.7685985424501951 0.7213137400354944 0.7630186513105741 0.7194096411134997 0.7620041425365465 0.7266452379362629 0.7554097194022804 0.7304534706455579 0.7457717467253144 0.730834304376079 0.7285248421400546 0.7239795064185315 0.7021471960442253 0.7167438747304626 0.6843930370719518 0.6942753819358254 0.6042456132310533 0.683612351268983 0.6169271586713367 0.6611438584743456 0.6235215701952942 0.6352479318356291 0.6270724089559341 0.6234424697078341 0.6296087157219291 0.5575602216500904 0.6539573094387773
1 0.7922863463926504 0.9746246393591667 0.8326535015421987 0.9599140531502108 0.8695932577129734 0.950276057252627 0.8779713208619946 0.9462179757152823 0.8867302526068421 0.9375945118123438 0.8855877862805844 0.9178112888507803 0.874924755613742 0.848823647289124 0.8673083250604575 0.8224460011932946 0.86045352710291 0.8087499237583662 0.8532178954148414 0.7955611239310688 0.8448397974005148 0.788459446409789 0.8349384341947147 0.7889667007968029 0.8383658331734883 0.7737488369802156 0.8360809005209726 0.7636035983059271 0.829226102563425 0.7549801460132971 0.8200863719533616 0.7468639481076811 0.8025685433289718 0.7402695365837236 0.7839082832436294 0.7382404958150512 0.7663904546192393 0.7473712141050035 0.7443027606898177 0.7605600255426096 0.7313548322357647 0.776792409743533 0.7149794699376326 0.7879521920227752 0.7069822056538273 0.8148370692850012 0.7066013719233062 0.8254895739566122 0.6986041076395008 0.8330985058649057 0.6951767086607269 0.8523744744394554 0.7054589055970484 0.9020861706471794 0.7134561698808537 0.9477397620969411 0.7142178373418959 0.9670157074508732 0.726784966930733 0.9984659902993098 0.7347822312145386 0.9979587126916787 0.7922863463926504 0.9746246393591667
1 0.8642299577688389 0.7406109029239564 0.877558754818718 0.7380746077682702 0.8847943516414813 0.7299583982523454 0.889364216946513 0.720827679962393 0.893553283386329 0.7213349575700241 0.903073812861608 0.7182913848067067 0.9110710771454136 0.7106824528984131 0.9205916414859981 0.7000299482268021 0.9274464394435455 0.6903919523292187 0.9327779373443141 0.6777103836683177 0.9362053363230878 0.6619852654647167 0.9388711027061248 0.6493037200244332 0.9403944027629038 0.6406802561214946 0.9434409680111564 0.6193752467782725 0.9434409680111564 0.6041573829616853 0.9411560353586408 0.5782870144734871 0.9377286363798669 0.5645909370385584 0.9316354710180562 0.5514021139906438 0.923257407869035 0.5427786733083227 0.9167834087767032 0.5382133141633465 0.9091669782234189 0.541256886926664 0.9080245118971609 0.5270535318841043 0.8977423149608397 0.5169083048201244 0.8429039313004593 0.502197695390551 0.836429967073433 0.5042267361592235 0.8147231068745324 0.49509601786927115 0.8071066414559425 0.49560328386659364 0.7960628119238844 0.49966137701424734 0.7933970455408474 0.511835668067517 0.7888271802358158 0.5300971046474217 0.7865422475832999 0.5564747507432511 0.7796874496257524 0.604664637348699 0.7699381344558389 0.6953870679206301 0.8642299577688389 0.7406109029239564
1 0.8870605498043715 0.47823073543964256 0.8916304151094033 0.48533241296092233 0.8984852130669507 0.49091230410054354 0.9049592121592827 0.4909123041005435 0.9144797416345618 0.4898977721058985 0.9247619385708831 0.4858396673479361 0.9476112650960415 0.4696072947573214 0.9685564926992052 0.45794025809106537 0.9994030835081691 0.43359167598452586 0.9997839172386904 0.3899671253034367 0.990263352898106 0.37525653909448065 0.9868359539193321 0.361053184051921 0.9822660886143005 0.35344425214362746 0.9696989590254631 0.32199401573642544 0.9647482599899104 0.31438508382813185 0.9479920988265628 0.2732968399130377 0.9415181345995363 0.25554266933045555 0.9384715344859783 0.24336837827718583 0.9228578396488883 0.24793373742216196 0.9000085131237299 0.2575717100991281 0.8851564508823768 0.26720969438640285 0.8684002897190292 0.2727895739157153 0.8485975284421234 0.28496386496898507 0.8326029998745126 0.30373257915652085 0.8276523008389596 0.312356019838842 0.8272715019737438 0.31996495174713563 0.8188934039594173 0.324023056505098 0.8074687406968382 0.335690093171354 0.800994759037159 0.3534442521436275 0.8029233116826224 0.38032915262647066 0.8082548095833909 0.39909784359338907 0.8177753739239753 0.42091013054424237 0.8276767371297756 0.43257714398988084 0.8360548351441024 0.4447514350431507 0.8486219647329394 0.460476576467369 0.8627123943785554 0.47417265390229757 0.8745178565063505 0.4807670538159462 0.8809674193078662 0.47975252182130124 0.8870605498043715 0.47823073543964256
1 0.7617709021895483 0.22545212091556457 0.7910941929417332 0.2386409439634792 0.8086120215661232 0.24929347185570777 0.8249873838642554 0.25385883100068385 0.8409819124318663 0.2543660621670802 0.8531682082901823 0.2492934718557077 0.8592613736519927 0.2421917711138105 0.8623079389002456 0.24777168547404899 0.8725901358365669 0.2533515533930527 0.8885846644041777 0.24980070302210405 0.9007709602624938 0.239148198350493 0.9121956235250732 0.22088676177058839 0.9205737215393996 0.19704545727168002 0.9247627531139102 0.17574044792845794 0.9285709858232052 0.14530472029528357 0.9270476857664262 0.11436171505447797 0.9232394879224367 0.09356398331888707 0.9152422236386313 0.08291147864727598 0.9030558929150099 0.08240420103964484 0.9076257582200414 0.07022990998637506 0.9045791929717888 0.057041110159077715 0.899628493936236 0.04943217825078411 0.8901079644609569 0.03877966196886438 0.8813490327161093 0.03319978243955198 0.8501216430419296 0.01798191862296477 0.829557249169287 0.008851200333012461 0.8124202368427655 0.007329413951353723 0.8028996899348335 0.01088024110168495 0.79947229095606 0.021532745773295996 0.7960448919772862 0.02964894367891207 0.788428443991349 0.055519323777419013 0.7720530991258697 0.10979635590950179 0.7701489827712222 0.12552149733372014 0.7606284358632905 0.1442901883006386 0.7476804725439322 0.18740746137409653 0.7495845888985797 0.2076979619432911 0.7522362191073019 0.21724501033434024 0.7617709021895483 0.22545212091556457
1 0.5771572933799757 0.1539636448902853 0.5695408453940386 0.1651234271695275 0.56420934749327 0.18135579976014224 0.5634476974648805 0.20012451394767808 0.566494280145786 0.2173714185329378 0.5748723607274598 0.23411106873118373 0.5843929076353915 0.24983618693478465 0.5984833372810077 0.2675903691276756 0.6160011659053977 0.2782428737992866 0.6312340270119663 0.2848372737129352 0.6426586902745456 0.286359060094594 0.6491326893668774 0.28179370094961775 0.654464187267646 0.28686633770222514 0.6704587158352568 0.28838812408388387 0.684549145480873 0.2858518057075802 0.6925464097646785 0.2762138330306142 0.7359601301624796 0.23258928234952503 0.7447190270420219 0.22345856405957268 0.7511929912690484 0.2097624866246442 0.7470039596945377 0.18997926366308077 0.7249162657651161 0.14838377697128155 0.7127299699068 0.1346876995363531 0.7043518718924735 0.1286005540097182 0.6925464097646785 0.10374469429554752 0.6841683117503519 0.09664302838457636 0.66779294945222 0.06772908713306068 0.6628422852819724 0.06265646199076204 0.6506559545583511 0.06519278036706574 0.6335189596644822 0.07939611218900797 0.6255216953806768 0.09004861686061903 0.611431300600366 0.10070112153223007 0.5942943057064972 0.12099162210142463 0.5847737413659126 0.13722399469203933 0.5821079749828757 0.15294913611625774 0.5771572933799757 0.1539636448902853
1 0.4393916200389346 0.07412419913490152 0.42853936363509815 0.08817806422274761 0.42401759013349966 0.10705040758155568 0.4216059729995279 0.11066425939190187 0.416782752530942 0.1331504545610561 0.4038203259601212 0.17209974016778679 0.40171016959249445 0.18494899717601793 0.4050261414267859 0.1921767007967103 0.40864356022806475 0.20060902168751799 0.40894500719505206 0.2110490257745175 0.4050261414267859 0.22389828278274865 0.4095479149283844 0.23554292252086437 0.4161798447976097 0.24638447795190294 0.4249219448338194 0.26003680088621034 0.4399945139729094 0.2680675888139799 0.45054533720911605 0.2740906751645569 0.4752643472853778 0.2769014426678259 0.4885282346225437 0.27730297563086403 0.5066153286289378 0.2744922081275951 0.5189748336670686 0.26927220608409536 0.5244009618689869 0.2652568029297101 0.5292241961369304 0.25722603338294137 0.5292241961369304 0.2487937124921337 0.5346503243388486 0.2544152474986716 0.5442967652760202 0.24999832976224906 0.5503257874119133 0.2403613916013259 0.566905632784013 0.1644705035840563 0.5711259455192665 0.14118122410782485 0.5702215908189467 0.12793043413655553 0.5500243542442835 0.11628580358894022 0.5337459696385289 0.11227040962505545 0.5096298258975266 0.1026334714641323 0.4840064611209451 0.0933980754567478 0.4442148543068781 0.0793442103689017 0.4393916200389346 0.07412419913490152
1 0.2815753107973261 0.3979200585441452 0.3537609038031733 0.44618197973404977 0.3601712259508507 0.44098455461705843 0.37689376108989847 0.4068299495952945 0.3810743948746604 0.39086640046007476 0.3950098323183457 0.35968178178105203 0.40142012894945944 0.344831969027226 0.4022562557064119 0.3236709777807463 0.39723949516469753 0.30733617185554973 0.4016988463739648 0.29805504100869196 0.40142012894945944 0.27912152252499955 0.39528854974285105 0.263529204688354 0.3880421008382212 0.24756564705599998 0.37633632624088775 0.24014074067908697 0.3557118747415834 0.230117113246544 0.33397257906082134 0.2215784704882373 0.30638039608139245 0.22009348581400096 0.2846411004006304 0.22529091942812665 0.2829688468867256 0.23494330706496128 0.2835262562191726 0.237542019623457 0.27627983283110646 0.23494330706496128 0.26624631174767777 0.23828451620914232 0.25983601511656407 0.24422443791181897 0.25147474754704013 0.25721803469283466 0.24339217188545798 0.28097773849781005 0.23809670667752014 0.29842628080440037 0.2339160728927582 0.3065936752698645 0.2266696367464102 0.3240422175764547 0.2230464250523771 0.33592207797607665 0.21942321335834403 0.35745430901826475 0.2815753107973261 0.3979200585441452
1 0.05267121662861326 0.6250780963425739 0.058245386502774645 0.6414128852735019 0.06409827380144137 0.6506940331146281 0.07162341461401286 0.6603464037571942 0.08026339960804209 0.66777133562551 0.08778854042061358 0.6748249767153119 0.0953136812331851 0.681507395003674 0.1056259197411191 0.6870760769106423 0.11761038624639424 0.6904172860548232 0.13098841435763248 0.6933872723975645 0.14659613083178613 0.691159799634777 0.15021932976753744 0.6833636449650214 0.15328514488740524 0.6807649154122571 0.16359735787877563 0.6852198609378318 0.17669669408207214 0.681136172202234 0.18923859543635801 0.6763099698866825 0.19676373624892946 0.6688850720069037 0.20651853990785277 0.6603464037571942 0.2132075539634719 0.6503227763246512 0.22184753895750114 0.6391854125107146 0.23327459613032922 0.6221081269941011 0.24943972193692998 0.5935222208735742 0.2552926092355967 0.580528641086827 0.2558500185680438 0.5682775408914968 0.24470165330315732 0.5575114168732684 0.22212623086544286 0.5326379766868994 0.1886811605873473 0.500339621626483 0.17251606029731023 0.4810348463528139 0.1510554565244898 0.45950261531062575 0.1413006528655665 0.4487364912923975 0.1254142444834711 0.44465279405966535 0.11538072340004243 0.45022147596663364 0.10980655352588105 0.4554189095807593 0.10228141271330952 0.46321506425051506 0.07886985076036084 0.49588467610090836 0.05936023068423237 0.5292967675427184 0.05685185041337519 0.535236689245395 0.0540647527180127 0.5456315564736464 0.0576879771703276 0.5545414475247957 0.06326214704448899 0.5601101294317641 0.05573700623191748 0.5619663623988431 0.052113794537884395 0.5690200204829134 0.04793316075312244 0.5857260662038185 0.04709703399617004 0.6050308414774878 0.04932670960080371 0.6131982359429518 0.05267121662861326 0.6250780963425739
1 0.22645714667219302 0.9058518894997298 0.2716302588529207 0.8841574051409429 0.3149595705364758 0.8620536163434656 0.32018369070124 0.8575510051912776 0.3171106804945648 0.8448617806120943 0.31680337103364836 0.8243953219950615 0.3112719695421307 0.7965609150412558 0.3091208877182047 0.7920582851514538 0.30789167800870193 0.7826437209331599 0.29959457577142545 0.7674985198209234 0.29652156556475023 0.7478507075564992 0.2931412740313215 0.7347521785386256 0.28760987253980386 0.7241096073161911 0.2799273610901972 0.7187883217049738 0.2728594685624234 0.7163323451719208 0.27070835860433445 0.7036431299615444 0.26579157603464953 0.6913632472962792 0.2541141541297814 0.6827673294305936 0.2405929598619036 0.681130017987763 0.23075936658837087 0.6844046502422313 0.21324326186523163 0.6913632472962792 0.18097675316471182 0.7163323451719209 0.1573146280282221 0.7384361433382052 0.14041312815983414 0.7589026019552378 0.12535542878861872 0.7842810323759906 0.12381892368528111 0.7981982264840866 0.12781382007346115 0.801882191283666 0.12351162829144616 0.8059754979971638 0.11736562194517715 0.8153900622154578 0.11613642630275593 0.8239859800811435 0.12043861808477094 0.8411778158125148 0.12873572032204744 0.8673749113234898 0.13764742741407526 0.898483959900571 0.1397985233050828 0.9181317721649952 0.14379343376034429 0.9275463363832893 0.1459445296513518 0.9328676313633135 0.1514759452099509 0.9422821955816074 0.15854383773772476 0.9410542073150807 0.22645714667219302 0.9058518894997298
1 0.424717968443029 0.7071150813691971 0.42010846720009765 0.7218509499363222 0.42103036744868394 0.7324935024211429 0.3958317653430195 0.8511990410979109 0.3878419584995779 0.8884480122700108 0.3909149546391717 0.9015465787631122 0.4406975680628308 0.9179197306666476 0.45606259096204405 0.9203757071997003 0.48863638098931733 0.9342929200454103 0.5043086852152839 0.9269249904462511 0.5101473961677181 0.9101424966287979 0.5178299076173246 0.9199664027610103 0.5347313934186312 0.9044118597348557 0.5504036976445981 0.8818987664986881 0.566383311331481 0.843831111498752 0.5740658227810876 0.8000328570801015 0.5611592193008799 0.7832503632626484 0.5556278178093621 0.7660585275312771 0.5507110071055143 0.7488666917999057 0.5488672066083418 0.7365868091346405 0.5445650148263268 0.7300375258880898 0.535346012340464 0.7345401557778917 0.5313511018852025 0.7382241205774712 0.5310437924242861 0.723488261379153 0.5273561914299411 0.7153016666897716 0.518751807865911 0.7050684373812552 0.4932458822322487 0.6915605664494635 0.4649742839869904 0.6850112925717198 0.4416194683114171 0.6800993395056137 0.431171270183133 0.6833739717600821 0.42932746968596047 0.6903325781829369 0.424717968443029 0.7071150813691971
1 0.0549845639792529 0.2837426889016217 0.059015748212864136 0.3057093457274906 0.06854405065818828 0.35403599074440223 0.07697290261993614 0.42530559589465644 0.08063763691056405 0.4531300278740904 0.085401754581684 0.45996410633512924 0.10225949205672184 0.46240483108535546 0.10958892708643557 0.45654705593179046 0.1227819302708455 0.4492248369898341 0.1367079004443063 0.4443433651437429 0.14403733547402 0.4516655840856991 0.1762869099975361 0.43995003377856906 0.18874694619289517 0.42628189920213033 0.196076414774151 0.41163746131821766 0.21220118526013798 0.36916859145487113 0.21476650261873176 0.3271878620724421 0.21366708568669757 0.3032686209772644 0.2107352848335784 0.2891123235742693 0.2078035175320013 0.27739677326713924 0.20120701593979642 0.2681219588830547 0.19497699784211683 0.2617760320757528 0.18838049624991188 0.25396567265287906 0.17921867729911317 0.24810789749931397 0.17078982533736528 0.2442027066150577 0.16419332374516032 0.24713159419184016 0.15832975559046408 0.24859603798023144 0.15429857135685285 0.24322641448040327 0.14880148669668206 0.23883308311522952 0.1422049851044771 0.2378567909805752 0.13157726572711875 0.24225012234574894 0.10519125935829891 0.2549419647875334 0.08576823807620944 0.25933529615270723 0.06341341594100078 0.2690982510177091 0.05828281477535542 0.27593232947874796 0.0549845639792529 0.2837426889016217
