1 0.5455214615723327 0.6714751935255776 0.5467726575851134 0.6522901879962755 0.5330095014445269 0.5797208192550017 0.5154927572655988 0.5330095014445269 0.5004784051122317 0.5046490584881671 0.48859204299081627 0.5013125357874187 0.48171046492052316 0.5088197118641022 0.48358725893969395 0.4946394903859225 0.47733127887579113 0.4846299222836777 0.44542578054988635 0.47128383148068487 0.39788033206422424 0.47211796215587204 0.36097004968719726 0.48462992228367774 0.334694933418805 0.502146666462606 0.3146757972143158 0.5396825468460233 0.3165525912334866 0.5605358137256997 0.3127990031951448 0.5722136431783185 0.3052918271184614 0.6022423474850523 0.3196805812654381 0.675645846901513 0.3371973254443662 0.7156841193104915 0.33969971746992733 0.7348691248397937 0.3640980397191487 0.7448786929420385 0.5455214615723327 0.6714751935255776
1 0.494222425048329 0.2802679068628498 0.4785824748885717 0.3570079289800587 0.48358725893969395 0.38286597991085736 0.4910944350163774 0.39037315598754074 0.49359682704193864 0.4087240308416559 0.5154927572655988 0.42540664434539704 0.5311327074253561 0.4437575191995122 0.5499006476170647 0.45460121797694386 0.5761757638854569 0.4571036100025051 0.6149628402816548 0.4587718713528791 0.6343563784797539 0.4462599112250733 0.6474939366139499 0.4312455590717065 0.6550011126906334 0.4087240308416559 0.6656362787992683 0.377027065184548 0.6631338867737071 0.26692181605985693 0.6537499166778529 0.25774637863279937 0.5111135712208668 0.2302200663516266 0.5017296011250124 0.23355658905237484 0.494222425048329 0.2802679068628498
1 0.22521528230050433 0.26108290133354756 0.21082652815352762 0.26859007741023105 0.18767940191708693 0.29611638969140375 0.17078825574454912 0.3486666222281881 0.17391624577650053 0.40038272408978537 0.18517700989152577 0.4354162124476416 0.1958121760001607 0.45126469527619567 0.21395451818547911 0.46127426337844035 0.22021049824938205 0.45126469527619567 0.23084566435801696 0.46878143945512385 0.2414808304666519 0.47795687688218147 0.3578420596552458 0.4679473087799367 0.3666004317447099 0.45209882595138273 0.37223081380222245 0.43207968974689354 0.364723637725539 0.4137288148927783 0.36159564769358754 0.24022963445387124 0.35471406962329427 0.23522485040274893 0.26400235869670224 0.22771767432606546 0.2295944683452363 0.23689311175312305 0.2195849002429917 0.2627511626839217 0.22521528230050433 0.26108290133354756
1 0.09884448500966574 0.5413508081963972 0.07507176076683475 0.5555310296745773 0.0556782225687358 0.5847256033061241 0.04691985047927174 0.6306027904414121 0.047545448485662035 0.6964991137811893 0.05505262456234551 0.7273619487631101 0.066938986683761 0.7732391358983981 0.08257893684351825 0.7882534880517651 0.09133730893298232 0.7874193573765781 0.09634209298410465 0.7807463119750817 0.10322367105439782 0.7999313175043838 0.11198204314386193 0.8099408856066284 0.13137558134196087 0.8107750162818155 0.14638993349532783 0.8116091469570026 0.17078825574454912 0.8132774083073766 0.20707294011518593 0.8074384935810673 0.24335762448582274 0.8049361015555061 0.26400235869670236 0.8007654481795707 0.2777655148372887 0.5296729787437787 0.2702583387606052 0.5238340640174692 0.2552439866072383 0.5229999333422821 0.2508648005625062 0.5179951492911598 0.1789210298276229 0.5104879732144765 0.15076911954005986 0.5079855811889151 0.12637079729083855 0.5196634106415339 0.11323323915664248 0.5330095014445267 0.10947965111830074 0.5421849388715845 0.09884448500966574 0.5413508081963972
1 0.196437774006551 0.9333922255343122 0.20582174410240534 0.9392311402606216 0.21708250821743058 0.9467383163373052 0.23459925239635876 0.9450700549869309 0.23522485040274904 0.9609185378154852 0.2289688703388461 0.9826059353703483 0.2364760464155295 0.9959520261733413 0.2577463786327994 1 0.30716862113763227 1 0.3428277075018789 0.9851083273959095 0.37160521579583217 0.9442359243117439 0.3859939699428088 0.9208802654065066 0.39537794003866317 0.8825102543479018 0.39162435200032136 0.8750030782712186 0.4003827240897855 0.8716665555704705 0.40788990016646903 0.8591545954426645 0.39725473405783396 0.7974289254788226 0.3809891858916864 0.739039778215729 0.3647236377255389 0.7440445622668511 0.33907411946353705 0.7323667328142324 0.3284389533549021 0.6998356364819374 0.26650475072226343 0.725693687412736 0.26275116268392174 0.8032678402051319 0.17203945175732974 0.8141115389825637 0.196437774006551 0.9333922255343122
1 0.6593802987353655 0.9951178954981541 0.6681386708248296 0.9358946175598734 0.6637594847800975 0.8249552377599952 0.658754700728975 0.8066043629058802 0.6487451326267304 0.7932582721028875 0.6406123585436567 0.7924241414277003 0.6487451326267304 0.7824145733254556 0.6331051824669733 0.7523858690187218 0.6143372422752644 0.739039778215729 0.5868109299940919 0.724025426062362 0.5436446675531619 0.709011073908995 0.5129903652400376 0.7065086818834339 0.48233606292691344 0.7273619487631102 0.468572906786327 0.7532199996939088 0.46982410279910763 0.7657319598217147 0.45543534865213103 0.7815804426502685 0.44605137855627663 0.8074384935810672 0.44417458453710584 0.8624911181434127 0.4429233885243252 0.9333922255343122 0.4504305646010085 0.9801035433447872 0.5455214615723327 0.9842741967207222 0.6512475246522917 1 0.6593802987353655 0.9951178954981541
1 0.9947008301605607 0.15933564157432417 0.9940752321541705 0.13597998266908667 0.988444850096658 0.12013149984053266 0.9784352819944132 0.11012193173828806 0.9753072919624618 0.09594171026010813 0.9183778733809452 0.06341061392781307 0.8795907969847475 0.05423517650075541 0.8558180727419163 0.06339393131421603 0.84205491660133 0.0867495902194535 0.8408037205885496 0.10176394237282045 0.8289173584671339 0.12345133992768384 0.8270405644479629 0.15681656693516596 0.837675730556598 0.20185962339526684 0.855192474735526 0.20854935141036018 0.9984544181989025 0.2535924078704611 1 0.21939305018779195 0.9947008301605607 0.15933564157432417
1 0.8301685544799146 0.20604695938479906 0.8157798003329377 0.22773435693966237 0.8026422421987418 0.2861235042027561 0.8045190362179125 0.29613307230500074 0.8026422421987418 0.30781090175761955 0.8013910461859612 0.33783960606435337 0.811400614288206 0.3570246115936556 0.8107750162818155 0.36620004902071324 0.8270405644479629 0.3903898386011378 0.8601972587866484 0.4187502815574976 0.9096195012914814 0.44711072451385736 0.924008255438458 0.4512813778897926 0.9440273916429472 0.44460833248829623 0.9652977238602171 0.43376463371086443 0.9784352819944132 0.41040897480562705 0.9928240361413898 0.37537548644777086 0.9959520261733414 0.34367852079066274 0.9984544181989026 0.2911282882538785 0.9928240361413898 0.2627678452975187 0.9859424580710968 0.2494217544945258 0.9271362454704095 0.23941218639228118 0.8364245345438176 0.20437869803442502 0.8301685544799146 0.20604695938479906
1 0.7244424913999555 0.5221658026670951 0.7281960794382975 0.5455214615723326 0.7244424913999555 0.5555310296745773 0.7081769432338081 0.6331051824669731 0.7281960794382972 0.6664704094744553 0.7394568435533225 0.6848212843285705 0.8201589863776698 0.722357164711988 0.8752116109400154 0.7348691248397936 0.8971075411636755 0.709011073908995 0.8952307471445046 0.692328460405254 0.90711710926592 0.6906601990548797 0.917752275374555 0.6748117162263259 0.917752275374555 0.6197590916639804 0.9102450992978716 0.5321753707693399 0.7369544515277614 0.4946394903859225 0.7244424913999555 0.5221658026670951
1 0.8145048596489124 0.9097067263611229 0.8230994726159869 0.9185217140196611 0.8330163337318423 0.9202847115513686 0.8343385818806229 0.9343886918050293 0.8502055596659913 0.9537816646538131 0.8713615300464825 0.9643067599180577 0.9037566096916099 0.9766477426400112 0.930862696741614 0.98105523646928 0.96061328008918 0.9784107401717186 0.971852389353816 0.9722402488107418 0.9830914986184519 0.9660697574497654 0.9883804912135747 0.9563732710253736 0.9758191338001581 0.869986391971701 0.9744968856513774 0.8197409623180343 0.9837526226928425 0.7668510363668064 0.9705301412050353 0.7192501030107011 0.8826006393111185 0.7263020931375314 0.8753282744928248 0.7333540832643619 0.8244217207647677 0.7342355820302158 0.8264050929879388 0.7606805450058296 0.8065713707562283 0.7924145005765666 0.7992990059379343 0.8039268744586667 0.8145048596489124 0.9097067263611229
1 0.6644296947623027 0.37728147178542704 0.661124074390351 0.40108193846347967 0.6644296947623027 0.45485336318056147 0.6750076799525485 0.4804168273903217 0.6697186873574257 0.49540230640983635 0.672363183654987 0.5394772447025264 0.7054193873745047 0.545647736063503 0.721286365159873 0.536832748404965 0.7252531096062151 0.5183212743220352 0.7351699707220704 0.4918763113464212 0.8297107133598904 0.5068617903659358 0.8422720707733072 0.4865873187512982 0.845577691145259 0.46278685207324577 0.841610946698917 0.42840840020494736 0.8336774578062327 0.3940299483366491 0.8105381152025704 0.3737554767220117 0.8105381152025704 0.35524400263908196 0.7979767577891537 0.3323250347268831 0.7867376485245178 0.3270360421317602 0.7768207874086623 0.33320653349273677 0.7768207874086624 0.3243915458341989 0.7688872985159783 0.3120505631122456 0.7550036929537808 0.30588007175126897 0.6829411688452325 0.3129320618780996 0.6664130669854739 0.3208655507707837 0.6644296947623027 0.37728147178542704
1 0.7728540429623203 0.24946415073662584 0.7840931522269563 0.22478218529271934 0.7669039262928072 0.18423324206344452 0.7338477225732897 0.1251728247512398 0.721286365159873 0.11547633832684792 0.7113695040440178 0.10754284943416378 0.6981470225562105 0.11547633832684798 0.6981470225562105 0.10666135066830999 0.6902135336635264 0.09608336547806431 0.6710409355062064 0.09343886918050295 0.6194732577037589 0.10401685437074855 0.5956727910257062 0.1269358222829474 0.5831114336122896 0.1436842988341696 0.5824503095378992 0.17806275070246785 0.5864170539842413 0.2230191877610117 0.5923671706537545 0.2424121606097953 0.6644296947623027 0.2626866322244327 0.6644296947623027 0.3226285483024913 0.6875690373659651 0.3111690643463919 0.7728540429623203 0.24946415073662584
1 0.0487640073323955 0.33392307901689755 0.0903037172822139 0.33472577872607273 0.1252211546313366 0.32107988367009377 0.1324454520139137 0.30502588948658915 0.14508797243342367 0.3082366883232901 0.15833251763481498 0.2994069915223625 0.1673628893630364 0.25606120722689973 0.17037301327244353 0.22876941711494186 0.1836175584738349 0.19585872903875715 0.1914438806382934 0.17498853660020103 0.18301553369195345 0.15973724212587156 0.029499214312189843 0.1003374636469043 0.016254669110798474 0.11558875812123375 1.7763568394002505e-17 0.16294804096257257 0.0018060743456442731 0.3162636854150423 0.0487640073323955 0.33392307901689755
