1 0.0523989898989899 0.05113636363636363 0.05997474747474746 0.08285984848484848 0.06755050505050504 0.11221590909090909 0.07449494949494948 0.14062499999999997 0.08270202020202018 0.17187499999999997 0.09090909090909088 0.20217803030303028 0.09595959595959595 0.2305871212121212 0.10164141414141412 0.24715909090909088 0.10606060606060605 0.25994318181818177 0.13257575757575757 0.2594696969696969 0.16729797979797978 0.26041666666666663 0.1957070707070707 0.2623106060606061 0.24179292929292923 0.26325757575757575 0.27525252525252525 0.2637310606060606 0.3125 0.2608901515151515 0.33459595959595956 0.25142045454545453 0.3409090909090909 0.23958333333333331 0.34406565656565646 0.23153409090909088 0.3585858585858585 0.23200757575757575 0.3813131313131312 0.2258522727272727 0.3983585858585858 0.2121212121212121 0.409090909090909 0.203125 0.4172979797979798 0.18702651515151514 0.42234848484848475 0.16477272727272724 0.4204545454545454 0.14488636363636362 0.41792929292929293 0.12594696969696967 0.4141414141414141 0.10606060606060605 0.4046717171717171 0.08522727272727272 0.394570707070707 0.06865530303030302 0.3806818181818182 0.04876893939393939 0.36616161616161613 0.03835227272727272 0.35101010101010094 0.030303030303030297 0.3358585858585858 0.022727272727272728 0.3219696969696969 0.020833333333333325 0.31313131313131304 0.02178030303030303 0.31060606060606055 0.027462121212121215 0.30366161616161613 0.019886363636363626 0.2941919191919191 0.01420454545454546 0.2821969696969696 0.009943181818181813 0.27209595959595956 0.009469696969696972 0.25189393939393934 0.0042613636363636465 0.23295454545454541 0.0042613636363636465 0.21401515151515146 0.005681818181818188 0.19949494949494948 0.006628787878787889 0.18055555555555552 0.00852272727272727 0.15972222222222218 0.009943181818181813 0.13762626262626262 0.011363636363636376 0.12626262626262624 0.011363636363636376 0.1073232323232323 0.012310606060606055 0.08648989898989896 0.018939393939393943 0.06439393939393938 0.022253787878787866 0.04734848484848483 0.026515151515151512 0.05050505050505052 0.03125 0.0523989898989899 0.05113636363636363
1 0.053661616161616146 0.27556818181818177 0.05618686868686869 0.2935606060606061 0.053661616161616146 0.3177083333333333 0.053030303030303025 0.3517992424242424 0.052398989898989876 0.3712121212121212 0.04987373737373737 0.3929924242424242 0.05050505050505048 0.42471590909090906 0.04734848484848486 0.4493371212121212 0.04987373737373737 0.4753787878787878 0.05492424242424241 0.4924242424242424 0.07260101010101008 0.49952651515151514 0.10795454545454544 0.5056818181818181 0.13005050505050506 0.5052083333333333 0.15025252525252522 0.5085227272727273 0.18749999999999994 0.5113636363636364 0.22222222222222218 0.5113636363636364 0.2487373737373737 0.5118371212121212 0.2809343434343434 0.5080492424242424 0.30366161616161613 0.49952651515151514 0.31439393939393934 0.4900568181818182 0.31944444444444436 0.4857954545454545 0.3352272727272727 0.4886363636363636 0.34974747474747475 0.49053030303030304 0.36489898989898983 0.48484848484848475 0.37815656565656564 0.4777462121212121 0.3901515151515151 0.46590909090909083 0.40214646464646453 0.44886363636363635 0.4103535353535353 0.43181818181818177 0.41792929292929293 0.4105113636363636 0.4191919191919191 0.3868371212121212 0.4160353535353535 0.35511363636363635 0.409090909090909 0.33664772727272724 0.4015151515151515 0.3205492424242424 0.38952020202020193 0.3091856060606061 0.3737373737373737 0.3006628787878788 0.3547979797979798 0.29687499999999994 0.34154040404040403 0.2959280303030303 0.3333333333333333 0.3006628787878788 0.32260101010101006 0.29119318181818177 0.3112373737373737 0.28267045454545453 0.2960858585858585 0.2774621212121212 0.27904040404040403 0.27178030303030304 0.26136363636363635 0.2689393939393939 0.24368686868686865 0.26515151515151514 0.2215909090909091 0.2627840909090909 0.18560606060606058 0.25994318181818177 0.09659090909090909 0.25852272727272724 0.06313131313131312 0.265625 0.053661616161616146 0.27556818181818177
1 0.46022727272727265 0.48011363636363635 0.4728535353535353 0.4810606060606061 0.48358585858585845 0.48248106060606055 0.51010101010101 0.48248106060606055 0.5650252525252524 0.47916666666666663 0.6123737373737373 0.47490530303030304 0.6426767676767675 0.4673295454545454 0.664141414141414 0.46164772727272724 0.6729797979797979 0.4564393939393939 0.6761363636363635 0.4450757575757575 0.6849747474747474 0.4455492424242424 0.7045454545454544 0.4427083333333333 0.717171717171717 0.4375 0.7297979797979797 0.42660984848484845 0.7398989898989898 0.4119318181818182 0.7417929292929292 0.3887310606060606 0.7411616161616161 0.36410984848484845 0.7373737373737373 0.3423295454545454 0.731060606060606 0.32102272727272724 0.721590909090909 0.30303030303030304 0.7108585858585859 0.28409090909090906 0.69760101010101 0.27320075757575757 0.6856060606060606 0.26657196969696967 0.6660353535353535 0.26136363636363635 0.6521464646464645 0.2627840909090909 0.6388888888888887 0.2694128787878788 0.6369949494949495 0.26325757575757575 0.6294191919191918 0.2556818181818182 0.6148989898989898 0.25 0.5978535353535352 0.24573863636363633 0.582070707070707 0.2462121212121212 0.5568181818181818 0.24715909090909088 0.5309343434343432 0.24857954545454541 0.5012626262626261 0.2504734848484848 0.4785353535353535 0.2537878787878788 0.4539141414141413 0.2571022727272727 0.4280303030303029 0.2642045454545454 0.41224747474747475 0.27320075757575757 0.409090909090909 0.2869318181818182 0.4172979797979798 0.31676136363636365 0.42550505050505044 0.3527462121212121 0.4305555555555555 0.3839962121212121 0.4349747474747474 0.4105113636363636 0.4393939393939393 0.43039772727272724 0.44444444444444436 0.4450757575757575 0.4482323232323232 0.46448863636363635 0.4494949494949495 0.4744318181818182 0.46022727272727265 0.48011363636363635
1 0.42361111111111105 0.5052083333333333 0.4242424242424242 0.5198863636363635 0.42550505050505044 0.553030303030303 0.4273989898989898 0.5714962121212122 0.4324494949494949 0.5928030303030303 0.43560606060606055 0.6164772727272727 0.4349747474747474 0.6316287878787878 0.4374999999999999 0.6543560606060606 0.43560606060606055 0.6628787878787878 0.4374999999999999 0.674715909090909 0.4374999999999999 0.6870265151515151 0.4431818181818182 0.7021780303030303 0.4627525252525252 0.7054924242424242 0.4797979797979798 0.7035984848484848 0.4962121212121211 0.7054924242424242 0.524621212121212 0.7040719696969696 0.5763888888888887 0.7007575757575757 0.6212121212121211 0.6974431818181818 0.6521464646464645 0.6884469696969696 0.6723484848484848 0.6756628787878787 0.6805555555555555 0.6647727272727273 0.6982323232323232 0.6652462121212122 0.7196969696969696 0.659090909090909 0.736111111111111 0.6425189393939393 0.7455808080808081 0.6103219696969696 0.7455808080808081 0.5852272727272727 0.7430555555555555 0.5596590909090908 0.736111111111111 0.5345643939393938 0.7190656565656565 0.509469696969697 0.7039141414141413 0.4962121212121212 0.6837121212121211 0.48768939393939387 0.664141414141414 0.4867424242424242 0.659090909090909 0.48910984848484845 0.659090909090909 0.49384469696969696 0.6521464646464645 0.4867424242424242 0.640151515151515 0.4820075757575757 0.6325757575757576 0.47869318181818177 0.6098484848484848 0.4777462121212121 0.5852272727272727 0.47821969696969696 0.5536616161616161 0.47869318181818177 0.4829545454545454 0.48390151515151514 0.45138888888888884 0.48721590909090906 0.4299242424242424 0.4924242424242424 0.4217171717171716 0.4966856060606061 0.42361111111111105 0.5052083333333333
1 0.4558080808080808 0.7282196969696969 0.457070707070707 0.7419507575757576 0.4532828282828282 0.768465909090909 0.45012626262626254 0.7850378787878787 0.4450757575757575 0.799715909090909 0.4431818181818182 0.8129734848484848 0.4406565656565656 0.8285984848484848 0.4393939393939393 0.8428030303030303 0.43560606060606055 0.8541666666666666 0.43308080808080807 0.8712121212121211 0.4299242424242424 0.8854166666666666 0.4286616161616161 0.8996212121212122 0.43181818181818177 0.9119318181818181 0.4374999999999999 0.9152462121212122 0.4627525252525252 0.9204545454545453 0.49936868686868685 0.9228219696969695 0.5467171717171716 0.9251893939393939 0.5827020202020201 0.924715909090909 0.6142676767676767 0.9242424242424242 0.6332070707070707 0.9199810606060606 0.6496212121212122 0.9142992424242424 0.6616161616161615 0.9086174242424242 0.6723484848484848 0.8986742424242424 0.6742424242424242 0.8944128787878787 0.6824494949494949 0.9005681818181817 0.6931818181818181 0.9010416666666666 0.7058080808080807 0.9015151515151514 0.7209595959595958 0.8958333333333333 0.7297979797979797 0.8844696969696969 0.7367424242424242 0.875 0.7468434343434343 0.8626893939393939 0.7487373737373737 0.8494318181818181 0.7569444444444444 0.8267045454545453 0.7588383838383838 0.8072916666666666 0.7563131313131313 0.7869318181818181 0.7518939393939392 0.7689393939393938 0.7436868686868686 0.7542613636363635 0.7342171717171716 0.7428977272727273 0.7190656565656565 0.7315340909090908 0.7007575757575756 0.7211174242424242 0.6875 0.721590909090909 0.6786616161616161 0.7230113636363635 0.6654040404040403 0.7116477272727273 0.6527777777777777 0.7069128787878787 0.6287878787878787 0.7050189393939393 0.6174242424242423 0.7040719696969696 0.6035353535353535 0.7012310606060606 0.457070707070707 0.7097537878787878 0.4558080808080808 0.7282196969696969
1 0.04482323232323232 0.5241477272727273 0.03977272727272728 0.5359848484848484 0.0404040404040404 0.5449810606060606 0.03914141414141413 0.5558712121212122 0.03724747474747474 0.5762310606060606 0.035353535353535345 0.5923295454545454 0.03598484848484847 0.6046401515151515 0.03598484848484847 0.6193181818181818 0.03409090909090908 0.6339962121212122 0.03345959595959596 0.6491477272727273 0.03219696969696969 0.662405303030303 0.030303030303030304 0.6789772727272727 0.03156565656565654 0.6927083333333333 0.02840909090909092 0.7073863636363635 0.025883838383838377 0.7225378787878787 0.023989898989898988 0.7324810606060606 0.02777777777777777 0.737215909090909 0.03787878787878786 0.743371212121212 0.0568181818181818 0.7447916666666666 0.06944444444444443 0.7462121212121212 0.0991161616161616 0.7457386363636364 0.1281565656565656 0.746685606060606 0.15340909090909088 0.7476325757575757 0.18876262626262624 0.7471590909090908 0.20896464646464646 0.7471590909090908 0.2348484848484848 0.7476325757575757 0.2556818181818182 0.7462121212121212 0.2670454545454545 0.7438446969696969 0.2784090909090909 0.740530303030303 0.28977272727272724 0.737215909090909 0.29987373737373735 0.7301136363636364 0.3049242424242424 0.7239583333333333 0.30997474747474746 0.7187499999999999 0.31565656565656564 0.7220643939393938 0.3244949494949495 0.7272727272727273 0.33964646464646464 0.7286931818181818 0.35542929292929293 0.7258522727272727 0.3762626262626262 0.7144886363636364 0.38952020202020193 0.7002840909090908 0.3977272727272727 0.6822916666666666 0.40656565656565646 0.6543560606060606 0.40845959595959586 0.6401515151515151 0.4046717171717171 0.6112689393939393 0.4015151515151515 0.5946969696969696 0.3964646464646464 0.5743371212121212 0.38762626262626254 0.5615530303030303 0.3749999999999999 0.5478219696969696 0.36426767676767674 0.5421401515151515 0.3503787878787878 0.5359848484848484 0.3333333333333333 0.5345643939393938 0.317550505050505 0.5355113636363635 0.3055555555555555 0.5392992424242424 0.303030303030303 0.53125 0.29292929292929293 0.5203598484848484 0.27209595959595956 0.5151515151515151 0.2537878787878788 0.5132575757575757 0.1338383838383838 0.509469696969697 0.10353535353535352 0.5089962121212122 0.08270202020202021 0.5099431818181818 0.05997474747474746 0.5132575757575757 0.04671717171717171 0.5160984848484848 0.04482323232323232 0.5241477272727273
1 0 0.7670454545454545 0 0.8925189393939392 0.0031565656565656574 0.9507575757575756 0.005050505050505046 0.9782196969696969 0.014520202020202017 0.9857954545454545 0.03977272727272728 0.9867424242424242 0.08396464646464645 0.9820075757575756 0.12436868686868685 0.9753787878787877 0.1477272727272727 0.9725378787878787 0.16729797979797978 0.9696969696969695 0.18876262626262624 0.9678030303030303 0.20959595959595956 0.9663825757575756 0.2398989898989899 0.9616477272727272 0.2727272727272727 0.9502840909090908 0.28598484848484845 0.9375 0.28598484848484845 0.9332386363636364 0.3011363636363636 0.9384469696969695 0.31944444444444436 0.9384469696969695 0.33459595959595956 0.9365530303030303 0.3446969696969696 0.9303977272727272 0.35542929292929293 0.9161931818181817 0.365530303030303 0.9015151515151514 0.37310606060606055 0.8783143939393939 0.37815656565656564 0.858901515151515 0.37310606060606055 0.8319128787878787 0.365530303030303 0.8106060606060606 0.3579545454545454 0.7954545454545454 0.3503787878787878 0.771780303030303 0.3371212121212121 0.7604166666666666 0.31565656565656564 0.7542613636363635 0.2973484848484848 0.7504734848484848 0.28282828282828276 0.7504734848484848 0.269570707070707 0.7537878787878787 0.26136363636363635 0.7575757575757576 0.24747474747474746 0.7462121212121212 0.027146464646464648 0.7443181818181818 0.006944444444444434 0.7585227272727273 0 0.7670454545454545
1 0.7638888888888887 0.8802083333333333 0.7727272727272727 0.8873106060606061 0.7859848484848484 0.8896780303030303 0.8150252525252524 0.8910984848484848 0.8314393939393938 0.8882575757575756 0.865530303030303 0.8854166666666666 0.8958333333333333 0.8825757575757575 0.9122474747474746 0.8792613636363635 0.9286616161616159 0.8740530303030303 0.943181818181818 0.8702651515151514 0.9539141414141412 0.8641098484848484 0.9608585858585859 0.8541666666666666 0.9665404040404038 0.8522727272727272 0.9785353535353533 0.8551136363636364 0.990530303030303 0.8541666666666666 0.9987373737373737 0.8503787878787878 0.9987373737373737 0.7021780303030303 0.9873737373737372 0.696496212121212 0.9734848484848484 0.696496212121212 0.9633838383838382 0.6974431818181818 0.9595959595959596 0.7007575757575757 0.9545454545454544 0.6917613636363635 0.943181818181818 0.6865530303030303 0.9305555555555554 0.6808712121212122 0.9223484848484848 0.6799242424242424 0.7752525252525251 0.6860795454545454 0.7582070707070707 0.6874999999999999 0.7512626262626261 0.6912878787878787 0.7525252525252524 0.6969696969696969 0.7531565656565655 0.7031249999999999 0.7493686868686869 0.7102272727272727 0.7493686868686869 0.7206439393939393 0.7481060606060606 0.7296401515151515 0.7462121212121211 0.7447916666666666 0.7481060606060606 0.7608901515151515 0.7569444444444444 0.7821969696969696 0.7588383838383838 0.8039772727272727 0.7563131313131313 0.8338068181818181 0.7506313131313129 0.8541666666666666 0.7537878787878787 0.8697916666666666 0.7638888888888887 0.8802083333333333
1 0.4141414141414141 0.01420454545454546 0.4147727272727272 0.02982954545454546 0.4185606060606061 0.043087121212121215 0.4261363636363636 0.06534090909090909 0.4337121212121211 0.0890151515151515 0.44128787878787873 0.11221590909090909 0.4494949494949495 0.1368371212121212 0.4545454545454545 0.16240530303030304 0.4608585858585858 0.18986742424242423 0.4684343434343434 0.21070075757575757 0.47348484848484845 0.2215909090909091 0.49810606060606055 0.22679924242424238 0.5410353535353535 0.22348484848484848 0.5770202020202019 0.2215909090909091 0.6092171717171716 0.21875 0.6376262626262627 0.21543560606060605 0.6553030303030302 0.2102272727272727 0.6710858585858585 0.20643939393939395 0.6830808080808081 0.1993371212121212 0.69760101010101 0.19128787878787876 0.7007575757575756 0.1856060606060606 0.7089646464646464 0.18749999999999997 0.7228535353535352 0.18465909090909088 0.7316919191919191 0.17613636363636362 0.7436868686868686 0.16950757575757575 0.7506313131313129 0.16382575757575757 0.7569444444444444 0.15151515151515152 0.7626262626262624 0.14015151515151514 0.7638888888888887 0.12263257575757576 0.765151515151515 0.1074810606060606 0.7619949494949495 0.08854166666666666 0.7588383838383838 0.07196969696969696 0.7525252525252524 0.05539772727272727 0.7462121212121211 0.03787878787878788 0.736111111111111 0.02225378787878788 0.7222222222222221 0.00852272727272727 0.7146464646464645 0.0009469696969697017 0.4191919191919191 0.0004734848484848397 0.4141414141414141 0.01420454545454546
1 0.7531565656565655 0.006628787878787878 0.7525252525252524 0.014678030303030299 0.7619949494949495 0.03361742424242424 0.7657828282828282 0.04971590909090909 0.7676767676767675 0.06770833333333333 0.7708333333333333 0.09090909090909091 0.769570707070707 0.11174242424242424 0.7683080808080807 0.1396780303030303 0.7645202020202019 0.15056818181818182 0.7607323232323232 0.16193181818181818 0.7613636363636364 0.1737689393939394 0.7676767676767675 0.1865530303030303 0.7834595959595958 0.18892045454545453 0.8036616161616161 0.19270833333333331 0.8371212121212122 0.19507575757575757 0.8642676767676767 0.19791666666666666 0.8907828282828282 0.19886363636363635 0.9147727272727272 0.1993371212121212 0.9438131313131312 0.19412878787878787 0.9621212121212119 0.18418560606060605 0.9709595959595958 0.16903409090909088 0.9873737373737372 0.16950757575757575 0.9987373737373737 0.1652462121212121 0.9987373737373737 0.024147727272727272 0.9949494949494948 0.016571969696969703 0.9873737373737372 0.011363636363636364 0.9709595959595958 0 0.7563131313131313 0 0.7531565656565655 0.006628787878787878
1 0.7335858585858585 0.2954545454545454 0.736111111111111 0.3115530303030303 0.7323232323232323 0.31912878787878785 0.7380050505050504 0.3423295454545454 0.7417929292929292 0.3607954545454545 0.7424242424242423 0.3773674242424242 0.7411616161616161 0.39346590909090906 0.7373737373737373 0.41477272727272724 0.7304292929292928 0.43181818181818177 0.7297979797979797 0.4450757575757575 0.7297979797979797 0.4583333333333333 0.7367424242424242 0.4663825757575757 0.7436868686868686 0.4753787878787878 0.7664141414141413 0.47869318181818177 0.7904040404040403 0.4796401515151515 0.8169191919191917 0.4820075757575757 0.8421717171717169 0.48390151515151514 0.8857323232323232 0.48153409090909083 0.9204545454545453 0.4805871212121212 0.9318181818181817 0.47064393939393934 0.9450757575757575 0.46590909090909083 0.9463383838383838 0.4597537878787878 0.9558080808080807 0.4621212121212121 0.971590909090909 0.4607007575757575 0.9823232323232322 0.4498106060606061 0.9880050505050504 0.4375 0.9981060606060606 0.4251893939393939 0.9989583333333332 0.4200757575757569 0.9981060606060606 0.32907196969696967 0.9930555555555554 0.3162878787878788 0.9797979797979796 0.3039772727272727 0.9671717171717169 0.2949810606060606 0.9595959595959596 0.29119318181818177 0.9444444444444443 0.29166666666666663 0.9343434343434343 0.2940340909090909 0.933080808080808 0.2850378787878788 0.9286616161616159 0.27888257575757575 0.9198232323232322 0.2727272727272727 0.9034090909090908 0.2694128787878788 0.8832070707070706 0.26704545454545453 0.8478535353535352 0.26657196969696967 0.8131313131313129 0.26846590909090906 0.7979797979797979 0.2689393939393939 0.7866161616161615 0.27035984848484845 0.7702020202020201 0.27178030303030304 0.7506313131313129 0.2779356060606061 0.7424242424242423 0.28077651515151514 0.7380050505050504 0.2845643939393939 0.7335858585858585 0.2954545454545454
1 0.7531565656565655 0.5033143939393938 0.7537878787878787 0.5184659090909091 0.7531565656565655 0.5364583333333333 0.7525252525252524 0.5620265151515151 0.7544191919191918 0.5913825757575757 0.7582070707070707 0.6070075757575757 0.7556818181818181 0.6249999999999999 0.7626262626262624 0.6463068181818181 0.7594696969696969 0.6614583333333333 0.7676767676767675 0.6789772727272727 0.7885101010101009 0.6860795454545454 0.8787878787878786 0.6813446969696969 0.9318181818181817 0.6785037878787878 0.9507575757575756 0.6695075757575757 0.9595959595959596 0.6638257575757576 0.9621212121212119 0.6581439393939393 0.9690656565656564 0.6600378787878787 0.9823232323232322 0.6609848484848484 0.990530303030303 0.6586174242424242 0.9968434343434343 0.652935606060606 0.9974747474747474 0.5075757575757576 0.9898989898989898 0.5037878787878787 0.9772727272727272 0.5014204545454545 0.9640151515151514 0.5018939393939393 0.9608585858585859 0.5033143939393938 0.9488636363636364 0.49053030303030304 0.9368686868686869 0.4829545454545454 0.9242424242424242 0.48248106060606055 0.798611111111111 0.4857954545454545 0.7771464646464645 0.48910984848484845 0.7613636363636364 0.4919507575757575 0.7531565656565655 0.5033143939393938
