1 0.40990347174644004 0.691232657887626 0.43368800228642873 0.7625335751512166 0.4490564753893226 0.7679055929984979 0.5313875812976829 0.7171158580857874 0.5372422488847038 0.7000231837712575 0.5372422488847038 0.6800003118067203 0.547853802479355 0.668279610628545 0.5588312832671363 0.6296989767022059 0.5522447947944674 0.5876997900285902 0.5335830774552391 0.5574213045331496 0.508334871643342 0.5413053404131587 0.4940641466192262 0.5227475672736251 0.47576835647312815 0.5251893762931678 0.47467060839435005 0.5310497268822555 0.4582043872126779 0.5203057582540825 0.43551757125085466 0.5325148145295274 0.3755073541111874 0.5823277945367722 0.37258003706798337 0.5979554035594935 0.40990347174644004 0.691232657887626
1 0.6599104871210456 0.4190419075647103 0.6127073197335857 0.5152493371873865 0.6108777507691598 0.5313653013073776 0.6127073197335857 0.5421092699355503 0.616732384855568 0.5494347081719099 0.6112436444616773 0.5606670542528156 0.6075845065328254 0.5826433689618942 0.613805067812364 0.6090149466127885 0.6375895983523526 0.639293432108229 0.6712538951019573 0.653944308580948 0.7082114025872837 0.6588279489754967 0.7319959331272725 0.6515025107391371 0.7378506007142933 0.639293432108229 0.7488280815020748 0.6422236074027727 0.7616351312542822 0.6324563713246023 0.7989585659327386 0.5186678675791999 0.7956653216964042 0.5113424293428404 0.7001612388427064 0.44736695031560936 0.6712538951019573 0.4166000985451677 0.670887967908827 0.4166000985451677 0.6599104871210456 0.4190419075647103
1 0.6926659598675862 0.8403478391366102 0.6955932769107903 0.8471849222757001 0.6966910249895685 0.863789263848424 0.6999842692259028 0.8808819381629542 0.7834131232130414 0.9472992597429227 0.8075635809461603 0.9609733813101761 0.887333263503834 0.7758839826566464 0.8895287596613903 0.7636749263812017 0.8126863941469209 0.6962808946066941 0.787072294642506 0.6772347551921591 0.7695083253820559 0.680164930486703 0.7684105773032778 0.6904205440176063 0.7603604135587004 0.6743045687198838 0.7420646234126024 0.6679558518557948 0.7223051579945959 0.6762580226421567 0.7021797653834592 0.6982343373512354 0.6890067884381217 0.7363266161803049 0.6849817233161393 0.797860297365725 0.6915682117888081 0.8398594840393407 0.6926659598675862 0.8403478391366102
1 0.7549418574074453 0.656591646840882 0.7779945670617863 0.6785679615499605 0.789337975042698 0.6790563166472301 0.8566665015406818 0.7293576741072076 0.8691076576003715 0.7234973235181201 0.8727668290298363 0.721055525676309 0.885939805975174 0.726427498812664 0.91777450025974 0.7127533325344839 0.9331429733626339 0.6912653952781381 0.9463159503079714 0.6673356154690547 0.9561956830169747 0.635103687229073 0.9543660805519361 0.5960346982054643 0.9455840959217108 0.5755234711436577 0.9353384695201902 0.56966312055457 0.9210677444960742 0.5681980329072981 0.9261905576968348 0.5525704238845767 0.9181403939522573 0.5403613676091318 0.8778896422305967 0.5125247023109656 0.8204408149410034 0.47638586622643747 0.8105610822320001 0.49445527309096987 0.7728717371107194 0.6145924601672662 0.7575032640078255 0.6434058580154347 0.7571373535650017 0.6448709456627066 0.7549418574074453 0.656591646840882
1 0.823335387129743 0.4238273357877224 0.8862729213126144 0.40673461676226574 0.8910298408208573 0.38329321440591524 0.8676112039733861 0.2787836363523405 0.8573655775718653 0.2587607643878033 0.846388096784084 0.2548538788987205 0.8474858448628622 0.2421564451705429 0.8324832654524856 0.22897065634509567 0.8163829714639439 0.22408703830601046 0.7933302618096031 0.22652883614782135 0.7629592427969455 0.24264480026781238 0.7399065331426048 0.2685280228214372 0.7260017018110065 0.2919694251777876 0.7256358081184888 0.30075995106141906 0.7161219691020031 0.3071086567477762 0.7135605792519295 0.3325035242041315 0.7194152133383376 0.3627819873441086 0.7384428578706963 0.4355480369658977 0.7494203386584777 0.44580365049680104 0.823335387129743 0.4238273357877224
1 0.5605259160347987 0.31534171526527915 0.6194383850956878 0.44768795861702015 0.6245612317970609 0.450618133911564 0.6457843389863631 0.44133925293066306 0.6626164873611656 0.417409495477043 0.6768872123852814 0.4213163809661258 0.6834737008579501 0.4266883764579439 0.7061604833191606 0.4086189695934116 0.7120151509061816 0.3827357470397868 0.7145765742568682 0.37003831331160913 0.7094537275554951 0.3275507715407239 0.7057945896266431 0.30410936918437337 0.6757894643065031 0.25918001839394555 0.6600550640104789 0.25038949251031417 0.6209020603675963 0.2435524205489558 0.594556106476921 0.2674821780025758 0.5916287894337169 0.2723658072193927 0.5821149504172312 0.27041235329711955 0.5590622407628902 0.29385375565347005 0.5605259160347987 0.31534171526527915
1 0.4287961465814223 0.4218047584188588 0.43465079741813695 0.4442694282252068 0.4306257155458483 0.4638039227370111 0.43501670786096086 0.4872453250933616 0.4547761732789673 0.49359405313518206 0.49246553515055425 0.4872453250933616 0.5400346297311445 0.4784547992097301 0.5477188662825914 0.4569668619533845 0.5616236641135769 0.455990129403382 0.572235217708228 0.44133925293066306 0.5784558124883793 0.4164327629270407 0.5784558124883793 0.379805571745243 0.5711374696294499 0.34952708624980244 0.5572326717984644 0.32462059624618006 0.5433278739674788 0.3080162770289197 0.529788969829011 0.29873738487028706 0.5235684085494724 0.30362101408710396 0.5202751643131379 0.28848177133938363 0.4862449738710158 0.28457487467256914 0.4309916427389786 0.295318843300742 0.42111191002997533 0.3041093691843734 0.417818665793641 0.3138766276180073 0.4287961465814223 0.4218047584188588
1 0.4261691665205817 0.2981335283565346 0.48544756277460105 0.2829942744310826 0.5392372186347296 0.2351347595238426 0.545457813414881 0.22243732579566503 0.541432714792286 0.20436791893113265 0.5187459323310755 0.1579734693157012 0.4982546460274211 0.1316018916648069 0.481788424845749 0.1276949838202607 0.47300644021552396 0.1291600714675326 0.46276078031339046 0.11695101519208786 0.4386103225802714 0.1198811904866317 0.4075074491813533 0.1267182736257217 0.38957758622838556 0.14527603558752356 0.37164768977480506 0.16871743794387406 0.37164768977480506 0.20778644932294604 0.3679885183453403 0.21804206285384936 0.37274543785358316 0.24539037305474604 0.4140939376540221 0.3157145801237975 0.4261691665205817 0.2981335283565346
1 0.6183853698308972 0.11308502908568178 0.6136284838232672 0.12138719987204372 0.6030168967280034 0.15606094830929995 0.6074078890431159 0.22150151498380283 0.6059442472718202 0.2356640587147157 0.6128966294370065 0.24933818028196902 0.6231422893391401 0.24103603185107048 0.6659544644114874 0.25226835557651284 0.7449923260835132 0.2542218206765176 0.7537743107137385 0.2395709442037986 0.7508469936705342 0.17510708772383476 0.7519447417493124 0.14678204497293568 0.7490173912054956 0.1296893706584057 0.7365762686464185 0.12041046732204137 0.7325511700238235 0.10966649869386855 0.6981550858891836 0.09257380202387519 0.65278148746615 0.07987639065116087 0.6235082165322704 0.09501562222114948 0.6180194761383798 0.11259667398841236 0.6183853698308972 0.11308502908568178
1 0.5395079292848959 0.8081377358236363 0.5519490518439728 0.8301140728881784 0.561828784552976 0.8296256954354455 0.5585355403166417 0.8423231068081598 0.5691471274119054 0.8559972730863397 0.6075683101691403 0.8726016146590636 0.6445258176544666 0.8828572281899671 0.6829470004117013 0.8818804732845014 0.6953881564713912 0.8603925360281556 0.6957540501639088 0.8452532821027037 0.6844106756836098 0.8013006526845464 0.6898994160775006 0.7339066209100388 0.703804213908486 0.6928841667864254 0.693192660313835 0.6616289710964459 0.6653830311512512 0.6562569756046277 0.5526809062302334 0.666512589135531 0.5398738229774134 0.6806751105109806 0.5362146850485614 0.714860481495504 0.5395079292848959 0.8081377358236363
1 0.36249592167438177 0.745552753587603 0.3562753603948433 0.7592269086880513 0.35005479911530474 0.7748545065330411 0.34127281448507957 0.7797381469275897 0.31529275428692183 0.8568994147802679 0.32407473891714694 0.9247818240075082 0.34639562768584004 0.9741064265620203 0.37347340246216315 0.9785016895038359 0.3844508832499445 0.9677577432311264 0.39433061595894775 0.9882689702929331 0.4225061723146618 0.9824086197038454 0.47117298147341724 0.9614090151893061 0.5128874084669864 0.9311305296938654 0.47336847763097356 0.7533665580989637 0.4386064663032035 0.7665523581021425 0.4320199778305347 0.7553200120212368 0.41774925280641895 0.730901877114884 0.36249592167438177 0.745552753587603
1 0.27238378666017043 0.9936045685509411 0.3031207328659583 0.9735816965864039 0.3023889454809232 0.9403730357964196 0.29726609877955007 0.8954436961837235 0.2899477559206207 0.8578397724519233 0.280799877597878 0.8290263746037547 0.26579729818750164 0.8163289520533088 0.2496970041989599 0.8231660240146672 0.25299024843529433 0.8173056734255795 0.26250405395116727 0.800701354208319 0.24969700419895985 0.7797017608715111 0.22591247365897119 0.7733530440074224 0.1933459249881446 0.7884922867551426 0.16297490597548703 0.8075384261696774 0.13736077297045962 0.831468194801029 0.12309004794634386 0.8617466802964696 0.12748104026145643 0.87151391637464 0.11394216962360122 0.8783509995137301 0.108819322922228 0.9013040467728111 0.12272415425382625 0.9936045685509411 0.23103528685973154 1 0.27238378666017043 0.9936045685509411
1 0.20035502792684173 0.7334901285529676 0.2091370125570668 0.7408155667893271 0.2892726223078708 0.7657220567929496 0.3053729162964126 0.7569315309093181 0.30830026684022943 0.7491177152202256 0.32952337402953163 0.7393504791420552 0.35038058752631623 0.7085836161938819 0.3591625721565413 0.6797702183457133 0.37233554910187894 0.6323990585357427 0.3668468087079882 0.5923533369621318 0.35586932792020687 0.5689119346057813 0.34196453008922134 0.5625632065639607 0.33281661826586595 0.5464472424439698 0.3145208281197679 0.5405868918548822 0.2632925956103258 0.535703273815797 0.23658071452652024 0.5332614536185227 0.23072604693949925 0.544982154796698 0.20035502792684173 0.7334901285529676
1 0.3549782762922678 0.29652202064618505 0.30338411658969533 0.3228935982970794 0.28362465117168884 0.339009573594802 0.27667223550588976 0.3517069849675163 0.2774040563915376 0.3683113265402401 0.2656947547181084 0.36928803673477917 0.2554490948159749 0.38345055811022866 0.2550832011234573 0.41079886831112544 0.26569475471810844 0.45377476517928017 0.29057703333687523 0.4889368687138059 0.31143424683365983 0.5040761002837945 0.3282663952084623 0.5074946530310711 0.333023314716705 0.5118899159728869 0.34729403974082074 0.5157968014619697 0.3681512532376054 0.5094480957756125 0.4256000470265861 0.46256529106291155 0.4329183898855155 0.4430307965511073 0.3784900729976775 0.2938117729819563 0.3549782762922678 0.29652202064618505
1 0.21720954270863785 0.22608594964848544 0.20623204517055008 0.2602713206330088 0.2226982831025285 0.2783407498530045 0.2563625463515205 0.29250324887299073 0.29258823295119896 0.30324723985662694 0.3090544541328711 0.29299162632572356 0.310884023097297 0.2910381612257188 0.32808209866522964 0.30031706456208307 0.34528014073254953 0.2925032488729907 0.35479394624842253 0.2744338420084583 0.36467367895742575 0.25001570710210536 0.36467367895742575 0.20850489788122256 0.3621122891073519 0.17529623709123823 0.35186662920521844 0.1508781245403487 0.3354004080235463 0.14941303689307683 0.3383277250667504 0.12645998963399582 0.31417726733363144 0.10839057159173178 0.27575608457639667 0.09422806139401393 0.25855804250907677 0.09276297374674203 0.24172589413427445 0.09178624119673964 0.21720954270863785 0.22608594964848544
1 0.13566563619568475 0.35220977116318497 0.1501817711894834 0.3463389438677489 0.1752550952696809 0.3240298861432761 0.20340757265175785 0.2976112439371115 0.2135249057078771 0.285869616220672 0.19988852304711835 0.24418686067057918 0.15502046942992273 0.17256300416126585 0.13566563619568475 0.15377640518984906 0.11191196075128709 0.16669217686582977 0.0679236594671313 0.20837493241592248 0.05736647038073234 0.22540028857359498 0.057806366683492406 0.2347935746220871 0.04680928129433337 0.2383160602495757 0.03581219590517435 0.262973459641996 0.03845149317677409 0.29995955873062635 0.0639647135597317 0.33518441500551244 0.10179462769516785 0.35514515793647045 0.11982985256608633 0.3463389438677489 0.13566563619568475 0.35220977116318497
1 0.04807765264101674 0.678412291797091 0.10940196914600439 0.6524754129474097 0.11803918178715449 0.6340314014150727 0.12106222400369396 0.5856158942290012 0.12797201783946335 0.5452696470353942 0.11026567854869478 0.4714936272904039 0.08046724946793238 0.45016774472771753 0.05196440426024661 0.4668826178112303 0.00834642704602759 0.5014651229441387 0.004891549897183909 0.5233673849897663 0.011801304194871154 0.574088383723246 0.026484601269100256 0.6835996675670273 0.027432812283851075 0.6802764687705378 0.04807765264101674 0.678412291797091
