1 0.5616789227079776 0.6966593074908797 0.5651572100168996 0.7092556725922069 0.5570412239875656 0.7057808084544938 0.5500846493697219 0.7639846783738917 0.5610991904650066 0.7787528161634069 0.5726935168777144 0.7839651024283292 0.5703746409802823 0.7939553243971952 0.5790703592525872 0.8117639558801505 0.5999400831061189 0.8230572494152468 0.6277663815774943 0.8287038862411483 0.6619695224237425 0.8330474713841131 0.695013251858501 0.8352192440723012 0.7292164457792015 0.836087965077553 0.7767530036181665 0.823491599976226 0.7912459381712779 0.8187136841555764 0.8126953411933281 0.8095921831919624 0.827767954914958 0.7974301686516141 0.8254490259430736 0.7613785352414304 0.8237098822886126 0.7175084525505693 0.8254490259430736 0.6970936580518586 0.8237098822886126 0.6810224486961125 0.5757410732620939 0.6462961759993359 0.5616789227079776 0.6966593074908797
1 0.2208067664336276 0.8301055007663642 0.2173284791247057 0.8479141521326138 0.23066189611742233 0.8752786550234563 0.25906792683176894 0.9017744369090469 0.29848849864140015 0.9191487377143174 0.3442859659003564 0.9352199470700633 0.3819673940555266 0.9404322333349858 0.4080545488724411 0.9398993398150216 0.40631540521798015 0.9329496115395954 0.4144314443217663 0.9338183524281414 0.4347214359323267 0.9364244955606026 0.4642868780581633 0.9216563378877931 0.483417458257234 0.9025446348386073 0.5100843453171195 0.8803924182126872 0.5541426158471625 0.8247946715424564 0.5031277706992757 0.7939553243971952 0.3947211318797245 0.7314078892181268 0.35530056007009336 0.704912087449242 0.3384888026940024 0.7083869515869551 0.2839956436999674 0.7357514544777974 0.248053332662032 0.7696313151997927 0.22834304675721642 0.7939553243971952 0.22834304675721642 0.813935748451633 0.2208067664336276 0.8301055007663642
1 0.6068966577239626 0.46586782582958663 0.5935632407312461 0.4771611193646831 0.5779109478410973 0.49410104972568086 0.5726935168777144 0.5053943233774831 0.5564614917445946 0.5197281106060196 0.5442874861633679 0.534930618839808 0.5396497874429561 0.5510018281955539 0.5477657734722898 0.5605576996034409 0.5350120356480919 0.5748914868319775 0.5309540691706512 0.5848816889175492 0.539070055199985 0.6035590612890506 0.5599397790535166 0.6226707643382363 0.5842877902159701 0.6330953368680812 0.6625492546667137 0.6556819239382741 0.7013901473078261 0.6617629113251542 0.7280569812932594 0.6613285806474695 0.7483470259782723 0.6565506250602318 0.7477672937353012 0.6482978649851635 0.7616804429709889 0.6561162943825471 0.7755935922066768 0.6509040081176247 0.7871878655449325 0.6387419935772765 0.7982025127891216 0.6157210559461046 0.815014164016308 0.5957406318916669 0.815014164016308 0.589225274060514 0.8399419604961847 0.5653356154240903 0.8370433523557816 0.5553454133385186 0.8370433523557816 0.5488300555073656 0.8005213356121013 0.5366680409670173 0.7657384625228819 0.5192937600450408 0.7257381584702797 0.5006164075568338 0.6306649366434451 0.4554432532997419 0.6213895392026216 0.4571806754269513 0.6068966577239626 0.46586782582958663
1 0.29327106767801714 0.48107033406337496 0.28747393100888935 0.49583847185289026 0.28747393100888935 0.5119096812086361 0.2886333689576054 0.531890125146368 0.2897927803690953 0.5466582629358833 0.29443050562673323 0.5714166226942645 0.30718421691370495 0.5887909036162411 0.3170393731347258 0.5961749824526457 0.31993795473790276 0.6039934118500294 0.33327137173061944 0.617892848517587 0.35124254051820025 0.6252769074706975 0.37443114026916396 0.6313579346241658 0.40689513746095135 0.6300548630579353 0.44109827830719955 0.6235395052267824 0.4718231849189782 0.6148523349408528 0.5037074498677944 0.6013872687175681 0.5280554610302479 0.5857504099228009 0.533852624236602 0.5696792005670551 0.5263163173757871 0.5649012648631115 0.5402294666114748 0.5627294722916292 0.5402294666114748 0.5527392702060574 0.5437077539203967 0.5353649694007867 0.5518237930241827 0.5236373253047114 0.5518237930241827 0.5049599728165044 0.5367511793025528 0.4502309670348196 0.5245771737213261 0.4337253872348007 0.4926929087725099 0.44458432026727124 0.4260257176600219 0.4554432532997419 0.3512425405182003 0.46326168269712537 0.30192359417544506 0.4715745464869026 0.29327106767801714 0.48107033406337496
1 0.2700824944642797 0.2685464900690565 0.24689392125054216 0.30242635079105185 0.248053332662032 0.31154785175466604 0.2422561959929042 0.31502269600908483 0.21674874688173454 0.35411484299600254 0.18892244841035907 0.39581313311538147 0.2022558919403019 0.41058129078819094 0.24399533964736508 0.4279555915934615 0.29211165626652735 0.4448955219544593 0.3228365098038537 0.45097650934133926 0.3390685349369735 0.445329852632144 0.3500831291067104 0.4357740209908452 0.3547208278271222 0.439683235689537 0.3663151011653779 0.44272370949968287 0.3831268585414689 0.4422893788219982 0.40283711790905824 0.43794579367903336 0.4213880189396102 0.4296929938373769 0.4347214359323267 0.41839972018557453 0.4526926047199075 0.40276286139080747 0.46138832299221244 0.38278241745307556 0.4648666103011344 0.3693173512297909 0.4642868780581633 0.35976149970519794 0.4677651653670852 0.34629641359861907 0.46370714581519223 0.3293564832376214 0.4602288585062702 0.31936628115204957 0.4526926047199075 0.31154785175466604 0.44167801055017064 0.30676991605072246 0.42950400496894386 0.30676991605072246 0.4329822922778659 0.2967796940818566 0.42254743035110004 0.28678949199628484 0.4086342811154123 0.28157720573136247 0.3581991151360442 0.26289983335986117 0.28888466659989037 0.24534915305102842 0.2700824944642797 0.2685464900690565
1 0.5626453400250335 0.10640806671345826 0.5325001921934521 0.1268228612121689 0.5116304683399204 0.1428940705679148 0.49945646275869365 0.15331864309775953 0.4942390317953108 0.16287451450564666 0.49134045019213374 0.1750365091627008 0.4982970248099776 0.18285493856008433 0.48612301922875084 0.18546108169254555 0.484963607817261 0.20022921948206082 0.4896013065376728 0.21456300671059733 0.4965578811555167 0.22933116438340678 0.5029347500676156 0.24105880847948216 0.5197464809064802 0.25582696615229167 0.534819041553658 0.2679889409260516 0.5568482298931319 0.27884788390016924 0.5817759202241042 0.28579761217559524 0.6049645199750678 0.283191469043134 0.6322110862034723 0.2779791827782117 0.6397473930642872 0.2701607533808281 0.6519213986455139 0.2736355976352469 0.6901825590436552 0.26103925241721393 0.7151103024490799 0.2432305811676704 0.7377191699570725 0.2275937223729032 0.7527917306042502 0.209350720445675 0.7585888938106042 0.19284516052895026 0.6745302661535066 0.14506586313939723 0.598587677600195 0.09337735105115234 0.5626453400250335 0.10640806671345826
1 0.43867945804783703 0.12465106864068654 0.42302716515768835 0.11205472342265359 0.3957805458548316 0.10423629402527004 0.3667948359719662 0.0985896373160747 0.34128741339802277 0.0968522151888653 0.3082436839632644 0.09902400776034771 0.28563481645527183 0.10467064458624886 0.267663647667691 0.11162035297838065 0.2531707661890321 0.12334799707445596 0.24563448586544334 0.13637871273676183 0.24621419157118826 0.14376279157316657 0.23519962393867747 0.15027814940431955 0.2259241999606277 0.16244014406137364 0.2230256183574507 0.17938007442237133 0.22766334361508872 0.2275937223729032 0.23346048028421654 0.25018030944309627 0.24911277317436525 0.26929201249228213 0.2670839154247199 0.27102945450278576 0.2902725151756836 0.2454023936224469 0.3598382613541224 0.26060488197294107 0.4380067291468149 0.2566956672742492 0.47105045858157324 0.2536551536975152 0.46583302761819034 0.24062443803520916 0.4704707263386022 0.22976553482767978 0.4687315826841411 0.21325993514436675 0.46583302761819034 0.19979486892108206 0.4664127333239353 0.18198621755483252 0.4646735896694743 0.1624401440613737 0.4577170150516304 0.14550021370037597 0.4467024474191197 0.13420694004857364 0.43867945804783703 0.12465106864068654
1 0.5065060605718148 0.3480338556091226 0.5082452042262758 0.3632363439596168 0.5123031707037166 0.37452963749471324 0.5209988889760213 0.39320698998292036 0.5360715026976514 0.40971256978293924 0.549404919690368 0.41970279175180514 0.5737529308528215 0.4296929938373769 0.608535803942041 0.4383801641233063 0.6491158402376143 0.4448955219544593 0.6688260996052037 0.4357740209908452 0.6862175361498135 0.4375114232347605 0.7041887049373943 0.42491507801672757 0.7720153605358242 0.3749639880556921 0.7865081889400308 0.3632363439596168 0.7923052990719326 0.34933692717535325 0.7273773046883579 0.30155762978580014 0.6856378569812946 0.27723362058839773 0.6757826742230476 0.2685464900690565 0.6520143953035652 0.2763649194664401 0.6375215138249063 0.2733244058897059 0.6288257955526013 0.2798397637208589 0.5766514859187722 0.28548642043005423 0.5563614943082118 0.2781023415936495 0.5175206016670993 0.30459812347924015 0.5198394775645314 0.32588163898320255 0.5157814580126384 0.3345687695025437 0.5140423143581775 0.33717491263500493 0.5065060605718148 0.3480338556091226
1 0.8395652790865039 0.3183991586834461 0.8096938918755882 0.35197133245290324 0.7864605653892541 0.3948691100472096 0.7864605653892541 0.4116551969319381 0.7906093438462591 0.42222422408659527 0.7872903514674016 0.4365234927711922 0.7914391299244067 0.4477142173610112 0.7980771906489881 0.46014833682115397 0.8130128842544458 0.47382590807058894 0.8296081500161986 0.4837732377900844 0.855330682803243 0.49309884161493345 0.874415230832572 0.4962073572502271 0.89764848135204 0.49931587288552065 0.9217115939165217 0.49993759878016675 0.9424555621684135 0.4993158728855206 0.9665186747328951 0.49993759878016675 0.991411497408658 0.49372051059061095 0.9997090543226683 0.4837732377900844 0.9980495581332397 0.3376720922277906 0.872755658676277 0.29912625359858586 0.8627985296059719 0.2991262535985859 0.8395652790865039 0.3183991586834461
1 0.801396258994712 0.15725953617664085 0.8088641057974408 0.1678285633312981 0.824629585481046 0.17839756202647092 0.8428842714653616 0.18772316585132015 0.89764848135204 0.21259146169057425 0.908435396500493 0.22067364218561533 0.9275198685629558 0.22689070191568678 1 0.15352929464670115 1 0.045973987713612295 0.9773055139144816 0.03353985402372745 0.9598805380414474 0.029809612493787763 0.9366472875219793 0.02856620339372192 0.9258603723735268 0.03105302159385357 0.9142437471137926 0.021727417769004394 0.8860318560923061 0.02172741776900441 0.8669473840298432 0.026701082628752103 0.8495224081568091 0.03353985402372745 0.8362462107407801 0.04037862541870281 0.8204807310571749 0.05094765257336 0.8080343197192932 0.06524692125795689 0.7964176944595593 0.08638494710778696 0.7889498476568304 0.11063151705239489 0.7839712831216779 0.13052614803190127 0.7906093438462592 0.142960267492044 0.8054104499025861 0.14681529656133488 0.801396258994712 0.15725953617664085
