1 0.6221640488656195 0.10835242146596862 0.6221640488656195 0.1132607984293194 0.6265270506108201 0.12594077225130892 0.6292539267015707 0.14148396596858642 0.631980802792321 0.16111747382198954 0.6297993019197208 0.1807509816753927 0.6297993019197208 0.19506708115183247 0.631980802792321 0.2057018979057592 0.6407068062827225 0.20856511780104717 0.6537958115183246 0.20979221204188486 0.6772469458987783 0.21388252617801048 0.7045157068062826 0.21756380890052357 0.7170593368237347 0.2167457460732985 0.7366928446771379 0.2102012434554974 0.7421465968586387 0.20283867801047126 0.7557809773123909 0.2024296465968587 0.762325479930192 0.1971122382198953 0.7672338568935426 0.18443226439790578 0.7705061082024433 0.16929810209424084 0.769415357766143 0.15293684554973824 0.7645069808027923 0.1378026832460733 0.7546902268760907 0.12348658376963353 0.7416012216404886 0.11203370418848171 0.7290575916230366 0.10998854712041888 0.7236038394415357 0.10467113874345553 0.7116055846422338 0.09730857329842936 0.6957897033158813 0.09608147905759165 0.6745200698080278 0.09526341623036652 0.6630671902268761 0.09649051047120423 0.6417975567190226 0.09812663612565449 0.6297993019197208 0.10098985602094243 0.6221640488656195 0.10835242146596862
1 0.4416448516579406 0.10058082460732987 0.43837260034904013 0.10385307591623039 0.4443717277486911 0.11898723821989532 0.44655322862129143 0.1320762434554974 0.4498254799301919 0.14966459424083772 0.4558246073298429 0.16643488219895292 0.4601876090750435 0.1864774214659686 0.4634598603839441 0.20283867801047126 0.47164048865619546 0.21265543193717282 0.4961823734729494 0.2167457460732985 0.5179973821989529 0.21756380890052357 0.5485383944153577 0.2163367146596859 0.5648996509598604 0.2167457460732985 0.5845331588132635 0.21142833769633512 0.5954406631762652 0.2032477094240838 0.5987129144851657 0.20202061518324613 0.6090750436300174 0.1995664267015707 0.6216186736474694 0.18852257853403143 0.6292539267015707 0.1770696989528796 0.6297993019197208 0.16193553664921467 0.6297993019197208 0.1521187827225131 0.62489092495637 0.14025687172774873 0.6221640488656195 0.12921302356020944 0.6172556719022687 0.11857820680628275 0.6090750436300174 0.11080660994764399 0.6014397905759161 0.10303501308900527 0.5948952879581151 0.09771760471204191 0.5856239092495636 0.09608147905759165 0.5774432809773125 0.09608147905759165 0.5659904013961605 0.09894469895287962 0.5583551483420593 0.091991164921466 0.550174520069808 0.08790085078534035 0.5365401396160558 0.08462859947643983 0.5283595113438044 0.08462859947643983 0.5158158813263525 0.08462859947643983 0.5027268760907504 0.0838105366492147 0.488001745200698 0.08421956806282727 0.47164048865619546 0.08626472513089009 0.46182373472949384 0.08790085078534035 0.44655322862129143 0.0932182591623037 0.4416448516579406 0.10058082460732987
1 0.6118019197207678 0.2596940445026178 0.6145287958115183 0.2662385471204189 0.6112565445026178 0.2748282068062827 0.6156195462478184 0.28423592931937175 0.618891797556719 0.3001881544502618 0.6172556719022687 0.31245909685863876 0.6178010471204187 0.3222758507853404 0.6145287958115183 0.33372873036649214 0.6123472949389179 0.3419093586387435 0.6112565445026178 0.3529532068062827 0.6167102966841186 0.3611338350785341 0.6287085514834205 0.3664512434554974 0.6467059336823734 0.36808736910994766 0.6772469458987783 0.37095058900523564 0.7017888307155322 0.37054155759162305 0.7208769633507852 0.3701325261780105 0.731784467713787 0.3631789921465969 0.7405104712041883 0.3611338350785341 0.7497818499127399 0.35949770942408377 0.7590532286212913 0.35090804973821993 0.7655977312390925 0.335773887434555 0.7683246073298429 0.31859456806282727 0.7683246073298429 0.30427846858638746 0.762325479930192 0.2895533376963351 0.7552356020942408 0.2768733638743456 0.7476003490401396 0.2695107984293194 0.7399650959860382 0.2662385471204189 0.7306937172774868 0.26460242146596863 0.7230584642233856 0.26582951570680635 0.7241492146596858 0.25723985602094246 0.7105148342059338 0.2519224476439791 0.6941535776614309 0.2494682591623037 0.6756108202443281 0.24824116492146603 0.6657940663176264 0.24824116492146603 0.6532504363001745 0.24742310209424087 0.6385253054101221 0.2486501963350786 0.6265270506108201 0.24824116492146603 0.6183464223385688 0.25396760471204194 0.6118019197207678 0.2596940445026178
1 0.4318280977312391 0.24046956806282727 0.43346422338568935 0.2506953534031414 0.43837260034904013 0.2633753272251309 0.44273560209424084 0.27973658376963356 0.4443717277486911 0.29568880890052357 0.4454624781849912 0.3120500654450262 0.4460078534031413 0.3239119764397906 0.44873472949389176 0.33536485602094246 0.45200698080279234 0.34845386125654454 0.4574607329842932 0.35458933246073304 0.47109511343804533 0.35458933246073304 0.4923647469458987 0.3529532068062827 0.5152705061082024 0.3529532068062827 0.5365401396160558 0.35418030104712045 0.5529013961605583 0.35704352094240843 0.5703534031413612 0.35418030104712045 0.5823516579406631 0.3476357984293194 0.5828970331588132 0.34395451570680635 0.588350785340314 0.345181609947644 0.5981675392670156 0.3415003272251309 0.6068935427574171 0.3378190445026178 0.6156195462478184 0.32595713350785344 0.6172556719022687 0.30346040575916233 0.6161649214659686 0.28709914921465973 0.6123472949389179 0.2731920811518325 0.6068935427574171 0.2637843586387435 0.6014397905759161 0.2519224476439791 0.5888961605584642 0.24292375654450266 0.5725349040139616 0.23924247382198954 0.5605366492146595 0.2421056937172775 0.5589005235602095 0.23678828534031418 0.5496291448516579 0.22983475130890058 0.5343586387434553 0.22615346858638746 0.5016361256544503 0.22615346858638746 0.4858202443280977 0.2281986256544503 0.47109511343804533 0.22778959424083772 0.4574607329842932 0.22901668848167542 0.44273560209424084 0.2314708769633508 0.43728184991273994 0.23474312827225133 0.4318280977312391 0.24046956806282727
1 0.4351003490401396 0.36481511780104714 0.43728184991273994 0.37217768324607337 0.43782722513089 0.38240346858638746 0.43891797556719025 0.395083442408377 0.43946335078534027 0.40899051047120416 0.4416448516579406 0.43189626963350786 0.4410994764397905 0.4482575261780105 0.4421902268760907 0.46011943717277487 0.4416448516579406 0.4707542539267015 0.4416448516579406 0.47893488219895286 0.4574607329842932 0.4822071335078534 0.47436736474694585 0.48138907068062825 0.5054537521815009 0.4834342277486911 0.5239965095986039 0.4834342277486911 0.5490837696335078 0.482616164921466 0.5643542757417103 0.4801619764397905 0.575261780104712 0.47688972513089 0.5834424083769634 0.46830006544502617 0.593804537521815 0.46830006544502617 0.6052574171029669 0.4662549083769633 0.6134380453752181 0.4572562172774869 0.6183464223385688 0.4482575261780105 0.6210732984293192 0.432714332460733 0.6210732984293192 0.4151259816753926 0.6167102966841186 0.39917375654450266 0.6101657940663175 0.3840395942408377 0.5965314136125655 0.3689054319371728 0.5872600349040139 0.3660422120418848 0.5796247818499126 0.36522414921465973 0.5741710296684118 0.3689054319371728 0.56271815008726 0.3611338350785341 0.5496291448516579 0.35704352094240843 0.5190881326352531 0.3533622382198953 0.4945462478184991 0.35418030104712045 0.46618673647469455 0.3554073952879581 0.4498254799301919 0.35663448952879584 0.43837260034904013 0.35990674083769636 0.4351003490401396 0.36481511780104714
1 0.6243455497382199 0.3787221858638744 0.6243455497382199 0.39549247382198954 0.6265270506108201 0.4126717931937173 0.62489092495637 0.43189626963350786 0.6254363001745201 0.45398396596858637 0.6287085514834205 0.4723903795811518 0.6336169284467713 0.48588841623036644 0.6510689354275742 0.4883426047120419 0.6772469458987783 0.4879335732984293 0.7077879581151831 0.4879335732984293 0.7296029668411866 0.48670647905759157 0.7454188481675392 0.4842522905759162 0.7476003490401396 0.479752945026178 0.7530541012216404 0.4801619764397905 0.7650523560209423 0.479752945026178 0.7775959860383943 0.47279941099476436 0.7841404886561955 0.458074280104712 0.7863219895287956 0.4372136780104712 0.7857766143106457 0.41798920157068065 0.7803228621291447 0.40367310209424084 0.7677792321116927 0.3893570026178011 0.7546902268760907 0.3860847513089006 0.7470549738219895 0.3860847513089006 0.7356020942408377 0.3783131544502618 0.7274214659685864 0.3717686518324608 0.7126963350785339 0.3717686518324608 0.6985165794066317 0.37095058900523564 0.6805191972076788 0.3713596204188482 0.6636125654450261 0.37054155759162305 0.6516143106457243 0.37095058900523564 0.637434554973822 0.37095058900523564 0.6287085514834205 0.37340477748691103 0.6243455497382199 0.3787221858638744
1 0.6238001745200699 0.4989774214659685 0.6232547993019197 0.5137025523560209 0.62489092495637 0.5259734947643978 0.6265270506108201 0.5349721858638743 0.6297993019197208 0.5451979712041884 0.631980802792321 0.5582869764397905 0.631435427574171 0.5685127617801047 0.6297993019197208 0.5758753272251308 0.6276178010471203 0.5807837041884817 0.6276178010471203 0.5881462696335078 0.6303446771378708 0.5995991492146596 0.6303446771378708 0.6045075261780104 0.6417975567190226 0.6065526832460733 0.6608856893542757 0.611461060209424 0.6963350785340314 0.611461060209424 0.7214223385689353 0.6098249345549738 0.7405104712041883 0.604916557591623 0.7486910994764397 0.6008262434554974 0.7541448516579405 0.5959178664921466 0.7634162303664921 0.5975539921465968 0.7726876090750435 0.5938727094240838 0.7808682373472948 0.5865101439790575 0.7868673647469457 0.5783295157068062 0.7906849912739965 0.561559227748691 0.7885034904013961 0.545607002617801 0.7863219895287956 0.5304728403141361 0.7825043630017452 0.5190199607329842 0.775414485165794 0.5116573952879582 0.7715968586387434 0.5055219240837696 0.7650523560209423 0.5006135471204188 0.7552356020942408 0.4993864528795811 0.7497818499127399 0.49979548429319365 0.7481457242582896 0.5006135471204188 0.7432373472949388 0.49570517015706805 0.7350567190226875 0.49038776178010474 0.7257853403141361 0.48670647905759157 0.6957897033158813 0.48711551047120416 0.6674301919720766 0.48752454188481675 0.6396160558464222 0.48997873036649214 0.631980802792321 0.49161485602094235 0.6238001745200699 0.4989774214659685
1 0.45309773123909247 0.4887516361256544 0.4514616055846422 0.4973412958115183 0.4481893542757417 0.5137025523560209 0.443826352530541 0.536199280104712 0.4416448516579406 0.5599231020942408 0.43782722513089 0.5816017670157068 0.4345549738219895 0.5971449607329842 0.4367364746945898 0.6040984947643978 0.44328097731239086 0.6094159031413613 0.4683682373472949 0.6126881544502617 0.4858202443280977 0.6159604057591623 0.5136343804537522 0.6196416884816753 0.544175392670157 0.620868782722513 0.5643542757417103 0.6171875 0.5774432809773125 0.6081888089005235 0.5905322862129144 0.6118700916230366 0.6041666666666666 0.6098249345549738 0.6150741710296683 0.5995991492146596 0.6243455497382199 0.5901914267015707 0.6270724258289702 0.5799656413612565 0.6292539267015707 0.5619682591623036 0.6276178010471203 0.545607002617801 0.6221640488656195 0.5308818717277487 0.6199825479930191 0.5231102748691099 0.6118019197207678 0.5153386780104712 0.606348167539267 0.5096122382198953 0.5992582897033157 0.5063399869109947 0.5921684118673647 0.5055219240837696 0.5872600349040139 0.5083851439790575 0.5796247818499126 0.5018406413612565 0.569262652705061 0.4948871073298429 0.5572643979057592 0.49161485602094235 0.5447207678883071 0.49038776178010474 0.5310863874345549 0.4879335732984293 0.5169066317626527 0.48629744764397903 0.49836387434554974 0.4846613219895287 0.481457242582897 0.48302519633507857 0.47109511343804533 0.48302519633507857 0.46073298429319365 0.48670647905759157 0.45309773123909247 0.4887516361256544
1 0.4590968586387434 0.6270042539267016 0.4590968586387434 0.6339577879581151 0.4558246073298429 0.6429564790575916 0.4547338568935427 0.6535912958115182 0.45200698080279234 0.6638170811518325 0.45200698080279234 0.6769060863874345 0.4498254799301919 0.6904041230366491 0.44709860383944144 0.7014479712041884 0.443826352530541 0.7149460078534031 0.44273560209424084 0.7239446989528795 0.4405541012216404 0.7313072643979057 0.43728184991273994 0.7378517670157068 0.4367364746945898 0.7448053010471204 0.450370855148342 0.7484865837696335 0.4683682373472949 0.7521678664921465 0.48472949389179754 0.7538039921465968 0.5038176265270506 0.7562581806282722 0.5229057591623036 0.7574852748691099 0.5365401396160558 0.7583033376963351 0.5496291448516579 0.7578943062827225 0.5665357766143106 0.754622054973822 0.5768979057591623 0.7509407722513088 0.5828970331588132 0.7452143324607329 0.5916230366492146 0.7480775523560209 0.5987129144851657 0.7480775523560209 0.607438917975567 0.748895615183246 0.6139834205933682 0.7431691753926701 0.6205279232111692 0.7378517670157068 0.6276178010471203 0.7308982329842931 0.6303446771378708 0.7239446989528795 0.6341623036649214 0.7153550392670157 0.637434554973822 0.7030840968586387 0.637434554973822 0.689586060209424 0.6363438045375217 0.6744518979057591 0.6336169284467713 0.6605448298429318 0.6270724258289702 0.6482738874345549 0.619437172774869 0.642547447643979 0.607438917975567 0.6384571335078534 0.5992582897033157 0.6372300392670157 0.5948952879581151 0.6400932591623036 0.5894415357766143 0.6323216623036648 0.5812609075043629 0.626595222513089 0.5708987783595113 0.6249590968586387 0.5550828970331587 0.6216868455497382 0.5398123909249564 0.6200507198952879 0.5141797556719021 0.6192326570680627 0.494000872600349 0.6171875 0.481457242582897 0.6171875 0.4678228621291448 0.6188236256544501 0.46182373472949384 0.620868782722513 0.4590968586387434 0.6270042539267016
1 0.6292539267015707 0.6335487565445026 0.6292539267015707 0.6441835732984293 0.6297993019197208 0.6503190445026178 0.6347076788830716 0.6597267670157068 0.6385253054101221 0.670770615183246 0.6401614310645724 0.6814054319371727 0.6396160558464222 0.6985847513089005 0.637434554973822 0.71126472513089 0.6347076788830716 0.7194453534031413 0.6347076788830716 0.7263988874345549 0.6390706806282722 0.7341704842931936 0.6472513089005234 0.7378517670157068 0.6614310645724257 0.7398969240837696 0.6777923211169284 0.739487892670157 0.6914267015706806 0.739487892670157 0.7083333333333333 0.739487892670157 0.7165139616055847 0.7370337041884817 0.7328752181500872 0.7378517670157068 0.7421465968586387 0.7345795157068062 0.7541448516579405 0.7317162958115182 0.7617801047120418 0.7247627617801047 0.7617801047120418 0.7202634162303665 0.7683246073298429 0.7169911649214659 0.7737783595113438 0.7202634162303665 0.7830497382198953 0.7186272905759161 0.7890488656195462 0.7124918193717277 0.793957242582897 0.7043111910994764 0.7988656195462477 0.6953125 0.7999563699825479 0.6854957460732984 0.8010471204188481 0.6748609293193717 0.8010471204188481 0.6638170811518325 0.7994109947643978 0.6511371073298429 0.7961387434554973 0.638866164921466 0.7885034904013961 0.627413285340314 0.7792321116928446 0.6200507198952879 0.768869982547993 0.6171875 0.7585078534031412 0.6159604057591623 0.7595986038394414 0.6184145942408377 0.7497818499127399 0.614324280104712 0.7366928446771379 0.6102339659685864 0.7268760907504362 0.6098249345549738 0.6608856893542757 0.6122791230366491 0.6488874345549738 0.6122791230366491 0.6325261780104712 0.6167784685863874 0.6330715532286213 0.6229139397905759 0.6292539267015707 0.6335487565445026
1 0.48363874345549734 0.7897987565445026 0.4863656195462478 0.7975703534031413 0.488001745200698 0.8077961387434553 0.4907286212914485 0.8163857984293192 0.49509162303664916 0.8286567408376962 0.4972731239092495 0.8347922120418847 0.50054537521815 0.8425638089005234 0.5021815008726003 0.8503354057591622 0.5054537521815009 0.8581070026178009 0.5049083769633508 0.8679237565445026 0.5087260034904014 0.8801946989528796 0.5119982547993019 0.890011452879581 0.5174520069808027 0.8981920811518324 0.5261780104712042 0.9002372382198953 0.5392670157068062 0.8998282068062826 0.5529013961605583 0.8973740183246072 0.5632635253054101 0.8957378926701571 0.5785340314136126 0.892874672774869 0.5921684118673647 0.889193390052356 0.6014397905759161 0.8859211387434553 0.6145287958115183 0.88346695026178 0.62489092495637 0.8785585732984293 0.6308900523560209 0.8724231020942408 0.6336169284467713 0.8638334424083769 0.6439790575916231 0.8609702225130891 0.6527050610820244 0.8556528141361255 0.6597949389179755 0.8499263743455497 0.6657940663176264 0.8397005890052356 0.6674301919720766 0.8274296465968586 0.6674301919720766 0.8143406413612565 0.6657940663176264 0.8016606675392669 0.6608856893542757 0.7852994109947644 0.6537958115183246 0.7730284685863874 0.6412521815008725 0.7595304319371727 0.6292539267015707 0.7570762434554974 0.6150741710296683 0.7525768979057591 0.6068935427574171 0.7558491492146596 0.5948952879581151 0.7493046465968586 0.5790794066317625 0.7493046465968586 0.5638089005235601 0.7550310863874345 0.5545375218150086 0.7574852748691099 0.5365401396160558 0.7595304319371727 0.5267233856893542 0.761166557591623 0.5098167539267016 0.7668929973821988 0.4901832460732984 0.7738465314136125 0.48036649214659677 0.7791639397905759 0.48363874345549734 0.7897987565445026
1 0.6532504363001745 0.7701652486910995 0.6603403141361256 0.779982002617801 0.6657940663176264 0.795934227748691 0.6685209424083769 0.8127045157068062 0.6712478184991274 0.8290657722513088 0.6712478184991274 0.8380644633507852 0.6717931937172775 0.849517342931937 0.6739746945898777 0.8581070026178009 0.6772469458987783 0.8679237565445026 0.6837914485165794 0.8728321335078533 0.6963350785340314 0.8765134162303664 0.7116055846422338 0.8744682591623036 0.725239965095986 0.8707869764397905 0.7405104712041883 0.8687418193717276 0.7552356020942408 0.86751472513089 0.7737783595113438 0.8621973167539266 0.7852312390924956 0.8572889397905759 0.7890488656195462 0.8540166884816754 0.7863219895287956 0.8466541230366491 0.7895942408376962 0.8454270287958116 0.7983202443280977 0.8433818717277486 0.8043193717277486 0.8356102748691099 0.8103184991273995 0.8290657722513088 0.8135907504363 0.820476112565445 0.8146815008726002 0.808205170157068 0.8141361256544503 0.7938890706806283 0.8103184991273995 0.7779368455497382 0.8021378708551483 0.7656659031413613 0.793957242582897 0.7558491492146596 0.7841404886561955 0.7435782068062827 0.775414485165794 0.7411240183246073 0.7645069808027923 0.739487892670157 0.75032722513089 0.7353975785340314 0.7328752181500872 0.7378517670157068 0.7186954624781849 0.7403059554973821 0.7012434554973821 0.7439872382198953 0.6903359511343805 0.7476685209424083 0.6723385689354275 0.7533949607329842 0.6576134380453752 0.7587123691099477 0.6521596858638743 0.7628026832460733 0.6532504363001745 0.7701652486910995
1 0.055519197207678915 0.9362320026178009 0.07078970331588136 0.9358229712041884 0.0860602094240838 0.9345958769633507 0.10514834205933685 0.9337778141361255 0.12750872600349045 0.9337778141361255 0.1504144851657941 0.9292784685863873 0.1716841186736475 0.9272333115183246 0.1967713787085515 0.9215068717277486 0.21258726003490405 0.9153714005235601 0.22294938917975568 0.9059636780104711 0.23222076788830717 0.9055546465968586 0.24967277486910996 0.9026914267015707 0.2660340314136126 0.8855121073298429 0.27257853403141363 0.8671056937172775 0.27857766143106455 0.8519715314136125 0.2763961605584642 0.8323380235602095 0.2742146596858639 0.8122954842931935 0.26657940663176266 0.7983884162303665 0.2627617801047121 0.7897987565445026 0.24803664921465973 0.7750736256544501 0.23222076788830717 0.7726194371727748 0.21695026178010474 0.7734374999999999 0.2104057591623037 0.7750736256544501 0.20440663176265272 0.7713923429319371 0.2027705061082025 0.7644388089005235 0.1760471204188482 0.7632117146596858 0.1455061082024433 0.7660749345549738 0.11823734729493893 0.7693471858638743 0.07569808027923215 0.7763007198952879 0.057700698080279264 0.7816181282722512 0.04679319371727751 0.7885716623036648 0.047338568935427594 0.8016606675392669 0.04624781849912744 0.8217032068062826 0.047338568935427594 0.8421547774869109 0.048974694589877875 0.8716050392670157 0.051701570680628306 0.898601112565445 0.05006544502617803 0.9255971858638743 0.055519197207678915 0.9362320026178009
1 0.27748691099476436 0.7922529450261779 0.2763961605584642 0.8065690445026178 0.2796684118673648 0.8159767670157068 0.27857766143106455 0.8274296465968586 0.27857766143106455 0.8425638089005234 0.27857766143106455 0.8630153795811518 0.2769415357766143 0.8756953534031412 0.2763961605584642 0.8883753272251308 0.2769415357766143 0.8973740183246072 0.2834860383944154 0.9047365837696335 0.3118455497382199 0.9059636780104711 0.3325698080279232 0.9047365837696335 0.3456588132635253 0.9031004581151831 0.3532940663176265 0.9022823952879581 0.36801919720767884 0.8998282068062826 0.3811082024432809 0.898601112565445 0.38983420593368234 0.8977830497382199 0.40128708551483416 0.8953288612565444 0.41164921465968585 0.892874672774869 0.4171029668411867 0.8867392015706805 0.4231020942408376 0.8797856675392669 0.43128272251308897 0.8789676047120418 0.44764397905759157 0.8765134162303664 0.45800610820244325 0.8720140706806282 0.46236910994764396 0.8613792539267016 0.4672774869109947 0.8540166884816754 0.47054973821989526 0.848699280104712 0.4727312390924956 0.8441999345549738 0.47436736474694585 0.8388825261780104 0.4765488656195462 0.8262025523560208 0.4787303664921465 0.8159767670157068 0.4770942408376963 0.8049329188481675 0.47600349040139617 0.7996155104712042 0.47382198952879573 0.7955251963350785 0.4721858638743456 0.7914348821989529 0.4683682373472949 0.7861174738219895 0.4629144851657941 0.7754826570680627 0.4574607329842932 0.7709833115183246 0.4514616055846422 0.7656659031413613 0.4454624781849912 0.7615755890052356 0.4367364746945898 0.7595304319371727 0.4318280977312391 0.7595304319371727 0.4247382198952879 0.7595304319371727 0.41055846422338566 0.754622054973822 0.3958333333333333 0.7521678664921465 0.3865619546247818 0.7513498036649214 0.3761998254799302 0.7525768979057591 0.36747382198952877 0.7538039921465968 0.3554755671902268 0.755440117801047 0.3451134380453752 0.7599394633507852 0.33529668411867364 0.7619846204188481 0.3243891797556719 0.7636207460732984 0.3140270506108202 0.7636207460732984 0.3020287958115183 0.7648478403141361 0.29221204188481675 0.7656659031413613 0.2780322862129145 0.7693471858638743 0.27748691099476436 0.7922529450261779
1 0.1924083769633508 0.6523642015706806 0.1924083769633508 0.673633835078534 0.19568062827225136 0.6883589659685863 0.19731675392670162 0.7039021596858638 0.19840750436300178 0.720672447643979 0.20058900523560214 0.733761452879581 0.20331588132635256 0.7407149869109947 0.20004363001745204 0.7525768979057591 0.20167975567190227 0.7656659031413613 0.2098603839441536 0.7758916884816753 0.21804101221640487 0.7726194371727748 0.2442190226876091 0.7718013743455497 0.2627617801047121 0.7668929973821988 0.28893979057591623 0.7660749345549738 0.31457242582897027 0.7644388089005235 0.33802356020942403 0.761166557591623 0.3543848167539267 0.7558491492146596 0.3620200698080279 0.7448053010471204 0.3620200698080279 0.739487892670157 0.36856457242582896 0.7439872382198953 0.3800174520069808 0.7435782068062827 0.3914703315881326 0.739487892670157 0.3974694589877836 0.7321253272251308 0.40619546247818494 0.7214905104712042 0.41164921465968585 0.7063563481675392 0.4132853403141361 0.6912221858638743 0.4094677137870855 0.6744518979057591 0.40619546247818494 0.6609538612565444 0.400196335078534 0.6441835732984293 0.39310645724258286 0.6384571335078534 0.3789267015706806 0.6327306937172774 0.37020069808027917 0.6290494109947644 0.3582024432809773 0.6286403795811518 0.3483856893542757 0.6343668193717277 0.34456806282722513 0.6257771596858638 0.32929755671902267 0.623732002617801 0.3183900523560209 0.6241410340314136 0.2987565445026178 0.6261861910994764 0.27530541012216403 0.6270042539267016 0.25621727748691103 0.627413285340314 0.24258289703315886 0.627413285340314 0.22294938917975568 0.627413285340314 0.20767888307155324 0.6315035994764397 0.19458987783595116 0.6372300392670157 0.1924083769633508 0.6523642015706806
1 0.19568062827225136 0.4932509816753926 0.1929537521815009 0.4993864528795811 0.19077225130890058 0.5149296465968586 0.18913612565445032 0.5329270287958116 0.1885907504363002 0.5468340968586387 0.18804537521815012 0.5693308246073298 0.18640924956369986 0.5848740183246073 0.18695462478184996 0.6040984947643978 0.18640924956369986 0.6180055628272251 0.19022687609075045 0.6245500654450262 0.20167975567190227 0.626595222513089 0.2147687609075044 0.6257771596858638 0.23767452006980805 0.6257771596858638 0.2611256544502618 0.6257771596858638 0.2802137870855148 0.6257771596858638 0.3036649214659685 0.6249590968586387 0.3194808027923211 0.6225049083769634 0.33311518324607325 0.6204597513089005 0.344022687609075 0.614324280104712 0.35165794066317624 0.6077797774869109 0.3603839441535776 0.610642997382199 0.37401832460732987 0.6126881544502617 0.3865619546247818 0.6094159031413613 0.3947425828970331 0.6000081806282722 0.3969240837696335 0.5934636780104712 0.400196335078534 0.5840559554973821 0.4034685863874345 0.577511452879581 0.4051047120418848 0.5697398560209423 0.40619546247818494 0.5640134162303665 0.4051047120418848 0.5529695680628273 0.4045593368237347 0.5402895942408377 0.3996509598603839 0.5308818717277487 0.3920157068062827 0.5198380235602094 0.38492582897033156 0.5128844895287957 0.37510907504363 0.5063399869109947 0.3658376963350785 0.49979548429319365 0.3554755671902268 0.4989774214659685 0.34238656195462475 0.4993864528795811 0.33311518324607325 0.4924329188481675 0.3183900523560209 0.4924329188481675 0.3009380453752181 0.48997873036649214 0.28403141361256545 0.489160667539267 0.26385253054101226 0.48670647905759157 0.24258289703315886 0.48629744764397903 0.2278577661431065 0.4854793848167539 0.2049520069808028 0.48711551047120416 0.19568062827225136 0.4932509816753926
1 0.22513089005235604 0.3615428664921466 0.22513089005235604 0.37422284031413616 0.22349476439790578 0.38853893979057597 0.2240401396160559 0.40040085078534027 0.22076788830715532 0.4155350130890052 0.21804101221640487 0.43189626963350786 0.21531413612565445 0.44580333769633507 0.21258726003490405 0.45930137434554974 0.2087696335078534 0.4719813481675392 0.21585951134380457 0.4822071335078534 0.2262216404886562 0.4850703534031413 0.2529450261780105 0.48629744764397903 0.29003054101221637 0.4895696989528796 0.3118455497382199 0.49038776178010474 0.33147905759162305 0.4924329188481675 0.34347731239092494 0.49284195026178007 0.36420157068062825 0.4907967931937172 0.37674520069808026 0.4850703534031413 0.3854712041884817 0.48711551047120416 0.39801483420593364 0.4846613219895287 0.41164921465968585 0.47729875654450254 0.41982984293193715 0.4650278141361256 0.4258289703315882 0.4466214005235602 0.4269197207678882 0.429851112565445 0.42419284467713786 0.4106266361256544 0.419284467713787 0.39753763089005234 0.412739965095986 0.3889479712041885 0.400196335078534 0.38240346858638746 0.3865619546247818 0.3774950916230367 0.37565445026178007 0.3774950916230367 0.37020069808027917 0.3787221858638744 0.36747382198952877 0.3689054319371728 0.3582024432809773 0.3627699607329843 0.3418411867364747 0.35786158376963356 0.31893542757417104 0.35704352094240843 0.3009380453752181 0.3549983638743456 0.2823952879581152 0.3533622382198953 0.2654886561954625 0.3500899869109948 0.24803664921465973 0.3488628926701571 0.22949389179755672 0.3521351439790576 0.22513089005235604 0.3615428664921466
1 0.24367364746945902 0.22001799738219902 0.2404013961605585 0.2326979712041885 0.2398560209424084 0.24783213350785344 0.2387652705061082 0.2609211387434555 0.23712914485165798 0.27891852094240843 0.23440226876090753 0.2977339659685864 0.23167539267015708 0.3128681282722513 0.22949389179755672 0.3325016361256545 0.23603839441535782 0.34272742146596863 0.2529450261780105 0.34845386125654454 0.28893979057591623 0.3533622382198953 0.3102094240837696 0.3549983638743456 0.33638743455497383 0.35908867801047123 0.3532940663176265 0.35990674083769636 0.3669284467713787 0.35745255235602097 0.3783813263525305 0.3525441753926702 0.39365183246073293 0.3554073952879581 0.4089223385689354 0.35090804973821993 0.4220113438045375 0.3447725785340314 0.42801047120418845 0.33372873036649214 0.43346422338568935 0.3222758507853404 0.43782722513089 0.30632362565445026 0.43837260034904013 0.29078043193717285 0.4367364746945898 0.2731920811518325 0.43073734729493884 0.2564217931937173 0.4220113438045375 0.24824116492146603 0.4094677137870855 0.2449689136125655 0.3920157068062827 0.24578697643979058 0.38492582897033156 0.2376063481675393 0.3707460732984293 0.22942571989528798 0.34893106457242584 0.22492637434554977 0.3194808027923211 0.22001799738219902 0.2862129144851658 0.21592768324607334 0.2627617801047121 0.2151096204188482 0.2518542757417103 0.21388252617801048 0.24367364746945902 0.22001799738219902
1 0.25076352530541013 0.10385307591623039 0.25021815008726006 0.11571498691099477 0.2534904013961606 0.129622054973822 0.2567626527050611 0.14352912303664925 0.2611256544502618 0.15743619109947646 0.2649432809773124 0.17870582460732987 0.2676701570680628 0.19793030104712045 0.2698516579406632 0.21306446335078538 0.29657504363001747 0.217154777486911 0.31893542757417104 0.21919993455497386 0.35056719022687605 0.2257444371727749 0.3718368237347295 0.22860765706806285 0.3865619546247818 0.2257444371727749 0.3996509598603839 0.22001799738219902 0.40292321116928437 0.21347349476439798 0.41055846422338566 0.21265543193717282 0.4220113438045375 0.20651996073298431 0.43128272251308897 0.20202061518324613 0.43891797556719025 0.19424901832460734 0.4421902268760907 0.18279613874345552 0.44273560209424084 0.16929810209424084 0.44273560209424084 0.1570271596858639 0.4405541012216404 0.14721040575916233 0.4351003490401396 0.1345304319371728 0.42801047120418845 0.1238956151832461 0.4209205933682373 0.11448789267015709 0.41492146596858637 0.10917048429319373 0.4072862129144851 0.10426210732984295 0.3958333333333333 0.10221695026178013 0.3881980802792321 0.10262598167539269 0.3811082024432809 0.09608147905759165 0.36747382198952877 0.09240019633507857 0.3538394415357766 0.08994600785340318 0.3418411867364747 0.08912794502617805 0.32166230366492143 0.08912794502617805 0.306391797556719 0.08953697643979061 0.29493891797556715 0.08790085078534035 0.2693062827225131 0.08953697643979061 0.25021815008726006 0.09608147905759165 0.25076352530541013 0.10385307591623039
1 0.03315881326352534 0.11039757853403143 0.03534031413612569 0.12225948952879584 0.03861256544502621 0.13575752617801048 0.03970331588132638 0.15048265706806285 0.0429755671902269 0.16357166230366493 0.0429755671902269 0.1807509816753927 0.04406631762652709 0.19547611256544503 0.04352094240837699 0.21265543193717282 0.04406631762652709 0.2245173429319372 0.048429319371727786 0.23024378272251314 0.05388307155322865 0.23637925392670162 0.07024432809773126 0.23924247382198954 0.08987783595113441 0.24292375654450266 0.11496509598603841 0.24578697643979058 0.1455061082024433 0.24742310209424087 0.16568499127399655 0.24660503926701574 0.18804537521815012 0.24455988219895292 0.20549738219895292 0.24046956806282727 0.2147687609075044 0.2314708769633508 0.22185863874345552 0.2314708769633508 0.2354930191972077 0.23024378272251314 0.24312827225130892 0.22410831151832467 0.2529450261780105 0.21101930628272253 0.2551265270506108 0.19424901832460734 0.2556719022687609 0.17625163612565448 0.2518542757417103 0.1545729712041885 0.24585514834205932 0.14025687172774873 0.23658376963350786 0.12594077225130892 0.22458551483420597 0.12103239528795813 0.20767888307155324 0.11735111256544503 0.19622600349040145 0.11653304973821992 0.18531849912739967 0.11366982984293197 0.18204624781849915 0.10835242146596862 0.1755017452006981 0.10630726439790579 0.16513961605584646 0.10180791884816756 0.149869109947644 0.09935373036649217 0.1318717277486911 0.09689954188481678 0.11332897033158815 0.09689954188481678 0.09205933682373477 0.09689954188481678 0.07569808027923215 0.09689954188481678 0.059882198952879606 0.09608147905759165 0.038067190226876116 0.09730857329842936 0.03315881326352534 0.11039757853403143
