1 0.11452330368461294 0.1986805798770937 0.11568010473193235 0.22557620422726793 0.12493451311048678 0.2516042277919527 0.13997292672563802 0.2620154372178266 0.14575693196223471 0.27242664664370053 0.15385453929346987 0.2915138639244693 0.16773615186130167 0.3010574725648537 0.1920289738550076 0.31233628277621717 0.2568098325048898 0.3201446898456225 0.29035706287714996 0.31493908513268565 0.31696348696549437 0.3062630772777907 0.3481971152431161 0.28804346078251136 0.3597651257163094 0.27329424742919 0.3597651257163094 0.2646182395742951 0.38290114666269587 0.24639862307901575 0.3771171414260991 0.19000457202219873 0.37364673828414113 0.18219616495279334 0.3690195340948639 0.14575693196223466 0.36323552885826726 0.1318753193944028 0.2718482461200408 0.12580211389597637 0.1989697801389235 0.12406691232499736 0.11915050787389021 0.12059650918303941 0.11452330368461294 0.1986805798770937
1 0.14691373300955407 0.3583191244071602 0.14112972777295746 0.3635247291200971 0.11799370682657098 0.3852147487573344 0.10064169111678116 0.41818357860593514 0.09485768588018449 0.4372707958867039 0.09485768588018449 0.4659016218078572 0.10295529321141986 0.48585643987411553 0.11568010473193235 0.5032084555839054 0.13303212044172216 0.5110168626533108 0.14922733510419267 0.5170900681517372 0.1665793508139825 0.5092816610823319 0.1665793508139825 0.5196928705082058 0.17930416233449506 0.5266336767921216 0.20938098956479742 0.5301040799340797 0.3354723037226036 0.5257660760066323 0.35860832466899006 0.5188252697227163 0.35051071733775485 0.4390059974576829 0.35282431943239356 0.36005432597813924 0.3424131100065194 0.34964311655226527 0.32390429324941045 0.34704031419579684 0.22788980632190664 0.3374967055554124 0.19318577490232686 0.33749670555541245 0.1700497539559405 0.34443751183932825 0.1607953455773858 0.3574515236216707 0.14691373300955407 0.3583191244071602
1 0.3539811204797129 0.4563580131674728 0.3632355288582674 0.46503402102236774 0.3817443456153766 0.4711072265207942 0.37943074352073797 0.47978323437568904 0.4048803665617629 0.4988704516564579 0.44768200531257796 0.5127520642242898 0.4985812513946282 0.5136196650097793 0.537912487003485 0.5049436571548844 0.5564213037605943 0.4945324477290104 0.5679893142337875 0.4858564398741156 0.573773319470384 0.4745776296627521 0.5668325131864681 0.46676922259334674 0.5760869215650227 0.46416642023687826 0.5853413299435773 0.45462281159649376 0.5876549320382158 0.4433440013851304 0.5853413299435773 0.4138455746784877 0.5830277278489387 0.3626571283346076 0.5760869215650227 0.34096710869737035 0.5645189110918295 0.3357615039844334 0.522874073388334 0.33923190712639134 0.4580932147384516 0.3374967055554124 0.4222323822715527 0.3366291047699229 0.38290114666269587 0.3357615039844334 0.3632355288582674 0.3400995079118808 0.35745152362167065 0.34704031419579684 0.3551379215270321 0.3574515236216707 0.3539811204797129 0.4563580131674728
1 0.40475102963202697 0.11764600710689936 0.40475102963202697 0.12861817357282784 0.3966234989165244 0.1456859880753832 0.3819939436286198 0.19079378354642232 0.38036843748551946 0.20054682040502542 0.38280669670017015 0.23041549578449727 0.39337248663032337 0.2346824494101361 0.3901214743441224 0.24626418067972722 0.3901214743441224 0.2596746063603065 0.40556378270357724 0.26881807841524685 0.4258826094923336 0.27430416164821103 0.43563564635093666 0.2877145873287903 0.44782694242419047 0.2986867537947187 0.4665202630698463 0.306001531438671 0.4998431390034068 0.3108780498679725 0.5307277557223165 0.3090493554569845 0.5453573110102211 0.30417283702768294 0.5599868662981257 0.29685805938373055 0.5729909154429297 0.28527632811413944 0.580305693086882 0.2767424208628618 0.5924969891601359 0.27369459684454833 0.6046882852333897 0.26637981920059606 0.6144413220919928 0.25601721753833034 0.6209433466643948 0.2261485421588584 0.6274453712367969 0.19018421874275965 0.6282581243083472 0.1670207562035774 0.6185050874497441 0.15665815454131166 0.532353261865417 0.13593295121678015 0.41856783184838137 0.10667384064097096 0.40475102963202697 0.11764600710689936
1 0.6201380667261673 0.23083868644019634 0.6172829190893065 0.254393654444298 0.6041492399597469 0.2672418188101716 0.6041492399597468 0.279233438884987 0.6064333580692354 0.30064704616144305 0.6138567419250736 0.3194910205647244 0.6264193915272611 0.34004808355012217 0.643550277348426 0.3550376086436414 0.6703886651349176 0.3636030515542238 0.6977980824487814 0.35760724151681617 0.7086476434688523 0.3631747794086947 0.7263495588173894 0.3623182351176365 0.7588982418776025 0.35418106435258323 0.827992814689634 0.32591510274766117 0.845694730038171 0.31349521052731666 0.8496919367297762 0.3070711283443799 0.8348451690181001 0.28694233750451115 0.8005833973757703 0.22869732571255064 0.7743160391166509 0.1785894846856435 0.7657505962060684 0.1678826810474155 0.7526169170765089 0.16574132031976987 0.732059854091111 0.16873922533847371 0.6840933737918495 0.18244393399540557 0.6555418974232413 0.191009376905988 0.6406951297115652 0.20257272483527428 0.6298455686914941 0.21413607276456056 0.6269904210546333 0.22569942069384683 0.6201380667261673 0.23083868644019634
1 0.5573248187152297 0.5297726440195227 0.5601799663520904 0.5404794476577508 0.5653192320984399 0.5426208083853965 0.5670323206805563 0.5537558841691536 0.5716005568995337 0.5606082384976195 0.5813080588648604 0.5777391243187845 0.5927286494123036 0.5884459279570124 0.6121436533429572 0.5952982822854783 0.6384110116020765 0.597867915158653 0.6521157202590084 0.5880176558114834 0.6709596946622897 0.5935851937033618 0.6869485214287102 0.590587288684658 0.7069345548867358 0.5828783900651338 0.739483237946949 0.5708867699903185 0.7937310430473044 0.5494731627138625 0.8017254564305146 0.5421925362398674 0.8000123678483982 0.530200916165052 0.7828814820272333 0.5079307645975376 0.7680347143155571 0.47709517011944086 0.7491907399122758 0.4488292085145189 0.7332019131458554 0.41114125970795634 0.7234944111805286 0.4000061839241991 0.7092186729962247 0.3991496396331408 0.614998800979818 0.4248459683648881 0.5932996789396757 0.4308417784022958 0.5904445313028149 0.43598104414864525 0.5870183541385819 0.44540303135028597 0.5835921769743491 0.4578229235706305 0.5881604131933262 0.4616773728803925 0.5784529112279996 0.46510355004462556 0.5710295273721615 0.47152763222756233 0.5716005568995337 0.4800930751381448 0.5573248187152297 0.5002218659780135 0.5573248187152297 0.5297726440195227
1 0.3380494802043196 0.5430490805309256 0.3243447715473877 0.6334145032375702 0.33005506682110936 0.6462626676034439 0.3351943325674588 0.6569694712416718 0.3523252183886236 0.6603956484059047 0.346614923114902 0.6651066420067251 0.35004110027913504 0.6728155406262493 0.3688850746824163 0.6886616100108267 0.40428890537949036 0.7049359515409332 0.445974060877658 0.7113600337238701 0.4813778915747321 0.7117883058693995 0.5105003974707123 0.7062207679775208 0.5287733423466217 0.6972270529214092 0.5396229033666926 0.6839506164100064 0.5379098147845762 0.6732438127717784 0.5316284899834824 0.6638218255701378 0.5384808443119483 0.664678369861196 0.5504724643867636 0.6603956484059047 0.5567537891878575 0.6522584776408514 0.5670323206805563 0.569601953553731 0.5664612911531843 0.5413359919488091 0.5618930549342068 0.5387663590756343 0.34604389358752985 0.5297726440195228 0.3380494802043196 0.5430490805309256
1 0.5830211474469769 0.6479757561855604 0.5664612911531842 0.6676762748798999 0.5664612911531842 0.6775265342270697 0.5664612911531842 0.686091977137652 0.5721715864269058 0.6938008757571763 0.5773108521732553 0.69679878077588 0.5727426159542779 0.7049359515409335 0.5744557045363944 0.7147862108881032 0.5818790883922325 0.728490919545035 0.6184249781440508 0.7640375076239521 0.650973661204264 0.7837380263182917 0.6880905804834545 0.7901621085012285 0.7063635253593638 0.7858793870459373 0.7172130863794348 0.7807401212995877 0.7229233816531564 0.7738877669711218 0.7246364702352729 0.7653223240605393 0.7246364702352729 0.7571851532954861 0.7332019131458554 0.7601830583141901 0.7451935332206706 0.7576134254410153 0.7680347143155573 0.739197723183263 0.7880207477735828 0.710931761578341 0.8131460469779579 0.6723872684807202 0.8171432536695631 0.6638218255701378 0.8148591355600743 0.6573977433872009 0.8068647221768641 0.6535432940774388 0.7731739800619067 0.6402668575660361 0.7143579387425739 0.6145705288342889 0.6703886651349176 0.5931569215578327 0.6538288088411248 0.5875893836659543 0.6406951297115653 0.5965830987220657 0.6201380667261673 0.5987244594497113 0.5830211474469769 0.6479757561855604
1 0.47109936008203324 0.9623275110039351 0.4893723049579424 0.9546186123844109 0.6498316021495198 0.8997997777566835 0.6623942517517073 0.8963736005924504 0.6709596946622898 0.8920908791371593 0.6726727832444063 0.873675176879407 0.6652493993885682 0.85268984174848 0.6589680745874743 0.827421785162262 0.6406951297115653 0.8038668171581603 0.6281324801093776 0.7931600135199323 0.6195670371987951 0.792303469228874 0.6195670371987951 0.7875924756280537 0.5950127675217923 0.7734594948255926 0.5790239407553717 0.7726029505345344 0.5184948108539226 0.7764573998442966 0.4619628876440786 0.7897338363556992 0.4356955293849592 0.799584095702869 0.4197067026185387 0.8171432536695631 0.4151384663995614 0.83812858880049 0.4088571415984677 0.8663945504054121 0.41742258450905007 0.8908060627005719 0.42427493883751594 0.8993715056111544 0.42941420458386537 0.915645847141261 0.44940023804189105 0.9499076187835908 0.46310494669882296 0.9584730616941732 0.47109936008203324 0.9623275110039351
1 0.14389944089778473 0.8526898417484802 0.14789664758938983 0.8792427147712857 0.15532003144522794 0.9066521320851493 0.15874620860946084 0.9212133850331397 0.16559856293792677 0.9494793466380613 0.17987430112223085 0.9636123274405227 0.19072386214230191 0.9661819603136973 0.20671268890872244 0.9653254160226389 0.20557062985397817 0.9713212260600466 0.20728371843609458 0.9863107511535659 0.21128092512769978 0.9931631054820318 0.2249856337846316 1 0.25353711015323976 1 0.2815175569944756 1 0.29750638376089616 0.9944479219186192 0.32206065343789914 0.9837411182803912 0.3637458089360669 0.9614709667128769 0.3814477242846039 0.9499076187835905 0.3911552262499306 0.9396290872908917 0.3940103738867914 0.9302071000892509 0.3917262557773028 0.9242112900518433 0.40029169868788533 0.9186437521599646 0.40771508254372335 0.9079369485217368 0.4088571415984677 0.8783861704802274 0.3980075805783965 0.8372720445094316 0.3894421376678141 0.8090060829045097 0.3774505175929988 0.7944448299565195 0.36146169082657825 0.7948731021020488 0.2089968070182111 0.8239956079980291 0.16331444482843815 0.8334175951996696 0.15075179522625065 0.8364155002183736 0.14389944089778473 0.8526898417484802
1 0.09024628113636242 0.5712736736607509 0.09024628113636239 0.5845163344796737 0.08337971626729143 0.6117373594963482 0.05787533246788461 0.7460032261326482 0.07504174464056222 0.7504174464056225 0.10986503790513687 0.7548316666785968 0.17509740416131195 0.7599815903304 0.20452553931447354 0.7607172937092291 0.23542508122529332 0.7563030734362549 0.24229164609436443 0.74857818795855 0.24572492852889988 0.7382783406549435 0.27122931232830677 0.7460032261326484 0.29035760017786183 0.7415890058596741 0.30605260559288133 0.7342319720713836 0.3197857353310235 0.7180464977371448 0.32812370695775256 0.696343248061688 0.32861417587697195 0.6724328882497442 0.32076667316946217 0.6407976429600953 0.30850495018897817 0.615783728079908 0.2913385380163005 0.5977589952985964 0.2844719731472295 0.5915055165785497 0.27809587719737777 0.5918733682679641 0.2741721258436229 0.5845163344796738 0.26681509205533244 0.5771593006913832 0.2521010244787517 0.571273673660751 0.23052039203309976 0.5683308601454348 0.19128287849555087 0.5686987118348494 0.13978364197751794 0.5628130848042169 0.12065535412796287 0.5624452331148024 0.10446987979372394 0.5653880466301185 0.09024628113636242 0.5712736736607509
