1 0.026855172652771285 0.25298649101261594 0.0788329261742641 0.2799672509396748 0.1472703016442296 0.30136578467492836 0.20704471819394632 0.3115998660265714 0.22003915657431952 0.2957835584831231 0.2373650744148171 0.3088087529306688 0.2650865429596133 0.3088087529306688 0.3066687457768075 0.2715939116519669 0.32486095950933 0.22693610211752455 0.33525651021362857 0.17390495329537425 0.3326576225375539 0.12087380447322398 0.31273281702098166 0.08272859216255449 0.29107541972035966 0.07063376874697636 0.27461579777188694 0.0697033977150088 0.25642358403936444 0.04737449294778764 0.2304347072786181 0.026906330244501557 0.19751546338167264 0.01015965166908569 0.1656956277258786 0 0.06323960011781624 0.0017863123813777562 0.0563092329816172 0.03341892746827442 0.037250723357069845 0.09761452867403526 0.016459621948472725 0.17576569535930936 0.0034651835680995146 0.23158795727736226 0.026855172652771285 0.25298649101261594
1 0.36037909108235006 0.2585687172044212 0.37077464178664865 0.36835249897659195 0.37770500892284764 0.3981243719995535 0.4496075679609127 0.39719400096758595 0.5249753105670772 0.3897510327118455 0.5509641873278237 0.3767258382642999 0.5674238092762964 0.37393472516839726 0.5899475024689432 0.3543969334970787 0.6150700833376648 0.31997320531427936 0.6168026751217146 0.2799672509396748 0.6038082367413413 0.207398310446206 0.5812845435486945 0.17018346916750404 0.5509641873278237 0.15715827471995833 0.5336382694873261 0.16460124297569878 0.5111145762946794 0.14134196717651007 0.43661312958053955 0.14692419336831533 0.3577802034062755 0.1543671616240557 0.3499835403780515 0.16646198503963386 0.36037909108235006 0.2585687172044212
1 0.6090060120934906 0.3618399017528191 0.5968778696051423 0.4390606974061256 0.585616023008819 0.49395258829221095 0.584749727116794 0.5106992668676268 0.6601174697229585 0.5255852033791075 0.7051648561082524 0.5293066875069778 0.7424155794653221 0.5274459454430426 0.7528111301696208 0.514420750995497 0.7606077931978447 0.52465483234714 0.7753348233622676 0.5320978006028805 0.7978585165549145 0.5181422351233672 0.8177833220714866 0.4883703621004057 0.8359755358040093 0.4353392132782554 0.8403070152641335 0.3757954672323323 0.8299114645598351 0.3385806259536303 0.8099866590432627 0.32090357634624694 0.7935270370947901 0.3236946894421496 0.7813988946064419 0.30787838189870126 0.7484796507094964 0.29113170332328536 0.7086300396763519 0.28089762197164236 0.663582653291058 0.27531539577983705 0.6393263683143614 0.2725242826839344 0.6245993381499385 0.28089762197164236 0.6090060120934906 0.3618399017528191
1 0.7242233657327997 0.19344274496669278 0.7675381603340437 0.2232146179896543 0.8073877713671882 0.24647389378884305 0.8342429440199595 0.24926500688474568 0.8515688618604571 0.26415094339622647 0.8862206975414523 0.25019537791671326 0.9208725332224473 0.22507536005358944 0.93906474695497 0.18693014774291994 0.9477277058752186 0.1618101298797961 0.9537917771193929 0.11250046518551604 0.9503265935512933 0.09017156041829487 0.9442625223071192 0.07435525287484654 0.9338669716028207 0.07435525287484654 0.9234714208985221 0.05202634810762539 0.9044129112739748 0.0334189274682744 0.8688947797009547 0.00736853857318306 0.7744685274702428 0.0036470544453128502 0.7441481712493718 0.044583379851884986 0.721624478056725 0.08272859216255449 0.6947693054039538 0.13855085408060738 0.6904378259438293 0.16087975884782854 0.7242233657327997 0.19344274496669278
1 0.08316440563438846 0.36742212794462437 0.06930367136199041 0.4492947787577687 0.05284404941351768 0.5283763164750103 0.10828698650311 0.5507052212422314 0.16199733180865256 0.5562874474340368 0.22696952371051857 0.5683822708496149 0.2390976661988669 0.5646607867217447 0.25642358403936444 0.5683822708496149 0.2997383786406085 0.5404711398905884 0.32312836772528025 0.4902311041643407 0.3291924389694544 0.4232443898626773 0.310133929344907 0.3618399017528191 0.2780809813399865 0.35253619143314363 0.2555572881473397 0.3236946894421496 0.09875773169083632 0.2967139295150906 0.09269366044666216 0.30508726880279863 0.08316440563438846 0.36742212794462437
1 0.3213957759412305 0.5553570764020692 0.2997383786406085 0.6642104871422723 0.33092503075350416 0.6828179077816233 0.4305490583363654 0.6967734732611366 0.48945717899405716 0.6911912470693313 0.4972538420222811 0.6735141974619478 0.5007190255903806 0.6800267946857207 0.5319056777032765 0.6763053105578505 0.563092329816172 0.6400208403111162 0.5786856558726198 0.5730341260094527 0.5708889928443959 0.5106992668676268 0.5371034530554255 0.4716236835249899 0.5223764228910026 0.47906665178073016 0.48079422007380834 0.4474340366938335 0.44181090493268876 0.4390606974061256 0.38810055962714624 0.4316177291503852 0.35691390751425056 0.42603550295857995 0.33439021432160365 0.436269584310223 0.3213957759412305 0.5553570764020692
1 0.6171858444585718 0.5528372022454863 0.6189517553153917 0.5846040054619935 0.6224835770290316 0.6116294947655895 0.6282227873136964 0.6400773782430587 0.6366108638835911 0.693180094067668 0.6436578477744858 0.7591083324029623 0.6583848779389088 0.7646905585947676 0.6670478368591576 0.7693424137546053 0.7259559575168495 0.7581779613709948 0.786596669958591 0.7377097986677088 0.8082540672592129 0.7200327490603253 0.8125855467193375 0.7107290387406497 0.8212485056395863 0.71445052286852 0.837708127588059 0.7032860704849094 0.8524351577524818 0.6781660526217856 0.859365524888681 0.6186223065758625 0.8455047906162829 0.5534963343381339 0.8117192508273126 0.5274459454430426 0.7900618535266906 0.5293066875069778 0.7788000069303671 0.5358192847307507 0.750212242493546 0.5255852033791075 0.683058096767382 0.534231982195783 0.6418094410316092 0.5400331192186395 0.6171858444585718 0.5528372022454863
1 0.331791326645529 0.6911912470693313 0.31273281702098166 0.6995645863570392 0.28761023615226017 0.8912210189423544 0.2919417156123846 0.9116891816456402 0.3179305923731309 0.9209928919653159 0.34825094859400174 0.9228536340292509 0.37857130481487256 0.9237840050612183 0.41322314049586784 0.9200625209333481 0.4426772008247137 0.9070373264858025 0.4565379350971117 0.8912210189423544 0.46693348580141036 0.8995943582300623 0.48772458721000744 0.895872874102192 0.5258416064591022 0.8642402590152953 0.5414349325155501 0.8353987570243013 0.5483652996517491 0.7795764951062484 0.5423012284075749 0.745152766923449 0.527574198243152 0.7209631200922929 0.5076493927265797 0.7116594097726174 0.491189770778107 0.7153808939004875 0.4868582913179826 0.7060771835808121 0.4703986693695098 0.7004949573890068 0.331791326645529 0.6911912470693313
1 0.033785539788970316 0.71817200699639 0.05111145762946793 0.770272784786573 0.07536774260616455 0.8288861598005285 0.08662958920248799 0.8735439693349708 0.09615884401476169 0.8865691637825164 0.13167697558778177 0.8819173086226787 0.18452102500129944 0.8651706300472629 0.23216729906266784 0.8447024673439767 0.25382469636328986 0.8270254177365934 0.25295840047126494 0.8046965129693723 0.26595283885163823 0.8121394812251127 0.2850113484761855 0.8037661419374047 0.2997383786406085 0.7777157530423133 0.3075350416688324 0.7442223958914815 0.30060467453263334 0.6884001339734286 0.28761023615226017 0.6521156637266943 0.26681913474366303 0.6242045327676677 0.2503595127951903 0.607457854192252 0.21310878943812045 0.588850433552901 0.19231768802952337 0.5897808045848685 0.1862536167853492 0.5962934018086413 0.1697939948368765 0.5832682073610957 0.14640400575220475 0.5851289494250307 0.08316440563438847 0.607457854192252 0.02945406032884591 0.6335082430873433 0.0051977753521492715 0.6642104871422723 0.033785539788970316 0.71817200699639
1 0.6670728261637352 0.8027044454559247 0.6757107957794064 0.8847084217185813 0.6731119081033317 0.9284358602210562 0.6757107957794064 0.9684418145956608 0.6913041218358542 0.9935618324587846 0.7476133548174715 0.9935618324587846 0.8125855467193375 0.9861188642030442 0.8359755358040093 0.9721632987235308 0.844638494724258 0.9572773622120501 0.8584992289966561 0.9563469911800826 0.8836218098653775 0.9284358602210562 0.8931510646776513 0.8986639871980946 0.8966162482457507 0.8558669197275874 0.8957499523537258 0.8102787391611775 0.8862206975414523 0.7786461240742809 0.8680284838089298 0.7600387034349299 0.8515688618604571 0.7525957351791894 0.8326269689906054 0.7496017296313153 0.8070212615667162 0.7415414959793657 0.7915695415695416 0.7396449704142012 0.7487462032916578 0.7477052040661507 0.7147524192978738 0.7562395691093915 0.6895881895881896 0.7614550144135943 0.6648654375927103 0.7756789561523288 0.6670728261637352 0.8027044454559247
