1 0.01749336571054999 0.4420020734467708 0.23722219004257178 0.445612448755906 0.2439682798492196 0.41817345096810843 0.25264178607285215 0.33657845994735813 0.2439682798492196 0.3264693363625947 0.23240360488437642 0.3170823142829981 0.23529477362558726 0.3026407138839324 0.1996369964068312 0.2867549765828825 0.16590672383652777 0.27664585299811895 0.13892245284140411 0.27159130773282464 0.10422842794687433 0.27159130773282475 0.07820790927597715 0.2809783298124212 0.049296221863869005 0.28819914653904155 0.03387662583358868 0.3048069522910835 0.037731546899025706 0.3091394291053857 0.028651533134614837 0.3170127136034068 0.028651533134614837 0.32228547087562165 0.014137124734322649 0.3199786423975578 0.004021035332439974 0.3262400426011563 0 0.33447872866752204 0.0040012743287222464 0.4347812567201504 0.01749336571054999 0.4420020734467708
1 0.31126660481430507 0.42763438330412484 0.3618374847259424 0.4162671551531173 0.4685982483538521 0.3998478256016619 0.5208548242625441 0.39437470290301846 0.534902308052452 0.38132344737594076 0.5264738280671791 0.3640620945003316 0.5118644284637999 0.29838477629451005 0.5045597801054695 0.2819654467430547 0.49163607649914487 0.2748083159405785 0.47477911652859917 0.25544191439070363 0.44499850439508803 0.2444957075378916 0.40117040847166896 0.2444957075378916 0.3753230527023791 0.24954780893833944 0.3590280085453045 0.25333688498867535 0.3326187884059026 0.2630200664913753 0.3174475244324114 0.2722822652403546 0.298904868464811 0.28112344269113826 0.3005905644618656 0.2967007489184399 0.28766686085554105 0.3025948736430415 0.2809240768673227 0.31017302574371325 0.27755268487321355 0.3135410804958535 0.2719337325119378 0.3198562072464133 0.2719337325119378 0.33248646074753285 0.3000286486483943 0.41542515110120093 0.30620951682314135 0.4230033032018726 0.31126660481430507 0.42763438330412484
1 0.6665572583693524 0.45628921155152524 0.7755655823644289 0.46934048635084025 0.8272602939030088 0.47060351170095227 0.8390601658823907 0.45671023284972084 0.8452410340571379 0.41460937499783074 0.8463648142407211 0.40408417017097686 0.8502981220483015 0.3842967665951439 0.8486124260512472 0.36240433361728247 0.8429934222466121 0.347248029415939 0.8340030778912272 0.33924887528930914 0.8238889019088997 0.3358808012649314 0.8311935502672299 0.3308286998644836 0.8210793742849025 0.316514418987294 0.80197485394719 0.30598919488820275 0.7783751099884261 0.29546399006134894 0.7502801424086103 0.2883068399866354 0.7221852262721538 0.28157071121011745 0.7030806544910819 0.27904466050989357 0.6744238225411542 0.27904466050989357 0.6564430823870252 0.28325473858618755 0.6379004264194248 0.2908328906868593 0.6261005544400428 0.30093709348775494 0.615424462644244 0.3173564230392104 0.6041865064783333 0.3240925710879657 0.5957580264930603 0.3337757525906658 0.5884533266913708 0.34387995539156135 0.5839581545136784 0.36914046239380044 0.5817105427031525 0.41924047437232037 0.5862057663242042 0.4322917298993981 0.589015242504842 0.44913208074904903 0.6665572583693524 0.45628921155152524
1 0.3042882584377617 0.6231263590077307 0.32732608658305445 0.6218633336576187 0.44026771838571116 0.6121801521549187 0.544219005832983 0.6088120781305411 0.5543331818153105 0.5999709006797573 0.5577045738094196 0.5890246745547081 0.5554570134422531 0.5717633409513361 0.5548950461854225 0.554501988075727 0.5509617898212014 0.5380826585242716 0.5537713174451985 0.5233473563488864 0.5503999254510893 0.5035599720452908 0.5341048298506557 0.4871406424938353 0.523428738054857 0.4905086972459756 0.52848587748938 0.4808255157432756 0.5150002580695839 0.469458287592268 0.4930862101078744 0.4631431608417082 0.45094381018151 0.4555649991049179 0.4110490220656714 0.451775923054582 0.3722780141334161 0.45009188604239314 0.3453068781805429 0.4551439874428409 0.32507852621588795 0.46061711014148427 0.30990726224239673 0.4740893676945201 0.3076596504318708 0.48756164451979345 0.31721191060072707 0.4968238239965353 0.31046912661250875 0.4989288726708011 0.2986692546331267 0.5060860227455146 0.2902407746478538 0.5170322295983266 0.2902407746478538 0.5326095550978656 0.29642169426596016 0.5490288846493211 0.2919264706449084 0.558712066152021 0.2919264706449084 0.5978658520054917 0.30035495063018136 0.6083910761045829 0.30204064662723584 0.6180742576072829 0.3042882584377617 0.6231263590077307
1 0.5840747338589208 0.8478796416167474 0.5868842100395587 0.8365124134657401 0.581827122048395 0.8167250098899069 0.5739605578765933 0.7994636570142977 0.5778938656841737 0.7624149198350929 0.5711510816959555 0.7211560853073568 0.5531702900984671 0.7072628064561253 0.5149611979796831 0.6942115509290474 0.4812472780385916 0.6891594495285996 0.4402286582958104 0.6874754125164109 0.41213374215935394 0.6891594495285996 0.3744865144106818 0.6929485255789356 0.3441439864636994 0.6992636523294953 0.3267251621230417 0.7118939058306148 0.3194204623213521 0.7270502100319582 0.3239156344990446 0.7401014655590359 0.3076205903419701 0.7438905416093717 0.2963826341760593 0.7577838204606033 0.2963826341760593 0.7843073528129543 0.3031254181642776 0.8217771112903547 0.30986820215249594 0.8264082106648443 0.3042491983478609 0.8339863627655161 0.3199823781348234 0.8811393220178539 0.33234411448431744 0.882402347367966 0.33346794611126 0.8802972794214627 0.3362774222918979 0.8781922500194345 0.5840747338589208 0.8478796416167474
1 0.9943935812623174 0.8034938879555893 0.9601177455077545 0.7866535563781756 0.920784873205387 0.7799174083294204 0.8763948614684971 0.7761283322790844 0.8409952455303508 0.7714972521768322 0.8112146333968395 0.7698132055285247 0.7791864094528027 0.7761283322790845 0.7516533576864581 0.806019938655813 0.7628913138523689 0.8224392682072686 0.748281965692349 0.8220182661813104 0.7291773939112772 0.8409636464329898 0.7342344819024411 0.8679081808112988 0.7376058738965503 0.9268493702406024 0.7505295775028747 0.9487418224907012 0.7583961416746765 0.9617930587455417 0.7634532296658402 0.9660031560940731 0.7943576734262938 0.9626351013419328 0.9337085253683524 0.9571619786432894 0.9994506692534809 0.9537939238911491 1 0.8119140633804148 0.9943935812623174 0.8034938879555893
1 0.6836395650124032 0.7084406646925022 0.6791443928347107 0.7168608593895652 0.7291533569328768 0.7177028634414815 0.7988288086255857 0.7206499354399011 0.8550186923418581 0.7273860449441816 0.9393034921945869 0.7299120956444056 0.9533509245411358 0.6983364618916067 0.9460462761828052 0.6873902550387946 0.951103364173969 0.679812102938123 0.951103364173969 0.6499204965613943 0.9533509245411358 0.6271860402593792 0.9460462761828052 0.6128717593821895 0.9314368765794262 0.60192553325714 0.9241322282210958 0.6002415058810697 0.9291893162122596 0.5914003284302861 0.9218846164105698 0.5775070495790547 0.9067133524370787 0.5703498995043412 0.8853612202888405 0.5623507453777112 0.8471520767266973 0.5514045192526619 0.7988288086255857 0.5438263671519902 0.7600578006933305 0.5417213184777245 0.7381437527316209 0.5442473691779484 0.7089250049682219 0.5547725932770395 0.6999346606128369 0.5678238488041173 0.7038679169770581 0.5770860282808592 0.692068044997676 0.580875104331195 0.6707159128494379 0.6048725859833222 0.6718396930330212 0.6301330929855612 0.6752110850271303 0.6347641923600509 0.6735253890300756 0.6444473931349882 0.6679064109471203 0.6494994945354361 0.6650969090448029 0.6878112570647528 0.677458696837656 0.7012835338900263 0.6836395650124032 0.7084406646925022
1 0.7527531008916409 0.25680125021522593 0.7583721046962759 0.26143233031747826 0.8207428565872954 0.2466970474143304 0.9269417044017336 0.22017351506197932 0.9527890601710236 0.21764746436175542 0.9780745001268423 0.1999650901879507 0.9713317161386239 0.18101970993627142 0.942112968375225 0.1246045712071917 0.9235703124076245 0.1027121382293303 0.9117704404282424 0.09723903480292431 0.8977229566383347 0.09723903480292431 0.8988467882652772 0.09008188472821077 0.8831136084783147 0.08081970525146892 0.8527710805313322 0.07997768192731516 0.8229904683978212 0.07703062920113309 0.7920860246373675 0.07703062920113309 0.7645529728710229 0.08081970525146892 0.7420770605392014 0.08966088270225256 0.724096268941713 0.10144911287921834 0.7083631405981098 0.11786844243067376 0.7004965249829489 0.13933987338257695 0.7038679169770581 0.14944407618347252 0.6937537409947307 0.1692314797593056 0.7038679169770582 0.18859786203694312 0.7392675329152043 0.24964408086827503 0.752191236521529 0.25595920761883484 0.7527531008916409 0.25680125021522593
1 0.44275810367808227 0.23262229097495363 0.45455797565746436 0.2292542362228133 0.4697292396309556 0.23262229097495357 0.5528902593001012 0.22757018957450578 0.5601949591017907 0.22588616219843566 0.5658139114630665 0.22672818552258941 0.5725566954512848 0.21957103544787587 0.5792994794395031 0.2086248093228265 0.5826708714336121 0.18799540169507709 0.5826708714336121 0.14378951444115867 0.5798613952529744 0.13073825891408095 0.57087099945423 0.11305590401251367 0.561318739285374 0.10800380261206584 0.5528902593001012 0.10968782998813598 0.5556997354807389 0.10379370526353437 0.5489569514925207 0.09242647711252681 0.5394046913236645 0.08274328597370806 0.5225477313531187 0.07558614553511322 0.5023193793884636 0.07137605782270047 0.4787196354296996 0.07137605782270048 0.4579293676515734 0.07137605782270048 0.43713915131680653 0.07558614553511322 0.4112917955475166 0.08105924896151923 0.3933110553933875 0.08737437571207898 0.37308270342873256 0.09537354911094628 0.36690178381062627 0.10505673061364636 0.3691493956211521 0.11137185736420611 0.35454004746113216 0.11600295673869573 0.33993064785775307 0.13368531164026307 0.3348735598665893 0.15684076996823643 0.33599739149353186 0.2086248093228265 0.34049256367122427 0.21704498474765202 0.3371211716771151 0.22630716422439384 0.3517305198371351 0.23514834167517748 0.44275810367808227 0.23262229097495363
1 0.12793622398490417 0.26147690376018057 0.15209783231378018 0.26105588246198497 0.24593494377872455 0.25895085305995663 0.2695346877374886 0.255582779035579 0.265039464116437 0.24884665025906103 0.27346794410170977 0.23284832273356382 0.2723441639181265 0.22400714528278018 0.27515364009876453 0.21727101650626218 0.27459177572865234 0.16253990515325265 0.2588585959416899 0.13896344479932113 0.252677727766943 0.1339113433988733 0.2391921597905063 0.11791301587337608 0.21109719221069048 0.10738780141040356 0.17288810009190653 0.09812561229754302 0.1414217919613408 0.09475754790928402 0.10658404039330664 0.09644158492147284 0.08523190824506843 0.10317771369799081 0.0650035562804135 0.11496595351107526 0.05545129611155732 0.1275962166483135 0.05769885647872388 0.13727939815101356 0.04308950831870402 0.14275252084965695 0.028480160158684126 0.1566457997008884 0.026794464161629415 0.17222310592819004 0.026794464161629415 0.19453656020424703 0.0234230721675204 0.23116429535749367 0.028480160158684098 0.24674160158479533 0.03522294414690241 0.2572668064116491 0.05488938029808608 0.2656869818364746 0.05488938029808599 0.2652659798105164 0.12793622398490417 0.26147690376018057
