0 0.3328125 0.3140625 0.38125 0.3234375 0.4 0.3328125 0.425 0.340625 0.44375 0.353125 0.4578125 0.3671875 0.465625 0.38125 0.4671875 0.3984375 0.478125 0.4203125 0.4765625 0.4515625 0.4734375 0.4625 0.4671875 0.4734375 0.4671875 0.478125 0.459375 0.4875 0.45625 0.4953125 0.4484375 0.5015625 0.446875 0.50625 0.4328125 0.5171875 0.4296875 0.5171875 0.4234375 0.5078125 0.409375 0.4953125 0.4 0.4765625 0.375 0.4515625 0.375 0.4484375 0.36875 0.4421875 0.3671875 0.4375 0.3578125 0.43125 0.359375 0.4203125 0.3546875 0.4015625 0.34375 0.3796875 0.3390625 0.3640625 0.334375 0.359375 0.3109375 0.3546875 0.303125 0.3484375 0.3 0.340625 0.2921875 0.3328125 0.2890625 0.325 0.2921875 0.3203125 0.3140625 0.3140625 0.33125 0.3140625
0 0.9984375 0.2234375 0.9984375 0.434375 0.9953125 0.4359375 0.98125 0.4328125 0.978125 0.4296875 0.9609375 0.428125 0.95625 0.421875 0.93125 0.409375 0.9125 0.3953125 0.896875 0.375 0.8890625 0.340625 0.896875 0.30625 0.90625 0.290625 0.909375 0.2796875 0.9171875 0.271875 0.91875 0.2671875 0.95 0.240625 0.965625 0.2328125 0.98125 0.2296875 0.996875 0.2234375
0 0.6984375 0.446875 0.7078125 0.4484375 0.7109375 0.4515625 0.7109375 0.4671875 0.7078125 0.478125 0.7078125 0.490625 0.6984375 0.5171875 0.696875 0.5421875 0.6890625 0.5546875 0.6859375 0.5671875 0.684375 0.5921875 0.6765625 0.6140625 0.6765625 0.6234375 0.6671875 0.6265625 0.6546875 0.6453125 0.6390625 0.6390625 0.6265625 0.6296875 0.615625 0.61875 0.615625 0.6140625 0.6046875 0.6046875 0.59375 0.5890625 0.5890625 0.5625 0.590625 0.53125 0.59375 0.5140625 0.5984375 0.5046875 0.6046875 0.4984375 0.6046875 0.4953125 0.6296875 0.4703125 0.64375 0.4671875 0.65625 0.45625 0.6859375 0.4515625 0.696875 0.446875
0 0 0.7109375 0.0078125 0.7140625 0.015625 0.7234375 0.015625 0.7296875 0 0.7421875 0 0.7125
0 0.734375 0.2078125 0.7515625 0.2125 0.7625 0.2125 0.815625 0.2328125 0.8328125 0.24375 0.85625 0.2640625 0.8640625 0.271875 0.8703125 0.2859375 0.878125 0.29375 0.884375 0.30625 0.884375 0.315625 0.8875 0.321875 0.884375 0.334375 0.884375 0.3453125 0.8734375 0.3625 0.8703125 0.371875 0.85 0.3953125 0.84375 0.3984375 0.8328125 0.409375 0.8234375 0.4125 0.8 0.428125 0.790625 0.4296875 0.765625 0.4421875 0.74375 0.4453125 0.7390625 0.4484375 0.7171875 0.45 0.7140625 0.4453125 0.7078125 0.4421875 0.690625 0.4390625 0.671875 0.446875 0.6671875 0.4515625 0.653125 0.4515625 0.625 0.4421875 0.6234375 0.4390625 0.6203125 0.4390625 0.609375 0.4296875 0.5984375 0.425 0.5625 0.3921875 0.546875 0.36875 0.5359375 0.3421875 0.534375 0.309375 0.5375 0.2921875 0.5421875 0.2765625 0.559375 0.253125 0.575 0.2390625 0.6 0.2234375 0.615625 0.2171875 0.64375 0.2125 0.65 0.209375 0.6671875 0.209375 0.6765625 0.20625 0.728125 0.20625 0.7328125 0.2078125
0 0.290625 0.446875 0.2921875 0.4484375 0.29375 0.446875 0.3203125 0.446875 0.325 0.45 0.33125 0.45 0.334375 0.453125 0.340625 0.453125 0.3640625 0.4640625 0.365625 0.4671875 0.38125 0.478125 0.4015625 0.503125 0.415625 0.53125 0.4171875 0.5703125 0.415625 0.578125 0.4046875 0.59375 0.4046875 0.596875 0.396875 0.603125 0.39375 0.6125 0.384375 0.621875 0.384375 0.628125 0.36875 0.6453125 0.3640625 0.6546875 0.3421875 0.6765625 0.3171875 0.6890625 0.290625 0.696875 0.2625 0.696875 0.2484375 0.7 0.2375 0.6984375 0.234375 0.7 0.228125 0.696875 0.2203125 0.696875 0.2171875 0.69375 0.20625 0.69375 0.2 0.690625 0.1875 0.6890625 0.1859375 0.6859375 0.175 0.6796875 0.1703125 0.6796875 0.159375 0.6703125 0.15625 0.6703125 0.153125 0.665625 0.1390625 0.65625 0.1171875 0.6328125 0.115625 0.628125 0.10625 0.61875 0.09375 0.6 0.0859375 0.575 0.0859375 0.553125 0.096875 0.525 0.1203125 0.5078125 0.1265625 0.5 0.146875 0.484375 0.1578125 0.478125 0.165625 0.4765625 0.171875 0.4703125 0.1828125 0.4671875 0.2 0.4578125 0.225 0.453125 0.240625 0.446875 0.2578125 0.45 0.2703125 0.446875 0.284375 0.45 0.2890625 0.446875
0 0 0.2875 0.0203125 0.2875 0.021875 0.2859375 0.0625 0.2875 0.0796875 0.290625 0.109375 0.303125 0.1265625 0.3140625 0.128125 0.3171875 0.13125 0.3171875 0.1453125 0.33125 0.1484375 0.3390625 0.1515625 0.340625 0.165625 0.3640625 0.1671875 0.378125 0.1703125 0.3859375 0.1703125 0.41875 0.165625 0.43125 0.165625 0.4375 0.1453125 0.471875 0.1453125 0.475 0.140625 0.4796875 0.1375 0.4796875 0.134375 0.4859375 0.125 0.4921875 0.1125 0.50625 0.109375 0.50625 0.0984375 0.515625 0.090625 0.515625 0.084375 0.51875 0.0796875 0.5234375 0.0734375 0.5234375 0.0578125 0.5296875 0.05 0.5296875 0.040625 0.5359375 0.03125 0.5359375 0.0203125 0.5390625 0 0.5390625 0 0.434375 0.0015625 0.4328125 0 0.4296875 0.0015625 0.4234375 0 0.4203125 0 0.3640625 0.0015625 0.3625 0 0.3578125 0 0.2890625
0 0.2203125 0.328125 0.2390625 0.3328125 0.2546875 0.340625 0.3 0.3734375 0.30625 0.38125 0.3140625 0.4 0.321875 0.4421875 0.2953125 0.4453125 0.2578125 0.4453125 0.25 0.4421875 0.234375 0.4421875 0.2296875 0.4359375 0.2265625 0.425 0.209375 0.4046875 0.20625 0.390625 0.1984375 0.375 0.1984375 0.36875 0.19375 0.359375 0.19375 0.3453125 0.2 0.334375 0.215625 0.3265625 0.21875 0.328125
0 0.05625 0.5671875 0.0703125 0.578125 0.078125 0.590625 0.078125 0.5984375 0.0828125 0.60625 0.0828125 0.6234375 0.0796875 0.6296875 0.071875 0.6359375 0.0609375 0.6375 0.0515625 0.6359375 0.04375 0.6421875 0.040625 0.640625 0.0328125 0.64375 0.0296875 0.6484375 0.0203125 0.65 0.0203125 0.653125 0.0375 0.66875 0.0375 0.678125 0.0328125 0.6765625 0.0296875 0.6828125 0.0203125 0.6703125 0.0109375 0.6703125 0.009375 0.6671875 0 0.6671875 0 0.5828125 0.0109375 0.58125 0.0265625 0.571875 0.040625 0.571875 0.046875 0.5671875 0.0546875 0.5671875
0 0.9296875 0.4203125 0.9421875 0.4296875 0.95625 0.43125 0.959375 0.434375 0.9640625 0.434375 0.978125 0.440625 0.984375 0.440625 0.9984375 0.45 0.9984375 0.565625 0.996875 0.5671875 0.9984375 0.5703125 0.9984375 0.6484375 0.9828125 0.659375 0.9796875 0.659375 0.978125 0.6625 0.9734375 0.6625 0.96875 0.665625 0.95 0.6703125 0.9375 0.6703125 0.890625 0.678125 0.84375 0.6765625 0.8359375 0.6734375 0.821875 0.6734375 0.8171875 0.6703125 0.7921875 0.665625 0.7890625 0.6625 0.784375 0.6625 0.78125 0.659375 0.7703125 0.65625 0.765625 0.6515625 0.7546875 0.65 0.7484375 0.6421875 0.740625 0.6390625 0.725 0.6265625 0.709375 0.609375 0.709375 0.6046875 0.6953125 0.58125 0.69375 0.5671875 0.6984375 0.5453125 0.703125 0.534375 0.703125 0.51875 0.7109375 0.5046875 0.7296875 0.48125 0.7453125 0.4734375 0.7515625 0.4671875 0.7640625 0.4640625 0.7734375 0.4578125 0.7859375 0.4546875 0.8140625 0.440625 0.81875 0.440625 0.85625 0.4265625 0.86875 0.4265625 0.8953125 0.4203125 0.928125 0.4203125
0 0.0625 0.5703125 0.075 0.5859375 0.078125 0.5921875 0.078125 0.5984375 0.0828125 0.6046875 0.0828125 0.6234375 0.0796875 0.6296875 0.0734375 0.634375 0.0640625 0.6359375 0.0328125 0.634375 0.025 0.6328125 0.01875 0.628125 0.0171875 0.6296875 0.0046875 0.628125 0 0.63125 0 0.5828125 0.0078125 0.5828125 0.0265625 0.571875 0.040625 0.571875 0.046875 0.5671875 0.0578125 0.5671875 0.0609375 0.5703125
0 0.425 0.575 0.4328125 0.578125 0.4359375 0.5828125 0.4359375 0.5875 0.446875 0.5984375 0.446875 0.603125 0.4578125 0.6234375 0.4625 0.628125 0.46875 0.6296875 0.4671875 0.6484375 0.4609375 0.6625 0.44375 0.6828125 0.421875 0.7 0.3984375 0.709375 0.3953125 0.7125 0.384375 0.7140625 0.3796875 0.7171875 0.365625 0.7203125 0.3625 0.7234375 0.34375 0.7265625 0.3390625 0.7296875 0.2921875 0.7375 0.271875 0.7375 0.2609375 0.740625 0.25 0.740625 0.24375 0.74375 0.215625 0.74375 0.2015625 0.746875 0.1875 0.746875 0.18125 0.75 0.15 0.7546875 0.09375 0.753125 0.0703125 0.746875 0.0359375 0.7328125 0.028125 0.7265625 0.025 0.7265625 0.0046875 0.70625 0 0.7046875 0 0.6609375 0.009375 0.6671875 0.028125 0.66875 0.03125 0.665625 0.03125 0.6578125 0.0265625 0.65625 0.0203125 0.646875 0.021875 0.64375 0.0328125 0.6453125 0.0390625 0.64375 0.040625 0.640625 0.06875 0.640625 0.0765625 0.6375 0.0859375 0.6375 0.09375 0.640625 0.121875 0.64375 0.1390625 0.6578125 0.146875 0.6671875 0.1484375 0.6859375 0.153125 0.7 0.15625 0.7046875 0.1625 0.70625 0.165625 0.7125 0.1734375 0.7078125 0.184375 0.7078125 0.1875 0.7015625 0.19375 0.6984375 0.2125 0.6984375 0.225 0.7046875 0.240625 0.7046875 0.246875 0.7015625 0.284375 0.7015625 0.3015625 0.6953125 0.3078125 0.6953125 0.3109375 0.6921875 0.321875 0.690625 0.3234375 0.6875 0.3546875 0.671875 0.3640625 0.659375 0.36875 0.6484375 0.38125 0.6359375 0.396875 0.6046875 0.4140625 0.5875 0.4171875 0.578125 0.4234375 0.5765625
1 0 0.7716615698267074 0.012228260869565218 0.7798165137614679 0.02309782608695652 0.7787971457696228 0.03804347826086956 0.7716615698267074 0.03940217391304347 0.764525993883792 0.057065217391304345 0.7665647298674821 0.08152173913043478 0.7594291539245668 0.14402173913043478 0.7767584097859327 0.17119565217391303 0.7757390417940877 0.18614130434782608 0.7798165137614679 0.3328804347826087 0.7849133537206933 0.41440217391304346 0.7920489296636086 0.4415760869565217 0.7910295616717635 0.4633152173913043 0.7828746177370031 0.46739130434782605 0.7757390417940877 0.4796195652173913 0.7716615698267074 0.4891304347826087 0.7584097859327217 0.4932065217391304 0.7135575942915393 0.5 0.7003058103975535 0.5108695652173914 0.6941896024464832 0.49184782608695654 0.6687054026503568 0.4932065217391304 0.6411824668705404 0.5 0.6320081549439347 0.4932065217391304 0.6207951070336392 0.501358695652174 0.5392456676860347 0.4932065217391304 0.4763843017329257 0.49864130434782605 0.40366972477064217 0.5040760869565217 0.3934760448521917 0.5054347826086956 0.33843017329255864 0.5054347826086956 0.3129459734964322 0.4945652173913043 0.28236493374108057 0.47010869565217395 0.2640163098878695 0.41847826086956524 0.25688073394495414 0.11413043478260869 0.25993883792048933 0.002717391304347826 0.24770642201834864 0 0.7716615698267074
1 0.5095108695652174 0.4118246687054027 0.514945652173913 0.4322120285423038 0.529891304347826 0.4128440366972478 0.5271739130434783 0.3944954128440367 0.514945652173913 0.3944954128440367 0.5095108695652174 0.4118246687054027
1 0.9565217391304348 0.18858307849133538 0.96875 0.18654434250764526 0.9809782608695652 0.19571865443425077 0.9986413043478259 0.19775739041794088 0.9986413043478259 0.18042813455657494 0.9347826086956521 0.18144750254842 0.9565217391304348 0.18858307849133538
1 0.7459239130434783 0.18960244648318042 0.7296195652173914 0.199796126401631 0.7717391304347826 0.21100917431192662 0.7771739130434783 0.20897043832823653 0.78125 0.20285423037716616 0.7730978260869565 0.19367991845056065 0.7758152173913043 0.18756371049949033 0.7581521739130435 0.18552497451580022 0.75 0.18042813455657494 0.7459239130434783 0.18960244648318042
1 0.5081521739130435 0.5524974515800204 0.532608695652174 0.5249745158002039 0.5244565217391304 0.5239551478083588 0.5217391304347826 0.508664627930683 0.529891304347826 0.5025484199796126 0.529891304347826 0.4862385321100918 0.514945652173913 0.47910295616717635 0.5081521739130435 0.49847094801223246 0.5081521739130435 0.5524974515800204
1 0.6168478260869565 0.6931702344546381 0.6100543478260869 0.7023445463812437 0.6209239130434783 0.7115188583078492 0.6779891304347826 0.7115188583078492 0.6657608695652174 0.6952089704383282 0.6535326086956521 0.6941896024464832 0.6508152173913043 0.6890927624872579 0.6331521739130435 0.6839959225280327 0.6290760869565217 0.6870540265035678 0.6195652173913043 0.6809378185524975 0.6154891304347826 0.6850152905198776 0.6168478260869565 0.6931702344546381
1 0.501358695652174 0.6738022426095821 0.5135869565217391 0.6839959225280327 0.5217391304347826 0.7013251783893986 0.5339673913043479 0.708460754332314 0.5760869565217391 0.7115188583078492 0.5733695652173914 0.7013251783893986 0.5434782608695652 0.6982670744138634 0.5380434782608695 0.6921508664627931 0.5380434782608695 0.6819571865443426 0.53125 0.6788990825688074 0.5135869565217391 0.6299694189602446 0.514945652173913 0.6126401630988787 0.5067934782608695 0.6044852191641182 0.501358695652174 0.6738022426095821
1 0.7921195652173914 0.2038735983690112 0.7921195652173914 0.21508664627930685 0.8002717391304348 0.22120285423037717 0.8247282608695652 0.22018348623853212 0.8274456521739131 0.22935779816513763 0.8994565217391305 0.22018348623853212 0.9021739130434783 0.2140672782874618 0.9225543478260869 0.22018348623853212 0.9293478260869564 0.2120285423037717 0.9470108695652174 0.2038735983690112 0.9402173913043479 0.19673802242609584 0.8994565217391305 0.1926605504587156 0.8980978260869564 0.18756371049949033 0.8763586956521738 0.18858307849133538 0.8586956521739131 0.19571865443425077 0.8342391304347826 0.18960244648318042 0.8274456521739131 0.19367991845056065 0.8111413043478259 0.19164118246687054 0.7989130434782609 0.19571865443425077 0.7921195652173914 0.2038735983690112
1 0.7119565217391304 0.7094801223241591 0.7404891304347826 0.7115188583078492 0.7907608695652174 0.7074413863404689 0.84375 0.7115188583078492 0.9008152173913043 0.7104994903160041 0.9986413043478259 0.7308868501529052 0.9986413043478259 0.6931702344546381 0.9836956521739131 0.7104994903160041 0.9456521739130433 0.7115188583078492 0.9293478260869564 0.7043832823649337 0.9279891304347826 0.6952089704383282 0.9035326086956521 0.6921508664627931 0.8532608695652174 0.6941896024464832 0.8464673913043479 0.6809378185524975 0.8355978260869564 0.6788990825688074 0.8233695652173912 0.6809378185524975 0.8084239130434783 0.691131498470948 0.7296195652173914 0.6982670744138634 0.7160326086956521 0.7064220183486238 0.7119565217391304 0.7094801223241591
1 0.5040760869565217 0.2945973496432212 0.5135869565217391 0.30784913353720694 0.5122282608695652 0.3312945973496432 0.5230978260869565 0.33333333333333337 0.529891304347826 0.3190621814475026 0.5258152173913043 0.2945973496432212 0.53125 0.28950050968399593 0.529891304347826 0.2691131498470948 0.5353260869565217 0.26299694189602446 0.546195652173913 0.2640163098878695 0.5475543478260869 0.2466870540265036 0.608695652173913 0.21508664627930685 0.639945652173913 0.20591233435270134 0.6453804347826086 0.199796126401631 0.6793478260869565 0.1926605504587156 0.6983695652173914 0.1926605504587156 0.717391304347826 0.199796126401631 0.7241847826086956 0.18144750254842 0.6317934782608695 0.17940876656472987 0.5557065217391304 0.18858307849133538 0.5271739130434783 0.19877675840978595 0.5176630434782609 0.20897043832823653 0.5122282608695652 0.2252803261977574 0.5040760869565217 0.2945973496432212
