0 0.5227315242634449 0.7319409085549283 0.5314736380990122 0.7315393755918902 0.5384070149352248 0.7363578446723518 0.559508633808923 0.7419793796788897 0.5827203952508904 0.7476009330664286 0.6014103831912592 0.7467978487593514 0.6110568517271461 0.7407747624087744 0.6152771644623997 0.7271224394744669 0.6161815191627195 0.7231070547010826 0.6204018318979729 0.7287285897076204 0.6258279600998911 0.7287285897076204 0.6372831380364176 0.7231070547010826 0.647833933673909 0.7138716495031975 0.6550687712764667 0.7046362443053127 0.6574803746110807 0.6853623679834663 0.663207963579344 0.675323896859505 0.6713471558822213 0.6644823414284665 0.6773761780181143 0.6415946132962741 0.6791848874187536 0.6134868831205819 0.6773761780181143 0.5821668249070814 0.6716486166485662 0.5592790967748889 0.6598920055444102 0.5424144549932733 0.6475324729075641 0.5258196342749001 0.6348715071030882 0.5137734615737461 0.6270337755665558 0.5137734615737461 0.6243207114655966 0.49650728682909245 0.6131669942954152 0.48365802982086137 0.6017118439576041 0.4820518795877079 0.5124821893922984 0.4828549455137843 0.5001226567554522 0.4892795832084002 0.49620380478654375 0.5017272888725923 0.4940936346195593 0.5551319817207077 0.4931892799192396 0.587255115050785 0.4877631517173214 0.6619443112108763 0.4853515483827072 0.6972797450072608 0.48716025778334676 0.7182885856206209 0.5227315242634449 0.7319409085549283
0 0.5421479084992867 0.9370492221864992 0.566264052240289 0.9583307817045373 0.5879685650479619 0.9780062093704226 0.5994237153857731 0.9904539334156155 0.6099745110232646 1 0.6503690393700216 0.9996893202324998 0.6621256504741776 0.98121850983673 0.6778011135472423 0.9687708225535385 0.6907635401180631 0.9342384363022296 0.7049317545568334 0.9081384077037299 0.7049317545568334 0.87400757279646 0.7076448186577926 0.8446952253506523 0.7073433854901627 0.8202013469853064 0.696792562253956 0.794101300005806 0.679308389780252 0.7732212642603058 0.6588096648405285 0.7543489300919981 0.6377080735655456 0.7435073746609595 0.6250471077610698 0.7370827461568441 0.6141948513572333 0.73547658673319 0.6018353187203871 0.7467196843177671 0.5798293727450845 0.7463181421642286 0.5635509881393299 0.7459166092011904 0.5469711427672302 0.7467196843177671 0.5361188863633938 0.7539473879384595 0.5107969547544421 0.8145797935977676 0.5038635641188718 0.8302398181092677 0.4918055060477283 0.861559867132268 0.492848272843986 0.8861525609699786 0.5421479084992867 0.9370492221864992
0 0.689488733530679 0.6359604321348953 0.6931061523319577 0.6616589461513575 0.7003409899345154 0.6973959129107802 0.7039584087357942 0.7206851923870117 0.7120976010386716 0.7748929695422042 0.7214426088082136 0.7989853149445121 0.7335006668793571 0.8090238044494743 0.7455587249505007 0.8114330389897051 0.7455587249505007 0.8182591912663583 0.7549037327200427 0.8299038126234732 0.7907764599664858 0.8487761743632822 0.8133853274744786 0.8552007752958964 0.8317738822472174 0.850382306215435 0.8495595154872666 0.845162322552936 0.8598088779571282 0.8407453680545117 0.8769916172632028 0.8351238330479738 0.8866380582003744 0.8274945780832426 0.897791775370556 0.8202668744625502 0.906835322373753 0.8094253190315115 0.9107542019413767 0.7977806976743967 0.9161803301432949 0.7853329736292037 0.9173861180112445 0.7708250927622691 0.9140701599763105 0.7615897059453849 0.9074382163077276 0.7523543191285007 0.9134672660423359 0.7479373646300765 0.9194962881782287 0.737095809199038 0.9225108130455328 0.7246481219158469 0.9225108130455328 0.7117988465266148 0.9197977489445737 0.6885095854313843 0.909246925708367 0.6620080054888455 0.8986961300708755 0.6206494853418841 0.8896525830676785 0.5877232677047295 0.8812119299984562 0.5648355395725371 0.8688524249603253 0.5596155375290375 0.827553569511964 0.5777620443122882 0.7313905105117303 0.6191205644592497 0.6925032583979831 0.6347805889707497 0.689488733530679 0.6359604321348953
0 0.6140305894937133 0.45511988300882 0.61246053883299 0.467667979572522 0.6306732184930984 0.5036391769572173 0.6746349244799695 0.5642883231130273 0.7044660595256838 0.5923123990563366 0.7525099029801681 0.5353400212127801 0.8451434669360806 0.4236619617958324 0.8470275392284133 0.41362348454487075 0.8222205777964786 0.36928686392187315 0.8118581801886486 0.35673876735817117 0.7967856018499868 0.33540700319987776 0.7804569657335495 0.3144935121181871 0.7694665536111626 0.3006906058981149 0.7575341053426092 0.29023385557055054 0.7490557800271119 0.2864694266014399 0.7408914475945624 0.28688769967804273 0.7311570932499512 0.2919069383035235 0.72613289088751 0.29525309419603135 0.7273889486652857 0.2864694266014399 0.7248768331097344 0.27894056866321876 0.7176545655720128 0.27266652038136774 0.7069781463325736 0.2689020914122572 0.6919055679939118 0.27057517414523014 0.6774610329184688 0.27810403208345125 0.6611323968020313 0.2952530941960314 0.6413496377325377 0.3257867990255189 0.6275331171716517 0.3559022403518416 0.6215668786630443 0.37179648323461356 0.6140305894937133 0.3989840321715932 0.6102624449090479 0.4224071521394621 0.609634430394491 0.4378831315190693 0.6174847124467695 0.44708506261682557 0.6140305894937133 0.45511988300882
0 0.7273362103523209 0.08220822275272895 0.7219980007326012 0.11985252201727288 0.7219980007326012 0.1545689097455978 0.7169738127444909 0.20225167668766536 0.7166598054872124 0.2206555580300536 0.7191718922941022 0.23654982005970143 0.7238820730249339 0.24951618012656818 0.7326744199720405 0.259136393874365 0.738640658480648 0.26415563249984575 0.7370705790712628 0.27042968078169677 0.7458629260183696 0.28381430435172833 0.7603074898424743 0.29092491793366065 0.7741240104033602 0.30681916081643257 0.7873125164496892 0.3235499689992858 0.803013109302908 0.33149707129379596 0.8231098900040109 0.3373528752193581 0.8516849960206111 0.3369345925693174 0.8768059503354934 0.3319153539438366 0.8937626009664879 0.32480477865565605 0.9041249985743176 0.315602828411024 0.9122893022582057 0.30430954150369216 0.9176275262522561 0.29050663528362 0.9176275262522561 0.27544891940717753 0.9107192515974821 0.26039120353073525 0.9213956708369215 0.2582998477211596 0.9336421407370841 0.24951618012656818 0.9402363937602487 0.22985748912780984 0.941806444420972 0.2014151496813358 0.9436905167133048 0.15791507521154363 0.9436905167133048 0.13156407242776946 0.9452605673740282 0.08555437864523685 0.9430625021987478 0.06798704345605405 0.9399223721286394 0.05041970826687124 0.9301879890353664 0.046655279297760636 0.9016129117674281 0.05041970826687124 0.8413225984127811 0.05585721996895478 0.776008082695693 0.05543894689235205 0.7559113019945902 0.05543894689235205 0.7436648320944276 0.05627549304555747 0.7358145500421489 0.06505916064014888 0.7273362103523209 0.08220822275272895
0 0.4267850235140388 0.17697680629012452 0.4183066981985415 0.18910662020378588 0.41516659687709484 0.20751050154617406 0.41956275597631726 0.25184710302229585 0.42490095122170607 0.27861638845611064 0.42490095122170607 0.2995298699643634 0.43526334882953605 0.36268863543291396 0.44248564511591926 0.37189058567754607 0.48707533686868576 0.36059729877021424 0.5398293610540019 0.35014053886921204 0.6013757321864245 0.33759244230551 0.6180183611858096 0.3292270573609593 0.620530476741361 0.318770297459957 0.6170763250396433 0.2535201953287067 0.611424108162645 0.1736306408241787 0.6060859129172563 0.15480849597862567 0.6007477176718675 0.14602482838403433 0.5941534646487028 0.1384959704458131 0.5885012477717048 0.1384959704458131 0.5800229224562076 0.1401690436053481 0.5831630237776543 0.1318036490873594 0.5765687707544898 0.11883727944705469 0.5693465032167684 0.11089015800566873 0.5523898525857739 0.10043340767810442 0.5385733320248878 0.09206801316011573 0.5169065006630615 0.08788531111440243 0.5008918861782334 0.08788531111440243 0.4798530693309642 0.09248627666328049 0.46509451262391177 0.0983420614419667 0.44876587650747435 0.1079622656163256 0.4346353343149791 0.12301998149276798 0.4270990451456481 0.13598635113307272 0.42427293670714905 0.1472796380404045 0.42395891507553973 0.1610825442604767 0.4280410812918145 0.1698662118550681 0.4267850235140388 0.17697680629012452
0 0.34108861484170605 0.38963108184592204 0.3341803689355939 0.41305419224035306 0.3275861159124294 0.44149654126026505 0.31094345816438257 0.5180399302988471 0.2990110098958293 0.5786890764546573 0.29555687256844243 0.6004391232629914 0.30277915448049475 0.6092227908575828 0.3109434581643826 0.6163333661457633 0.34328670876564815 0.6313910820222057 0.361813410057366 0.6393382226104676 0.37751403165924646 0.6506315095177994 0.3910165305885231 0.6531411288305397 0.41048529677506895 0.648540134561348 0.41927761497351385 0.6380834129540973 0.4224177450436222 0.6301362723658356 0.4268139041428447 0.6347372283412758 0.4330941642830616 0.6347372283412758 0.44439859803705783 0.6297179897157948 0.46355331384333265 0.6142420294830636 0.4811380077375458 0.5887275537056189 0.49024434756760005 0.5653044337377499 0.49432651378387493 0.5510832640145129 0.49746661510532164 0.4841600695768518 0.4927564343744898 0.45948215909948836 0.488046253643658 0.45153501851122657 0.48050996447432714 0.446097516382581 0.4732876969366056 0.44484270672621073 0.4685775162057738 0.44860713569532146 0.4692055307203308 0.4394052045975652 0.463239320960385 0.4276936350401928 0.45852914022955316 0.4184917039424366 0.44879475713628025 0.4126359191637504 0.43623426560450823 0.40636187088189935 0.4224177450436223 0.3992512860202809 0.35459114251964446 0.3766647122056173 0.34988096178881267 0.37917433151835767 0.34108861484170605 0.38963108184592204
0 0.2850325947364626 0.7949077335881058 0.2906848116134607 0.8028548741763677 0.35003308882194134 0.8848357844904712 0.35945345028360487 0.8948742617414329 0.3657337104238218 0.912023314280575 0.3939947948088125 0.9509224136280514 0.40812533700130793 0.9442300826961597 0.42696605992463504 0.9304271764760873 0.46276343347895665 0.8948742617414329 0.48443026484078294 0.8681049763076182 0.4916525323785044 0.8392443542111035 0.4916525323785044 0.8191673997091804 0.4888264239400054 0.8174943074027695 0.4916525323785044 0.8049462108390676 0.49447864081700355 0.7865423486435551 0.49322258303922784 0.7572634438969998 0.48411624320917357 0.7263114851377855 0.46433348413968006 0.6895037224530091 0.45240103587112673 0.6710998506840589 0.44172461663168744 0.6610613734330972 0.42947814673152485 0.6535325154948761 0.4147195900244724 0.6506046231055329 0.40027502620036765 0.6552055982278489 0.3905406431070947 0.6652440754788105 0.38802855630020505 0.6702633141042913 0.3808062887624835 0.6660806120585779 0.3691878333768779 0.667753694791551 0.35788339962288157 0.6765373623861424 0.3516031682313264 0.6819748645147878 0.3173758453377281 0.728821104450526 0.2925688839057935 0.7597730632097403 0.2831485224441298 0.7798500177116635 0.2850325947364626 0.7840327293308148 0.2850325947364626 0.7949077335881058
0 0.10298217851753896 0.6835869705799331 0.10863439539453712 0.7032456424318155 0.1469438701300793 0.7664044079003662 0.16233047010035043 0.7827169334331787 0.17583296902962708 0.79359193769047 0.18933549670756547 0.7906640740214407 0.1931036412922309 0.8019573609287723 0.2210507040456123 0.8149237018487634 0.27192065593859566 0.7860630797522489 0.2876212775404761 0.7546928383429938 0.3008097835868051 0.7195581679646282 0.3014377981013621 0.7018489750706487 0.3070900149783603 0.6821903032187662 0.3055199643176369 0.6566758274413216 0.2954715595927547 0.6575123927414028 0.30363589202530417 0.6399450575522201 0.30237983424752846 0.6265603956884368 0.29264545115425555 0.5997911294014979 0.27411874986253776 0.5659112686795025 0.2540219691614348 0.539978529398893 0.23800735467660677 0.5199015748969699 0.21822459560711324 0.5115361899524191 0.2037800605316702 0.5246278978358745 0.11365858338264745 0.6605656042270207 0.10518025806715021 0.6760416027535037 0.10298217851753896 0.6835869705799331
0 0.1547793904210206 0.35690955600687024 0.18775066991117392 0.4280154429168069 0.19403090130272913 0.4464193051123192 0.20564935668833478 0.45854915731973217 0.21569773266455536 0.46984244422706406 0.2235480434654956 0.47109725388343426 0.228572217079275 0.46900587892698276 0.2342244339562732 0.48280878514705494 0.24333080253498912 0.48908283342890596 0.2631135616044826 0.4907559257353168 0.27630206765081167 0.4882463064225764 0.288234515919365 0.47862611182165543 0.30550518818196876 0.46189530363880216 0.31680962193596507 0.45143854373779996 0.3237178678420773 0.44098182213054954 0.3309401641284605 0.4238327312976556 0.3400465039585147 0.38911634356933067 0.34475668468934645 0.3794961298215338 0.3500948799347353 0.3669480332578319 0.35260699549028673 0.3523085808845542 0.3554331039287858 0.3426883862836333 0.35072292319795395 0.3376691476581525 0.35417704615101003 0.33432298219220663 0.3560611184433428 0.32302969528487485 0.353549031636453 0.31382776418711866 0.34601274246712227 0.3000248579670465 0.3306261424968511 0.2774382841523829 0.3130414773512996 0.2569430470004191 0.2976548773810286 0.2385391752314688 0.28823451591936505 0.22264492277525894 0.277872118311535 0.21051508971472171 0.2668817061891481 0.21344298210406482 0.23328239781010685 0.2561065104206516 0.19371687967111975 0.3008613849733761 0.15697746997063183 0.35021724422185446 0.1547793904210206 0.35690955600687024
0 0.1004952639312073 0.2511939979470914 0.12750031928708405 0.29804023788282935 0.15419132426268972 0.33401143526752447 0.16455372187051964 0.33526624492389473 0.2518490905810434 0.22902570678246842 0.2518490905810433 0.21438625440919085 0.24713890985021153 0.20141989434232405 0.2575013074580415 0.20309296750185904 0.26535158951031995 0.19012660743499227 0.26535158951031995 0.171722726092604 0.2609554304110976 0.14620826946203522 0.2518490905810433 0.12780438811964703 0.23614846897916286 0.10479954122838073 0.22892620144144135 0.09601587363378936 0.2000371025418936 0.07008314392661785 0.1881046255246786 0.060462930178821074 0.17177601815690285 0.05209753566083236 0.1560753965550224 0.04791483361511903 0.1488531290173009 0.04916964327148925 0.1441429482864691 0.05669850120971044 0.1366066591171382 0.04875137976832446 0.1284423554332504 0.04749657011195427 0.11745191456220175 0.057535047362915835 0.1089735892467045 0.06757352461387744 0.10394941563292504 0.07761200186483905 0.09107490246954367 0.09643414671039201 0.06721000593243706 0.12947746127918197 0.05025334092711179 0.1478813426215702 0.046799203599724816 0.1625207949948478 0.051195377073278134 0.17088617993939859 0.051509384330556664 0.1771602282212496 0.1004952639312073 0.2511939979470914