0 0.325008898012294 0.36311641749107276 0.3290686172385445 0.39020753522908874 0.36966580950104955 0.48547797972036666 0.3808300373732385 0.48773555908594635 0.38353653750620526 0.48231733553834316 0.5087111930001293 0.41594409708020397 0.5090495132600502 0.3947227352980131 0.503974864227237 0.3725983086993784 0.49044245648200224 0.32699494095297316 0.4802931584163758 0.28906737611975075 0.4684523209975452 0.2701035833686982 0.457626413385277 0.25881561419971116 0.4511985142859805 0.24617309947826457 0.43732781725402453 0.23127298472235575 0.41296950189652143 0.23172449646169518 0.3869196162126143 0.24572157740448392 0.35883990188878145 0.27732788487698296 0.34090948563057494 0.31751304974466754 0.3379777910984143 0.33490294452287045 0.32737707788534004 0.3477647909958245 0.325008898012294 0.36311641749107276
0 0.5378714704502937 0.35111376664857874 0.5189260934123249 0.42335674039366056 0.515881303992637 0.44548116699229523 0.5209559530254502 0.4603812817482041 0.526368922318184 0.4630903935220057 0.5327968214174806 0.46263886111378366 0.5246773829649796 0.4689601288089483 0.5229858126385754 0.48069962005171607 0.54023961935014 0.5136604730766747 0.5801602020660032 0.5457183026229544 0.6082399163898359 0.5574577731968396 0.6298917625875718 0.5574577731968396 0.6451157096860112 0.5461698350311764 0.6525585385918704 0.5308181878670457 0.651205288525387 0.5163695848504763 0.656618257818121 0.5177241407373772 0.670488954850077 0.5037270701290297 0.6806382529157033 0.47753897586969263 0.6860512222084372 0.4436750786971726 0.6941706606609381 0.39716866680320595 0.6941706606609381 0.37685032849969397 0.608239916389836 0.34388946514029406 0.5517421674822497 0.32131353713676114 0.5470058387093573 0.32582871653680295 0.5378714704502937 0.35111376664857874
0 0.7223138381243868 0.3693981692080037 0.7060749612193847 0.3915225751377559 0.6972789132202418 0.41500155762329155 0.6976172025069629 0.44344723124820834 0.702691851539776 0.48137479608143074 0.7148710092185275 0.53375094326234 0.7270501668972791 0.5599390375216771 0.7432890438022811 0.5640027051823795 0.7537766621278281 0.5775482640513875 0.7892992053575201 0.5856755993727922 0.8177172399412737 0.5910938229203955 0.8393690861390095 0.5897392670334948 0.8593293620103413 0.5775482640513874 0.8542547129775281 0.46873226069110147 0.8488417436847943 0.37481639275560685 0.835985976459401 0.36352843392106104 0.8187321697478362 0.35720716622589654 0.7842245563247069 0.3526919868258547 0.7622344208402498 0.34907983090449174 0.7463338332219689 0.35720716622589654 0.733205942303751 0.3704667040309008 0.7223138381243868 0.3693981692080037
0 0.7783239097930101 0.7058493451036537 0.777985620506289 0.7257161716678262 0.7905030674717617 0.7690619600486519 0.7921946377981659 0.788477274873485 0.8013290060572293 0.8191805278639814 0.8084335147031678 0.8363382219854698 0.8175678829622314 0.8449170897150967 0.8510605665787981 0.835886730915013 0.9424042491694345 0.7961530777866678 0.974205362459597 0.7830590513258817 0.9698073539466255 0.7428738657893147 0.957966485554595 0.6923037862346455 0.9447723980692808 0.6476034419669192 0.9298867712307622 0.6318002830634493 0.9204140827117777 0.6308972595847704 0.9183842230986526 0.6236729477420443 0.9095881750995096 0.6159971448288615 0.8777870308361475 0.6065152536205558 0.8564735048983323 0.6042576535860936 0.821627602188482 0.6074182770992348 0.7938861771513703 0.6232214360027049 0.7847518088923067 0.6426367301586555 0.7854284184389485 0.6647611567572903 0.789488137665199 0.6828218950263402 0.7877965983119946 0.6792097391049771 0.7783239097930101 0.7058493451036537
0 0.7164131915926899 0.7893802983521638 0.7668213926341003 0.7184918598251003 0.7847518088923067 0.6769521597393975 0.7840751993456648 0.6480549537062587 0.7803537694061354 0.636766994871713 0.7891498483784779 0.6313487713241097 0.7955777165045749 0.6078698095074567 0.7877965983119946 0.5852938711694825 0.7495675859225355 0.5731028681873753 0.740771506950193 0.5609118652052681 0.7248709503051117 0.5536875636969835 0.7126917926263602 0.5280206259097202 0.697129525268 0.5221508699538949 0.683935437782686 0.5253115141359186 0.6744627647503013 0.5329873170491013 0.672432905137176 0.5384055405967046 0.6666816310711212 0.5307297376835218 0.6572089580387368 0.5352449170835636 0.645706425393227 0.5469844083263313 0.6260844388086163 0.5722694377692246 0.5935519653236526 0.624194093879677 0.5881390270041185 0.6503821881390142 0.6026863335827163 0.6684429057391814 0.641253666232096 0.7036613587986023 0.6821891787545219 0.7165826244854088 0.6899702969471022 0.728773627467516 0.6892936874004604 0.7572193010924327 0.6923931964951077 0.7577739805452233 0.7164131915926899 0.7893802983521638
0 0.5556379118152768 0.9252176359144363 0.561050850134811 0.9387631947834443 0.5725533982669206 0.946890530104849 0.5874390251054394 0.9527602447229091 0.6063844021434083 0.953663309539353 0.6726931288567001 0.9572754447918334 0.6825041376356051 0.9509541977655515 0.6882553962150602 0.7495768616877891 0.6879170759551394 0.7288070116449377 0.6794593482159172 0.7175190528103917 0.6584841115648231 0.7071341174545247 0.5925136741382525 0.6994582938724594 0.5725533982669208 0.7030704497938224 0.5637573502677778 0.7143584086283683 0.5620657799413737 0.7220342322104336 0.5603742405881693 0.7260978998711362 0.555976201101998 0.7215827204710943 0.5437970434232465 0.7306130792711779 0.5278964867781653 0.7649285088519198 0.5214685876788686 0.7856983588947714 0.5234984472919939 0.7996954295031187 0.5160556493593345 0.8236259237279937 0.5082745001935546 0.8457503296577459 0.5082745001935546 0.8656171562219186 0.5174088684526181 0.9035447417240233 0.5336477453576202 0.9175417916634881 0.5498866222626223 0.919799412366833 0.5542846617487935 0.9116720770454283 0.5556379118152768 0.9252176359144363
0 0.3848894000649968 0.7287767440871418 0.37203363283960345 0.7328404117478441 0.3557947559346014 0.7432253367692698 0.34361559825584986 0.7626406412596617 0.332451370383661 0.7901832707370169 0.3236553223845181 0.825401723796438 0.31993389244498865 0.8570080416033783 0.3236553223845181 0.8931295181414779 0.3290682607040523 0.9211236800270551 0.33583448006326955 0.9297025270877993 0.34124741838280387 0.9310570829747002 0.34226234818936646 0.9486663095044106 0.35139671644843007 0.9680816243292438 0.36831223387327366 0.9775635155375493 0.39199390871093515 0.9893029861114346 0.42176519336117213 0.9992364097279622 0.46270070588359785 0.9987848773197404 0.5212283144043095 0.8028258061273462 0.5212283144043095 0.7874741589632155 0.5120939461452458 0.7788953119024713 0.430561241360315 0.7310343337871626 0.42379505297429737 0.7278736999395803 0.4133074346487503 0.7283252220133609 0.40248152703648216 0.735098001447865 0.3974068780036691 0.7405162249954682 0.3848894000649968 0.7287767440871418
0 0.394552447029629 0.700693461059165 0.4080848547748639 0.7146905316675123 0.4902941691064367 0.755327228943419 0.5004434671720629 0.7508120288744946 0.5095778354311266 0.7444907818482125 0.5139758749172978 0.7381694934841654 0.5237868527230034 0.7476513846924709 0.5373192604682383 0.7368149375972646 0.5582944661461327 0.713787487519951 0.5752099525977765 0.6907600374426374 0.5894189698896533 0.6447051372880102 0.5877274305364487 0.6004563254285058 0.5823144612437149 0.5855562106725969 0.5718268738913675 0.5720106518035889 0.5626925056323039 0.5711076076560275 0.5511899575001943 0.5774288753511921 0.5555879969863655 0.5629802723346228 0.5518665670468362 0.5512407810918549 0.5427321987877726 0.5431134457704502 0.5176972738836276 0.5313739648621236 0.462552744069325 0.5056374030110085 0.44969697684393156 0.5069919588979093 0.394552447029629 0.700693461059165
0 0.27100087626640246 0.49886714587298747 0.23615494258335237 0.6045225153856911 0.2351400127767897 0.6234862978023024 0.24122959161616547 0.6343227448975088 0.24427438103585336 0.6379348801499891 0.23581665329663126 0.649674371392757 0.2351400127767897 0.6727018214700705 0.2463042406489786 0.6943747156604834 0.2642346878803848 0.7097263421557316 0.2896079330444504 0.7246264569116404 0.3115980685289074 0.728238633501886 0.34001610311266095 0.7304962128674656 0.36944906750297707 0.7074687627901519 0.37080231756946064 0.6979868715818462 0.3867028742145418 0.6957292715473842 0.3998969926730556 0.6695411979569296 0.4273000974502465 0.5629827946311058 0.4259468164105634 0.5503402799096592 0.288254682977967 0.48170944141705785 0.27979692426554525 0.4853215870039794 0.27100087626640246 0.49886714587298747
0 0.04581157184307026 0.6163553109294474 0.0701698872005733 0.6168068433376693 0.16252849959777232 0.5734610549568437 0.17132457857011482 0.5576578960533736 0.17200118811675674 0.5463699372188277 0.187901744761838 0.5468214489581671 0.19669782373418052 0.5269546223939945 0.20143415250707294 0.49986350465597856 0.19940429289394762 0.4763845428393256 0.18824006502175875 0.44252064566680555 0.17030964876355226 0.41407497204188876 0.16016035069792597 0.40098092491222015 0.1449364035994866 0.38924145433833496 0.1364786448870648 0.38427474253007116 0.12531441701487592 0.3865323322300921 0.12023976798206278 0.37885651898246797 0.10129442191729361 0.372083739547964 0.08133411507276223 0.37569588513488567 0.0025079104207980764 0.41588103966812895 0.034647343970881365 0.5531427166533318 0.04039863352353603 0.5703004107748202 0.03836877391041078 0.5897157255996534 0.038750085022233385 0.5870611234559355 0.04581157184307026 0.6163553109294474
0 0.16530985648750623 0.38725207916544757 0.21436479197583327 0.46942845585817433 0.2478574755923999 0.5258683120375511 0.25902170346458886 0.5218046443768487 0.27661383043607424 0.48658617064854537 0.3060467948263904 0.48387705887474375 0.3364946890232692 0.4531737852153649 0.33886286889631523 0.43059786754627316 0.3398777987028778 0.41298864101656274 0.3263453909576429 0.37054587611441603 0.32600707069772217 0.35293664958470555 0.32837525057076816 0.34526084667152274 0.2864248082417797 0.29288467882173097 0.24481268617271207 0.29288467882173097 0.22316087094817577 0.2983029023693342 0.16497155171418532 0.36783676434061435 0.16497155171418532 0.3759640996620192 0.16530985648750623 0.37686714380958064 0.16530985648750623 0.38725207916544757
0 0.2180798042945026 0.29437543871871374 0.2793139129481809 0.2898602799875545 0.35374210908717346 0.27631472111854644 0.3665978763125668 0.26096307395441565 0.3665978763125669 0.2429023150164833 0.35847840688686616 0.18059274421904656 0.3591550474067077 0.16704718535003854 0.3554336174671783 0.1431166911251636 0.3364883023756089 0.12641050874301457 0.33682659166233 0.12054077345607198 0.3236325041770158 0.10925281462152617 0.29589111011310376 0.10112547930012135 0.26172178597669554 0.09977092341322055 0.23533361100606726 0.10383459107392294 0.22247784378067387 0.11060737050842695 0.20420910726254662 0.13137722055127835 0.21199022545512686 0.144019735272725 0.20996036584200164 0.1516955588547904 0.19947276300305442 0.16208049421065734 0.19507473900348296 0.18691401191421114 0.19947276300305442 0.23658106799020134 0.2086071467487179 0.2817329446661497 0.21469672558809366 0.292569391761356 0.2180798042945026 0.29437543871871374
0 0.03274539410722517 0.8561847731219876 0.05881565439913328 0.925773181777822 0.08284922338847121 0.9176182940270199 0.10525334983053196 0.8996775409752553 0.165133536044704 0.8409623242827375 0.1692070305313706 0.8208469427930065 0.1655408966815233 0.8023625139666937 0.17939074810111588 0.7827907833647686 0.1859082945271718 0.7577824692245562 0.18305688195096312 0.7191826589085122 0.17165111976460207 0.6892814121178185 0.15820862898182875 0.6702533324036994 0.14598818281567116 0.6631857713152518 0.12725015292961556 0.6452450182634872 0.10484602648755477 0.6419830631631662 0.09181085904775863 0.6512252651329515 0.07999777351842038 0.6506816018017744 0.062481788248980555 0.6572055120024161 0.04903929746620723 0.6735152875040203 0 0.730055850871829 0.0020374440784004656 0.7899898046772965 0.03274539410722517 0.8561847731219876
0 0.1802625278920588 0.9230234701719858 0.19003888482498482 0.9425952007739108 0.20144464701134587 0.9474881334243921 0.20511078086119322 0.9496627867491009 0.2230340894736102 0.9730401482258951 0.2519557996355691 0.9768457293272798 0.30776252865691667 0.975214751777119 0.3350548335654405 0.9594486520500632 0.3403503726687228 0.944226178324071 0.3403503726687228 0.9322657094718846 0.3281299265025652 0.9143249315333776 0.3216123427826672 0.854522413065248 0.326093197906153 0.8148353009735919 0.34238710126513505 0.7615566927061039 0.33464751022246325 0.7289371417028957 0.3045037181500466 0.7311117950276044 0.18148457250867453 0.7794974457578687 0.16682003710928545 0.8055930865604355 0.17333762082918355 0.8246211662745544 0.1802625278920588 0.9230234701719858
0 0.6017829581393366 0.2690692992654244 0.6058564153321611 0.29462126429344276 0.647813292933916 0.348987199223285 0.6718468246294119 0.3680152540506617 0.6865113600288009 0.3674716031628557 0.6905848545154675 0.35986036629985957 0.7060640738946531 0.36584062561269526 0.7386519552003012 0.35170547854905754 0.7830528847414456 0.31147471556959533 0.7920145576945752 0.279398815454193 0.7944586842216488 0.25602147886414106 0.7895704684613436 0.24134268091269728 0.7749059330619545 0.23808072581237644 0.7712397992121074 0.22666388296125345 0.7720544831919038 0.21198508500980967 0.757797308429334 0.1853457684326945 0.6950656723451113 0.13424181348991543 0.6877334046454167 0.1358727910400759 0.6017829581393366 0.2690692992654244
0 0.4410353664335743 0.23400884980104583 0.4581439910661949 0.2573861863910977 0.4740305710821997 0.27423961278050796 0.4899171510982046 0.3302365252605107 0.49969350803113066 0.33730408634895837 0.5184315006233442 0.3400223905614732 0.5705720957948445 0.31229577220874616 0.5933835828737245 0.3025099069077835 0.6015305345532156 0.28293817630585855 0.553870794505201 0.13560652101687215 0.5457238428257101 0.1252770048281036 0.5143580434305196 0.13016993747858488 0.48788038520795035 0.1399558027795474 0.4605880802994264 0.16007118426927847 0.4532558125997319 0.17474998222072224 0.43573982733029204 0.19704001703516213 0.43492514335049554 0.21933005184960203 0.4410353664335743 0.23400884980104583