0 0.17468819636480343 0.6676181667291232 0.16424033773054486 0.6745137534277338 0.1542103934416566 0.6807824686082891 0.14961333564258283 0.6904989771381495 0.07856789692962451 0.7566339222930063 0.07271709609443969 0.7632160732325892 0.07480666782129142 0.7770072466298105 0.07104543871295832 0.7798281684610604 0.06937378133147698 0.7951865206534204 0.07020961002221762 0.8092911298096694 0.07689623954814313 0.8255897892791129 0.09695612812591961 0.8434556275436951 0.11534435932221469 0.8556796221457775 0.13247884748239871 0.8666498737117492 0.14961333564258283 0.8716648458561933 0.16298659469443383 0.8751126392054985 0.1742702820194331 0.8782469967957761 0.19850931405091296 0.8788738683138316 0.22358417477313358 0.8766798180006374 0.23403203340739215 0.8675901809888323 0.25576357936665 0.8685304882659157 0.27164432449072307 0.8644558233985548 0.28251009747035194 0.8613214658082772 0.28794298396016643 0.8569333651818886 0.30006249997590634 0.8528587003145278 0.311764101646276 0.8381272196402232 0.3410181058222 0.8008283643159201 0.3677646239259019 0.7713654029673108 0.3660929665444206 0.7582011010881451 0.30716704384720217 0.7306187542937024 0.2298528899536887 0.6917527201742606 0.1784494254731365 0.6651106806569012 0.17468819636480343 0.6676181667291232
0 0.49082462069507454 0.5393165216443262 0.5314545305790819 0.5293690529123781 0.5455506767621665 0.5243953256613848 0.5443069036232997 0.518178155925172 0.546379808245486 0.5132044286741787 0.5455506767621665 0.500148382189105 0.5339420768568159 0.46999513671689785 0.515122047497405 0.4329631962709434 0.507795877592903 0.4216717777528859 0.48999545125481114 0.41248635578932397 0.4796306624452713 0.413729784044582 0.4812890392827419 0.4053366113041775 0.4740145419226591 0.4013809159813572 0.46180323480252977 0.38855026582336827 0.4215103242737282 0.3861222313590519 0.35359497172110027 0.4028497476786807 0.33644536391461954 0.4120619896290754 0.3189439456107002 0.41755512140160606 0.298868953610952 0.43300300026586835 0.2723351519530852 0.45880423972969175 0.27606647136968626 0.470305990223222 0.26818922883788054 0.47776658821469276 0.2648725131198832 0.4898900599508327 0.27482269823081923 0.516934727669914 0.2793831870876836 0.5250170469039943 0.2996981610081593 0.5595223126145465 0.2996981610081593 0.5657394681207979 0.3162817775550901 0.5853235378484085 0.49082462069507454 0.5393165216443262
0 0.14807788849696235 0.5239897929467844 0.16321049944415034 0.517800872352686 0.21273540799858387 0.49751494497526716 0.2622603165530174 0.4772290490763263 0.2663873922658868 0.47207161524791086 0.2709730459411147 0.4693209943655822 0.2700559319991831 0.4617567475910803 0.27739292750020533 0.4380325519803699 0.2709730459411147 0.39952370223537625 0.23382936452528952 0.33075792834933154 0.19989564488040232 0.30634606964841954 0.16550334727315683 0.30015714905432117 0.1512878502679003 0.30359543302685166 0.14119942897551319 0.3101281851660509 0.1315695856454845 0.30256394626116856 0.1086414012349159 0.2991256622886381 0.002713124604599694 0.3424481064473266 0 0.3878335241373813 0.12469112612403539 0.5253650876487097 0.14807788849696235 0.5239897929467844
0 0.30611704626678476 0.35517417407861424 0.31467547167001486 0.359880027296862 0.3215222119925989 0.36800830141626806 0.35860870466110134 0.3714307419007504 0.36602602408939505 0.3752809801020465 0.39740688241024974 0.3782756032863911 0.4242233168313593 0.3851204842553559 0.45161027812169535 0.38340925422145256 0.4653037587668634 0.38127024605405974 0.4904084558708437 0.3714307419007504 0.5138014678941782 0.3504683404436907 0.564010914338622 0.2661908977319893 0.5605875441773301 0.23752801987233724 0.546894063532162 0.2229826625007801 0.529777212725702 0.21656559883195325 0.514372046999888 0.2144265808728983 0.5058136215966578 0.22084364454172517 0.514372046999888 0.20843732471254722 0.5012491454604296 0.196458802600183 0.469297655797382 0.18576369322158415 0.45103969901598573 0.18619150073006 0.42479384370058587 0.17549639135146108 0.3928424062740214 0.1686515299658205 0.36659655095862165 0.17207396065864078 0.3546147553940996 0.16907932768263423 0.30611704626678476 0.35517417407861424
0 0.5153781637934115 0.41153790718027805 0.5207430973571386 0.41738892337974126 0.5621991423745079 0.4481068044616686 0.5661009203575758 0.4543235039423771 0.5899990984070338 0.4612716034653913 0.6431604327216418 0.4524950707962428 0.6792515888272487 0.43384493887430226 0.7129041671824117 0.4082467074293475 0.7309497675611976 0.39069364209105034 0.7480199011182338 0.36692386053213727 0.7480199011182338 0.34937079519384023 0.7348515008923006 0.33474324632522856 0.7246094118276857 0.3325491131579415 0.7333883453116414 0.3190186141330658 0.7333883453116414 0.3106077814850702 0.7021743893588869 0.2853752500612682 0.6933954558749312 0.28281541687282813 0.6821778999885673 0.2733075092712352 0.6733989665046116 0.2714790677551472 0.6485253216334043 0.25612013558413727 0.6231639880032869 0.24478377809650254 0.4817255854382485 0.3899622587886522 0.5153781637934115 0.41153790718027805
0 0.9093029819131789 0.3226029202990971 0.9488081825909788 0.16023705754989578 0.9341766267843863 0.14926639171346018 0.8532153364372524 0.12403386028965824 0.8268785359853856 0.12220541877357023 0.8059066244452813 0.12220541877357023 0.7990785799528595 0.1302505681403205 0.7859101797269263 0.12842212662423247 0.7634751126061629 0.1339074595424503 0.7410400901373638 0.14414675044644149 0.7264085343307712 0.15877429931505316 0.7151909784444072 0.17705874795574844 0.7078752005411109 0.20119421279590682 0.7078752005411109 0.22167279460388922 0.7156787118552818 0.2494651424762237 0.7229944897585782 0.26336132478234464 0.7322611566534084 0.2798173235369982 0.7464049790491263 0.28164575668313235 0.7556716459439564 0.2783545569322016 0.7503067123802294 0.29042228935228087 0.759085645864185 0.3046841549396472 0.7795698239934146 0.3119979544838144 0.8141978691703269 0.31967742056931936 0.8741872479773567 0.33174515298939855 0.8863801813815406 0.32955101982211144 0.9010117371881332 0.3269911866336713 0.9093029819131789 0.3226029202990971
0 0.603743505961542 0.5379167328157045 0.6642002661860167 0.6019122835282459 0.6901103129268578 0.6129591229191653 0.7114479984781387 0.608007109506757 0.7150042949075066 0.6152446783017561 0.7312615636328995 0.6259106150454488 0.7515831844239881 0.6281961704280395 0.7840977683872372 0.6224822819715626 0.8135640650449828 0.6095307898452792 0.8496349454375999 0.5801995073936337 0.8714806401127453 0.5489635722066242 0.8689404549560329 0.5287745112853416 0.8613198529734326 0.521536907615535 0.8491268898012722 0.5196322897549785 0.8608117973371048 0.5116328459159108 0.8603037882132405 0.49906229131166163 0.8044193426658627 0.43925691384226767 0.7759691107683092 0.41525858232506463 0.7561555456135483 0.4179250665109879 0.5930746631859015 0.5173467343723879 0.5956148483426139 0.52420340052016 0.5935826955659977 0.5219178451375693 0.603743505961542 0.5379167328157045
0 0.670296747772097 0.8977268204506798 0.6824897109442575 0.901155153524566 0.6911264241995134 0.9156303434267754 0.7104319337179464 0.9297245958069504 0.8013711018728225 0.9461044210071201 0.8313455006793593 0.9415333102419385 0.9019630480431464 0.7845918290124374 0.8821494828883857 0.7724022032115205 0.8308374450430314 0.758688870915976 0.779525407197677 0.7491657205822806 0.7617439715633008 0.7499275781889455 0.7480268879946201 0.754498688954127 0.7459947584742357 0.7624981327931946 0.7378661008553075 0.7583079421126436 0.7241490172866271 0.7571651644213482 0.7094158689577541 0.764402759372453 0.6916344333233779 0.7773542427800344 0.6606439930128805 0.804399987286493 0.6454027890476798 0.8314457143555479 0.6418465158745436 0.8592533164686712 0.6530233910302802 0.8813470126879139 0.670296747772097 0.8988695981419752 0.670296747772097 0.8977268204506798
0 0.6227565587474866 0.9339215366812338 0.6311951400358843 0.9298274717717387 0.6311951400358843 0.9060074964741711 0.6063758421170441 0.8565065871487276 0.5850313022591827 0.8285925469416648 0.5617011603976556 0.8192878725517699 0.550780712940985 0.8133328744680334 0.5289397271367706 0.8099831896431858 0.5021349181051376 0.809610999600862 0.45249641315833006 0.8181713109434874 0.4038506183224828 0.8293369270263126 0.3830024335201015 0.8408747246327725 0.366621716889659 0.8576231487570103 0.3621542487177202 0.8814431410919559 0.35867958154761415 0.8963306235232634 0.35917593660309427 0.9115903045155838 0.36116149316132357 0.931688413464669 0.3760530537344532 0.9536474470693064 0.3969012385368345 0.9849111721012168 0.41328195516727695 0.9971933497923245 0.4366120515833677 1 0.6227565587474866 0.9339215366812338
0 0.390605562523933 0.6866965319865777 0.3922585858696641 0.6947527602693861 0.438956126501036 0.7244988164717252 0.49350548073161365 0.7499069014165481 0.5116885861970019 0.7542448726740643 0.5228464086532565 0.7542448726740643 0.5373102778009728 0.7502167514406475 0.5455753188608015 0.7489773371602249 0.5505343510635813 0.7505266156487718 0.5720235032204314 0.7526955941855175 0.601364431142074 0.7468083586234794 0.6373174146122277 0.7244583242691924 0.6633523715112346 0.6804589400138827 0.6674848731239423 0.6342905914058524 0.6596330973591498 0.6147697420230674 0.6517812459255309 0.6085726422529051 0.6488885023635181 0.6126007493022969 0.6497149951191771 0.601755842434544 0.6327716477044838 0.5862631001011509 0.6059101980498178 0.5710802148838695 0.509209070095612 0.535756773143592 0.4939187460266498 0.5435031443102886 0.39639108748237184 0.6680647546575831 0.39101882781896913 0.6872757540162687 0.390605562523933 0.6866965319865777
0 0.44528284995203854 0.032561059873096404 0.43581994109286304 0.05900693035620619 0.42076534737212007 0.12415404555040181 0.4319487564749811 0.1522124586693742 0.4405514152123141 0.15672761052917908 0.4422719154559995 0.1712405828320958 0.4564662590548997 0.18381849216129031 0.47023049728274174 0.18414101249914994 0.5029204744694822 0.19607388115262525 0.5192655024425787 0.20865179048181975 0.5403419257756737 0.21187690528026276 0.5893769309355107 0.20897431081967938 0.632390106482996 0.19800894412634748 0.6487350950763662 0.18607607547287217 0.6547569640684444 0.17543322911739984 0.6569076090629145 0.1709180624942362 0.6702417025399721 0.1660804050599306 0.6831456512662448 0.14511723268684565 0.688307230756754 0.1251215770372629 0.692178415374636 0.10028826395337462 0.6947592051198904 0.06674718225109513 0.6926085207456941 0.04965412106209577 0.6844360461388722 0.04223637474170759 0.6573377538136991 0.04126884325484646 0.5769031269600223 0.03385110431613771 0.5584074539924557 0.030625996899374182 0.47324139239905455 0.017725581995678898 0.4702304972827417 0.016113024596457422 0.4650689177922326 0.01708055608331856 0.46334837816882074 0.016758050508817776 0.44528284995203854 0.032561059873096404