0 0.3005346736823954 0.5105352616333934 0.29405263832230844 0.5092993833618912 0.287570645351184 0.521040127937386 0.2940526383223084 0.5544085866868066 0.3084056681751152 0.5865411954515182 0.3310927071574946 0.621145504185648 0.3630397421541893 0.645244946615785 0.3959127640356269 0.64648085317408 0.4167477868595582 0.635358005304147 0.4107287661363239 0.6186737759294366 0.41628477222270555 0.6273248672563656 0.44452781729146656 0.621145504185648 0.4658258547522506 0.5933384552277974 0.4949948867057545 0.5216580812165337 0.5037918680832172 0.48519994093175417 0.43711979504663684 0.42340650823212844 0.3570207214309551 0.35419783419028295 0.34220471933025803 0.3671744570372798 0.3130356873767542 0.4190809484252675 0.29451565295916105 0.4604825735092624 0.2908116630312274 0.48334613766789747 0.2931266514375656 0.49941244205025315 0.3005346736823954 0.5105352616333934
0 0.5378563173362714 0.740953451314659 0.6364754253695464 0.7255051002114509 0.6471244652944197 0.7051132643090271 0.6573104481934777 0.6791600186150333 0.6702744765246891 0.6457915598656128 0.6725894649310274 0.6000644032615498 0.6633294689167122 0.5561910499213435 0.6471244652944197 0.5203508629157115 0.6262894424704883 0.48512860090243415 0.5883233867505593 0.47338784218354296 0.5577653532754601 0.4851286009024342 0.5355413289299332 0.5042845585333557 0.514706306106002 0.5104639074606769 0.49433429791892325 0.5283840009634929 0.4901672933541369 0.5481579118735621 0.5378563173362714 0.740953451314659
0 0.4728172168570164 0.8084245373017012 0.4792992098281409 0.8677462417451156 0.49828221649362414 0.9344831592439571 0.5191172393175555 0.9462239038194518 0.5251362600407898 0.9517853136110219 0.524210273156047 0.9598184799455962 0.5399522621414867 0.9944227886797259 0.5681953072102479 1 0.6038463321348762 0.9975124702150848 0.6293113741604465 0.98021031584802 0.6519984131428258 0.9468418570985995 0.6686664314019708 0.9171810048768922 0.6700554329235662 0.8930815624467551 0.6820934319810724 0.8726897265443313 0.6811674450963296 0.8349957079880497 0.6515353985059732 0.7336544676116822 0.6422754024916578 0.7170865837854474 0.6237553680740647 0.7312990566171534 0.5589353111959325 0.7418039512079391 0.4927262104072425 0.7640495903742195 0.4792992098281409 0.7812354133362053 0.4728172168570164 0.8084245373017012
0 0.7247777820286121 0.8119825316101765 0.7363528088382282 0.8261950610154687 0.7794118560076863 0.8459689436387448 0.8345089022346505 0.8719221893327387 0.854417938173839 0.8645069762773119 0.8618259604186689 0.8502945034456058 0.8891429762137246 0.8422613371110315 0.9007180030233405 0.8200156979447509 0.9206269965735665 0.7718168130844767 0.9308130218615871 0.7174385651534849 0.9183120081672284 0.6735652401000716 0.8970139707064446 0.6439043878783643 0.8877539746921291 0.6420505846145077 0.8747899463609177 0.6167152639128685 0.8122848778891237 0.5994131095458035 0.7983948626731695 0.5932337464750859 0.7664478276764747 0.5957055030180901 0.7576508462990119 0.6148614606490117 0.7576508462990119 0.6247484019606497 0.7247777820286121 0.8119825316101765
0 0.7787258942331389 0.4114379075342705 0.7736329027836101 0.4324476684290488 0.7801148957547345 0.46828785543468066 0.7972459286507323 0.512161208774887 0.8203959398810017 0.5473834990749572 0.8504909587192484 0.5683932316829425 0.8703999946584368 0.5751905480328079 0.8875310275544346 0.586313367615948 0.9190150479142766 0.5745725947536602 0.9407760576229507 0.5634497751705201 0.9991141215299585 0.5201943468226684 0.9981881346452155 0.49176937287246325 0.928275043928592 0.3107145780068611 0.8907720028455156 0.3199835943261446 0.8171549222009581 0.3589134628671353 0.8046539085065992 0.3811591020334157 0.8041909362587092 0.3941357248804126 0.798171915535475 0.39042811835269925 0.7787258942331389 0.4114379075342705
0 0.7210820871158934 0.24469802124861045 0.7247860770438269 0.2694153886711022 0.8081261683395523 0.31143493874745176 0.8331281957282698 0.3077273322197384 0.8428512063794378 0.3034017724128774 0.8618342554338835 0.31761427353137656 0.8923922889089827 0.29475070937274145 0.9141532986176569 0.25705669081645993 0.9220242931103767 0.1470643732565599 0.9085972925312751 0.11740352103485271 0.8937812904305782 0.12234700583406824 0.9007262980385553 0.10195515578824806 0.8951702919521735 0.07909157748621656 0.8794282605777713 0.06487909051111401 0.8030331768900231 0.03274649588979903 0.7821981540660918 0.04077964808097687 0.7210820871158934 0.24469802124861045
0 0.3512793185519 0.1328530227836951 0.32674028460555377 0.2094769098809674 0.32581429772081094 0.22616113925567766 0.33322229877115944 0.23975568709502917 0.3313703038071927 0.2589116447259508 0.33646329525672175 0.29104425349066226 0.36331733880388734 0.315761620913154 0.3938753722789866 0.32503063723243747 0.4267483941604242 0.32812031876779624 0.45591742611392794 0.31761542417701066 0.4651774645172059 0.3077284828653725 0.46980744132988217 0.2928980567545189 0.4841604711826891 0.29475186001837567 0.49712449951390053 0.2725062208520952 0.5179595223378318 0.15942422175683646 0.5077734970498113 0.15015520543755295 0.37072533985423595 0.09021554771499102 0.3660953418470782 0.09886663904191989 0.3512793185519 0.1328530227836951
0 0.5244732315436013 0.19187901129912194 0.5161392224140287 0.20300183088226217 0.5087312001691989 0.24254962441560748 0.5235472446588585 0.29445611580359515 0.5453082543675325 0.32288108975380025 0.5703102817562502 0.33832946914380135 0.5967013106665632 0.344508832214519 0.6054983344329884 0.3352398158952355 0.6152213450841562 0.3469805321839373 0.6286483456632579 0.348834335447794 0.6517983568935275 0.33832946914380135 0.7138404531174313 0.26850287010960133 0.7189334445669603 0.24687515593567544 0.6758743973975022 0.17952031344447966 0.6425383608792121 0.11710892746570636 0.6221663526921333 0.08683015025164456 0.5851262838569472 0.1121654709532838 0.554568250381848 0.14615185469505898 0.5374372598748126 0.1628360840697693 0.5323442260363211 0.17828443517297748 0.5365745004180763 0.19298464655362652 0.5244732315436013 0.19187901129912194
0 0.26756890041841813 0.5174130666040663 0.28701492172075405 0.4865163643976498 0.29627496012403187 0.4512941023843725 0.31896195671744876 0.3987696577172373 0.323128961282235 0.37714197183010445 0.31803596983270593 0.35798598591238984 0.324980977440683 0.33697622501761154 0.3110909622247289 0.2986642814689754 0.29210795555924557 0.28012624883040843 0.2559939159977646 0.2615882161918414 0.22173185020576916 0.2566447455360224 0.18932184296118432 0.2646778977272002 0.18608082528114087 0.27703659558184257 0.1874698268027363 0.2832159303657672 0.1763578146299729 0.2708572325111249 0.15459680492129876 0.29495667494126204 0.1374657720253011 0.340683831545325 0.11246374463658353 0.4098924773003775 0.26756890041841813 0.5174130666040663
0 0.27358289174441974 0.9038183311360836 0.3441872142755679 0.7624723225556241 0.33872377173046153 0.7316230094485335 0.3441872142755679 0.7097480359037671 0.3311590228878386 0.6570237235760943 0.29795820639608356 0.6104692969780738 0.27274237692067355 0.5981295640324928 0.2340780794075099 0.6014949445778415 0.21810806689851764 0.6194436493783062 0.2193688583722881 0.6334660597586537 0.20928252658212415 0.6267352986679564 0.19247196077308334 0.640196820849351 0.18112483750914882 0.6514147645591184 0.13531610627968876 0.7344274761191134 0.13111345520835296 0.763033210754577 0.13489582962966445 0.7680812815726 0.27358289174441974 0.9038183311360836
0 0.21849424000299172 0.984831862418891 0.21807396335296744 0.9696876499648222 0.20462553379151616 0.891722983547034 0.18655417650870493 0.8305852455318055 0.1693233725259421 0.8232935962421555 0.1659612362783526 0.806466693515412 0.1567154577882371 0.7902006789876216 0.13654279420790905 0.7834699178969243 0.11048641143245046 0.7924442574592488 0.09199481597591717 0.8036622011690163 0.037780782603785604 0.8479730364575015 0.026013382689826798 0.8631172489115706 0.014246021252170334 0.8771396849677338 0.005000204285752563 0.89452747589343 0 0.9152806473644747 0.0007975532144167197 0.9253767890005207 0 0.9337902403638925 0.0007975532144167197 0.9865145526915653 0.007942063883317765 1 0.20042288272018044 0.9954889179297055 0.21849424000299172 0.984831862418891