33 0.3302180685358255 0.6433378196500673 0.3457943925233645 0.711978465679677 0.3629283489096573 0.7537012113055181 0.38940809968847356 0.7967698519515478 0.426791277258567 0.835800807537012 0.4641744548286605 0.8425302826379543 0.5155763239875389 0.8371467025572006 0.5467289719626168 0.8088829071332435 0.5716510903426791 0.7725437415881562 0.5950155763239875 0.7240915208613729 0.6074766355140186 0.6729475100942126 0.6074766355140186 0.5841184387617766 0.5934579439252337 0.5356662180349933 0.5669781931464175 0.48721399730821 0.5373831775700935 0.4576043068640646 0.5031152647975078 0.4387617765814267 0.4797507788161994 0.4347240915208614 0.43457943925233644 0.4387617765814267 0.40342679127725856 0.4535666218034994 0.367601246105919 0.48721399730821 0.3426791277258567 0.5302826379542396 0.32866043613707163 0.5693135935397039 0.3302180685358255 0.6433378196500673
33 0.5498442367601246 0.40511440107671604 0.5794392523364487 0.5006729475100943 0.602803738317757 0.5491251682368775 0.6339563862928349 0.5975773889636609 0.6573208722741433 0.620457604306864 0.6806853582554517 0.6366083445491252 0.7165109034267914 0.6446837146702558 0.733644859813084 0.6312247644683715 0.7601246105919003 0.5841184387617766 0.7881619937694704 0.43741588156123823 0.7881619937694704 0.3351278600269179 0.766355140186916 0.2718707940780619 0.733644859813084 0.21803499327052492 0.6947040498442367 0.18304172274562586 0.6542056074766356 0.1655450874831763 0.6152647975077882 0.16689098250336473 0.5981308411214953 0.17496635262449528 0.5778816199376947 0.20592193808882908 0.5623052959501558 0.243606998654105 0.5467289719626168 0.3135935397039031 0.5498442367601246 0.40511440107671604
33 0.25700934579439255 0.2611036339165545 0.26791277258566976 0.288021534320323 0.32398753894080995 0.32570659488559894 0.367601246105919 0.34185733512786004 0.4158878504672897 0.33378196500672946 0.46884735202492217 0.3405114401076716 0.5109034267912772 0.35800807537012114 0.529595015576324 0.37281292059219384 0.5389408099688474 0.37281292059219384 0.5560747663551402 0.253028263795424 0.5919003115264798 0.17496635262449528 0.5716510903426791 0.1641991924629879 0.5124610591900312 0.14804845222072677 0.4221183800623053 0.14535666218034993 0.37071651090342683 0.15612382234185734 0.3208722741433022 0.17362045760430686 0.278816199376947 0.20323014804845224 0.2601246105919003 0.23553162853297444 0.25700934579439255 0.2611036339165545
33 0.003115264797507788 0.41184387617765816 0.009345794392523364 0.4724091520861373 0.045171339563862926 0.5639300134589502 0.0778816199376947 0.6164199192462988 0.08722741433021806 0.6164199192462988 0.132398753894081 0.5868102288021534 0.17133956386292834 0.5733512786002691 0.25233644859813087 0.5679676985195155 0.3037383177570093 0.576043068640646 0.3099688473520249 0.5706594885598923 0.3115264797507788 0.5572005383580081 0.29127725856697817 0.5020188425302827 0.28971962616822433 0.41991924629878874 0.264797507788162 0.38492597577388965 0.21651090342679127 0.34320323014804843 0.1588785046728972 0.3162853297442799 0.13395638629283488 0.31090174966352624 0.09034267912772585 0.31090174966352624 0.037383177570093455 0.3297442799461642 0.017133956386292833 0.351278600269179 0.0077881619937694695 0.37281292059219384 0.003115264797507788 0.41184387617765816
33 0.07165109034267912 0.6621803499327052 0.0794392523364486 0.6944818304172274 0.1043613707165109 0.7267833109017496 0.1604361370716511 0.7685060565275909 0.2694704049844237 0.8102288021534321 0.35358255451713394 0.8277254374158816 0.40031152647975077 0.8263795423956932 0.40031152647975077 0.8156123822341858 0.37383177570093457 0.7779273216689099 0.3411214953271028 0.7106325706594886 0.3364485981308411 0.6675639300134589 0.32554517133956384 0.6379542395693136 0.32398753894080995 0.5895020188425303 0.3161993769470405 0.5827725437415882 0.24766355140186916 0.5706594885598923 0.18535825545171342 0.5733512786002691 0.12461059190031151 0.5935397039030955 0.0778816199376947 0.6325706594885598 0.07165109034267912 0.6621803499327052
33 0.29127725856697817 0.4818304172274563 0.29906542056074764 0.5181695827725437 0.31464174454828664 0.5531628532974427 0.3271028037383178 0.5652759084791386 0.3582554517133957 0.49528936742934054 0.3987538940809969 0.4549125168236878 0.4221183800623053 0.4414535666218035 0.45950155763239875 0.433378196500673 0.4937694704049845 0.4347240915208614 0.5404984423676013 0.4576043068640646 0.5654205607476636 0.4764468371467026 0.543613707165109 0.39569313593539707 0.5327102803738317 0.38088829071332436 0.501557632398754 0.3553162853297443 0.4361370716510903 0.3364737550471063 0.3862928348909657 0.3405114401076716 0.34890965732087226 0.35800807537012114 0.3130841121495327 0.3943472409152086 0.29283489096573206 0.4401076716016151 0.29127725856697817 0.4818304172274563
33 0.764797507788162 0.5773889636608345 0.7242990654205608 0.648721399730821 0.7710280373831775 0.7133243606998654 0.8255451713395638 0.721399730820996 0.8738317757009346 0.7146702557200538 0.8971962616822429 0.7065948855989233 0.9252336448598131 0.6864064602960969 0.9719626168224298 0.6137281292059219 0.9828660436137072 0.5720053835800807 0.9750778816199377 0.5020188425302827 0.9423676012461059 0.4535666218034994 0.8878504672897197 0.433378196500673 0.8551401869158879 0.43606998654104984 0.82398753894081 0.44683714670255725 0.7881619937694704 0.46433378196500674 0.7834890965732086 0.47375504710632577 0.764797507788162 0.5773889636608345
33 0.7772585669781932 0.2893674293405114 0.794392523364486 0.360699865410498 0.7928348909657321 0.4508748317631225 0.8037383177570094 0.45222072678331093 0.8660436137071651 0.4306864064602961 0.8940809968847352 0.43203230148048455 0.9485981308411215 0.4495289367429341 0.9844236760124611 0.3943472409152086 0.9984423676012462 0.34858681022880217 0.9984423676012462 0.3203230148048452 0.9781931464174456 0.25168236877523553 0.9470404984423675 0.20592193808882908 0.9049844236760125 0.17900403768506057 0.8426791277258567 0.180349932705249 0.8052959501557633 0.21803499327052492 0.7788161993769471 0.269179004037685 0.7772585669781932 0.2893674293405114
33 0.6090342679127726 0.6810228802153432 0.5996884735202492 0.7187079407806192 0.5654205607476636 0.7886944818304172 0.5420560747663552 0.8183041722745626 0.543613707165109 0.8277254374158816 0.5560747663551402 0.8344549125168237 0.632398753894081 0.82907133243607 0.7320872274143302 0.7994616419919247 0.7507788161993769 0.7873485868102288 0.7601246105919003 0.7658142664872141 0.7601246105919003 0.711978465679677 0.7274143302180686 0.6608344549125168 0.6643302180685359 0.6292059219380889 0.6433021806853583 0.6123822341857335 0.6137071651090342 0.6123822341857335 0.6090342679127726 0.6810228802153432
33 0.2196261682242991 0.3405114401076716 0.2959501557632399 0.41991924629878874 0.3161993769470405 0.3862718707940781 0.3582554517133957 0.34589502018842533 0.2772585669781932 0.3001345895020188 0.2538940809968847 0.2718707940780619 0.2445482866043614 0.2718707940780619 0.235202492211838 0.27994616419919244 0.22429906542056072 0.3041722745625841 0.2196261682242991 0.3405114401076716
40 0 0.33378196500672946 0.012461059190031152 0.34185733512786004 0.062305295950155756 0.31090174966352624 0.08255451713395638 0.30551816958277256 0.16199376947040497 0.3082099596231494 0.17289719626168226 0.3041722745625841 0.17445482866043613 0.29475100942126514 0.20716510903426794 0.2893674293405114 0.24922118380062303 0.25975773889636605 0.264797507788162 0.2126514131897712 0.29283489096573206 0.1857335127860027 0.32398753894080995 0.16823687752355315 0.383177570093458 0.14670255720053835 0.44859813084112143 0.13728129205921938 0.4610591900311526 0.13997308209959622 0.4657320872274143 0.13189771197846567 0.47352024922118374 0.13728129205921938 0.5155763239875389 0.1332436069986541 0.5249221183800623 0.14131897711978464 0.5389408099688474 0.1345895020188425 0.5716510903426791 0.13997308209959622 0.5872274143302181 0.1345895020188425 0.5934579439252337 0.126514131897712 0.6246105919003115 0.126514131897712 0.6277258566978193 0.11843876177658144 0.6635514018691588 0.1278600269179004 0.67601246105919 0.09690444145356662 0.6931464174454829 0.08748317631224764 0.7009345794392523 0.08748317631224764 0.733644859813084 0.11709286675639301 0.7398753894080997 0.10901749663526246 0.7102803738317757 0.07537012113055182 0.7242990654205608 0.008075370121130552 0.7071651090342679 0 0.26791277258566976 0 0.001557632398753894 0.040376850605652756 0 0.33378196500672946