4 0.6546875 0.3734375 0.6671875 0.3828125 0.6765625 0.3859375 0.68125 0.390625 0.68125 0.39375 0.678125 0.39375 0.6734375 0.3984375 0.66875 0.3984375 0.653125 0.409375 0.646875 0.4109375 0.6453125 0.4140625 0.6421875 0.4140625 0.6421875 0.40625 0.646875 0.3984375 0.646875 0.390625 0.6515625 0.375 0.653125 0.375
4 0.465625 0.31875 0.459375 0.3046875 0.459375 0.296875 0.465625 0.290625 0.4921875 0.290625 0.5015625 0.2875 0.5265625 0.290625 0.5625 0.2859375 0.59375 0.2859375 0.628125 0.28125 0.6453125 0.28125 0.6546875 0.2890625 0.6546875 0.296875 0.65 0.3078125 0.6484375 0.3328125 0.6453125 0.34375 0.6421875 0.346875 0.609375 0.3484375 0.571875 0.3546875 0.5046875 0.35625 0.5 0.353125 0.4984375 0.346875 0.4875 0.3359375 0.4796875 0.3328125 0.4671875 0.31875
4 0.6328125 0.6640625 0.64375 0.6703125 0.646875 0.6796875 0.65 0.68125 0.6546875 0.690625 0.6546875 0.6984375 0.6625 0.728125 0.6625 0.7390625 0.6546875 0.75 0.6546875 0.753125 0.6421875 0.7640625 0.625 0.7703125 0.6234375 0.7734375 0.615625 0.7734375 0.6140625 0.7765625 0.5890625 0.7828125 0.5609375 0.7828125 0.54375 0.7796875 0.534375 0.7734375 0.5296875 0.7734375 0.4921875 0.7546875 0.4875 0.74375 0.4796875 0.734375 0.4765625 0.725 0.46875 0.715625 0.46875 0.6984375 0.4796875 0.6859375 0.4921875 0.6765625 0.5171875 0.665625 0.53125 0.6640625 0.553125 0.665625 0.5671875 0.6703125 0.59375 0.6640625 0.6046875 0.6640625 0.61875 0.659375 0.628125 0.6609375 0.63125 0.6640625
4 0.6171875 0.4984375 0.621875 0.5 0.6359375 0.515625 0.6453125 0.5203125 0.6546875 0.5359375 0.6578125 0.559375 0.6625 0.5703125 0.6609375 0.6015625 0.653125 0.6234375 0.646875 0.6328125 0.628125 0.6484375 0.625 0.6484375 0.6234375 0.6515625 0.6171875 0.6546875 0.6140625 0.659375 0.6046875 0.659375 0.590625 0.6640625 0.575 0.6640625 0.5734375 0.665625 0.5609375 0.665625 0.55 0.6625 0.540625 0.6625 0.534375 0.659375 0.525 0.659375 0.515625 0.6546875 0.4953125 0.6390625 0.48125 0.6234375 0.4734375 0.5953125 0.4734375 0.575 0.4796875 0.565625 0.4796875 0.5609375 0.484375 0.5515625 0.5015625 0.53125 0.546875 0.503125 0.553125 0.5 0.584375 0.4953125 0.5890625 0.4921875 0.596875 0.4921875 0.615625 0.4984375
4 0.603125 0.4546875 0.603125 0.459375 0.596875 0.46875 0.59375 0.4875 0.58125 0.49375 0.5609375 0.4953125 0.5578125 0.4890625 0.55625 0.471875 0.578125 0.465625 0.584375 0.4609375 0.5921875 0.459375 0.59375 0.45625 0.6015625 0.45625
4 0.7234375 0.3953125 0.7484375 0.4078125 0.7671875 0.428125 0.7796875 0.45 0.7796875 0.4671875 0.76875 0.4578125 0.7609375 0.4578125 0.7546875 0.4640625 0.7484375 0.465625 0.7359375 0.465625 0.725 0.4625 0.709375 0.4640625 0.696875 0.4765625 0.696875 0.4796875 0.6859375 0.4953125 0.66875 0.540625 0.665625 0.5578125 0.6609375 0.553125 0.6609375 0.5453125 0.6546875 0.528125 0.640625 0.5140625 0.6359375 0.5125 0.6234375 0.4984375 0.5953125 0.4875 0.596875 0.471875 0.609375 0.45 0.6234375 0.440625 0.625 0.4359375 0.6328125 0.4296875 0.6359375 0.421875 0.6453125 0.415625 0.6484375 0.4109375 0.6546875 0.409375 0.65625 0.40625 0.659375 0.40625 0.6765625 0.3953125 0.721875 0.3953125
4 0.509375 0.4421875 0.5265625 0.45 0.5515625 0.4703125 0.5546875 0.475 0.55625 0.4875 0.5546875 0.4953125 0.5359375 0.5046875 0.51875 0.5171875 0.5125 0.51875 0.496875 0.534375 0.484375 0.5421875 0.475 0.54375 0.45625 0.5421875 0.4328125 0.534375 0.428125 0.5296875 0.428125 0.503125 0.4265625 0.5015625 0.428125 0.4859375 0.4375 0.465625 0.459375 0.4640625 0.4890625 0.45625 0.5 0.4453125 0.5078125 0.44375
4 0.3734375 0.59375 0.4125 0.603125 0.4359375 0.625 0.446875 0.640625 0.45 0.6546875 0.4578125 0.6671875 0.4578125 0.7015625 0.446875 0.7265625 0.4375 0.7234375 0.434375 0.71875 0.4296875 0.7171875 0.4234375 0.7109375 0.409375 0.7046875 0.39375 0.69375 0.3875 0.69375 0.378125 0.6890625 0.346875 0.6875 0.334375 0.684375 0.31875 0.6875 0.3125 0.684375 0.3171875 0.675 0.3203125 0.675 0.328125 0.665625 0.3390625 0.6609375 0.3546875 0.64375 0.35625 0.6390625 0.3546875 0.625 0.34375 0.6125 0.34375 0.5921875 0.3453125 0.590625 0.365625 0.590625 0.371875 0.59375
4 0.3390625 0.45 0.35 0.45625 0.3625 0.459375 0.43125 0.465625 0.425 0.49375 0.4265625 0.509375 0.41875 0.51875 0.4125 0.5234375 0.40625 0.5234375 0.403125 0.5265625 0.3921875 0.5296875 0.375 0.5296875 0.3640625 0.534375 0.346875 0.534375 0.3453125 0.5359375 0.321875 0.534375 0.3109375 0.5296875 0.303125 0.5203125 0.2984375 0.4984375 0.303125 0.4859375 0.3109375 0.478125 0.3234375 0.459375 0.3375 0.45
4 0.1609375 0.553125 0.184375 0.5765625 0.196875 0.596875 0.196875 0.6015625 0.2078125 0.621875 0.2140625 0.6609375 0.2125 0.6625 0.2140625 0.6953125 0.2078125 0.70625 0.2015625 0.709375 0.171875 0.7109375 0.159375 0.7140625 0.1234375 0.7140625 0.1046875 0.6984375 0.0953125 0.684375 0.090625 0.665625 0.084375 0.6546875 0.084375 0.646875 0.078125 0.634375 0.0734375 0.609375 0.075 0.5765625 0.084375 0.5640625 0.1 0.559375 0.1359375 0.5609375 0.1546875 0.553125 0.159375 0.553125
4 0.4828125 0.55 0.478125 0.5578125 0.478125 0.5640625 0.4703125 0.58125 0.471875 0.5984375 0.478125 0.6140625 0.478125 0.6203125 0.49375 0.640625 0.4984375 0.6421875 0.50625 0.65 0.509375 0.65 0.5140625 0.65625 0.5203125 0.6578125 0.5203125 0.6625 0.5125 0.6640625 0.50625 0.66875 0.5 0.66875 0.4984375 0.671875 0.4890625 0.6765625 0.484375 0.6765625 0.4734375 0.66875 0.4703125 0.66875 0.459375 0.6578125 0.459375 0.653125 0.4484375 0.634375 0.4484375 0.603125 0.45625 0.575 0.459375 0.5734375 0.459375 0.5703125 0.46875 0.5578125 0.48125 0.55
4 0.7765625 0.69375 0.7796875 0.6953125 0.784375 0.7125 0.7875 0.75 0.7796875 0.7765625 0.759375 0.80625 0.7265625 0.834375 0.6984375 0.8484375 0.68125 0.8546875 0.671875 0.8546875 0.6609375 0.8578125 0.6359375 0.8578125 0.6265625 0.85625 0.6171875 0.846875 0.609375 0.834375 0.6046875 0.821875 0.6046875 0.815625 0.59375 0.7921875 0.59375 0.784375 0.609375 0.78125 0.6453125 0.765625 0.6609375 0.7484375 0.6671875 0.7359375 0.6890625 0.725 0.7125 0.7203125 0.7203125 0.715625 0.728125 0.715625 0.734375 0.7109375 0.7390625 0.7109375 0.74375 0.70625 0.7484375 0.70625 0.75 0.703125 0.7625 0.7 0.76875 0.6953125 0.775 0.6953125
4 0.5796875 0.47578125 0.04765625 0.04140625
4 0.3484375 0.6890625 0.35 0.690625 0.3703125 0.690625 0.3921875 0.6953125 0.396875 0.7 0.403125 0.7015625 0.4078125 0.70625 0.4125 0.70625 0.4265625 0.715625 0.4546875 0.740625 0.4640625 0.7546875 0.46875 0.771875 0.4703125 0.815625 0.4671875 0.828125 0.45625 0.84375 0.44375 0.8546875 0.440625 0.8546875 0.4359375 0.859375 0.4171875 0.86875 0.3765625 0.875 0.346875 0.871875 0.334375 0.8640625 0.3109375 0.8546875 0.30625 0.8546875 0.284375 0.8390625 0.28125 0.8390625 0.271875 0.828125 0.271875 0.825 0.25 0.8 0.240625 0.7734375 0.240625 0.7515625 0.25 0.7390625 0.25 0.7359375 0.271875 0.7109375 0.2765625 0.7109375 0.28125 0.70625 0.303125 0.6953125 0.309375 0.6953125 0.3296875 0.6890625 0.346875 0.6890625
29 0.20652173913043476 0.3964285714285714 0.22554347826086957 0.45357142857142857 0.2595108695652174 0.47738095238095235 0.28532608695652173 0.488095238095238 0.297554347826087 0.48690476190476184 0.34782608695652173 0.4226190476190476 0.33695652173913043 0.3845238095238095 0.3043478260869565 0.3142857142857143 0.296195652173913 0.3059523809523809 0.28125 0.3011904761904762 0.23777173913043476 0.2952380952380952 0.21603260869565216 0.3119047619047619 0.20516304347826084 0.3547619047619047 0.20652173913043476 0.3964285714285714
29 0.08695652173913043 0.49523809523809526 0.09646739130434782 0.5428571428571428 0.10597826086956522 0.5547619047619048 0.11684782608695651 0.5571428571428572 0.1576086956521739 0.5488095238095239 0.18614130434782608 0.5273809523809524 0.2554347826086957 0.4916666666666666 0.2554347826086957 0.47738095238095235 0.22282608695652173 0.45357142857142857 0.19972826086956522 0.39166666666666666 0.1888586956521739 0.3880952380952381 0.16847826086956522 0.3904761904761905 0.1263586956521739 0.42023809523809524 0.09782608695652174 0.4523809523809524 0.08967391304347826 0.475 0.08695652173913043 0.49523809523809526
29 0.21875 0.6119047619047618 0.22282608695652173 0.6345238095238095 0.24456521739130435 0.6785714285714286 0.2717391304347826 0.7035714285714285 0.28260869565217395 0.7 0.35190217391304346 0.6452380952380952 0.3546195652173913 0.6285714285714286 0.3179347826086957 0.5464285714285715 0.28940217391304346 0.5166666666666666 0.26358695652173914 0.5297619047619048 0.2214673913043478 0.5857142857142856 0.21875 0.6119047619047618
29 0.33695652173913043 0.3773809523809524 0.3505434782608695 0.41547619047619044 0.34103260869565216 0.4428571428571428 0.3505434782608695 0.4523809523809524 0.40896739130434784 0.4619047619047619 0.4633152173913043 0.4595238095238095 0.4904891304347826 0.4511904761904762 0.5176630434782609 0.4226190476190476 0.5122282608695652 0.3904761904761905 0.4945652173913043 0.3476190476190476 0.44972826086956524 0.3095238095238095 0.42391304347826086 0.294047619047619 0.40625 0.2928571428571428 0.3817934782608695 0.31071428571428567 0.3641304347826087 0.3273809523809524 0.3464673913043478 0.3547619047619047 0.33695652173913043 0.3773809523809524
29 0.5040760869565217 0.3678571428571428 0.5230978260869565 0.41309523809523807 0.5190217391304348 0.4392857142857142 0.5557065217391304 0.469047619047619 0.5991847826086956 0.45476190476190476 0.6222826086956521 0.43809523809523804 0.638586956521739 0.41547619047619044 0.6508152173913043 0.3702380952380952 0.6508152173913043 0.3583333333333333 0.6440217391304348 0.35 0.5054347826086956 0.36071428571428565 0.5040760869565217 0.3678571428571428
29 0.296195652173913 0.30238095238095236 0.31657608695652173 0.32857142857142857 0.3383152173913043 0.3761904761904762 0.34239130434782605 0.3571428571428571 0.36277173913043476 0.3261904761904762 0.40896739130434784 0.28928571428571426 0.3777173913043478 0.28095238095238095 0.33016304347826086 0.27976190476190477 0.30842391304347827 0.2857142857142857 0.297554347826087 0.2964285714285714 0.296195652173913 0.30238095238095236
29 0.391304347826087 0.5297619047619048 0.358695652173913 0.5357142857142857 0.31385869565217395 0.5357142857142857 0.3383152173913043 0.5785714285714285 0.3858695652173913 0.5928571428571427 0.42934782608695654 0.6 0.4483695652173913 0.5904761904761904 0.46603260869565216 0.5464285714285715 0.4320652173913043 0.5369047619047619 0.42119565217391297 0.5178571428571428 0.391304347826087 0.5297619047619048
29 0.16304347826086957 0.5511904761904762 0.1956521739130435 0.5904761904761904 0.21195652173913043 0.6011904761904762 0.2214673913043478 0.5809523809523809 0.25407608695652173 0.5380952380952381 0.2703804347826087 0.5226190476190476 0.28940217391304346 0.5142857142857142 0.28940217391304346 0.5095238095238095 0.28260869565217395 0.5011904761904762 0.25135869565217395 0.4976190476190476 0.17391304347826086 0.5380952380952381 0.16304347826086957 0.5511904761904762
29 0.45108695652173914 0.7333333333333333 0.47010869565217395 0.7666666666666666 0.47146739130434784 0.7904761904761904 0.47146739130434784 0.8214285714285714 0.4578804347826087 0.8464285714285713 0.4850543478260869 0.8523809523809524 0.5203804347826086 0.8369047619047618 0.5434782608695652 0.8345238095238094 0.546195652173913 0.8261904761904761 0.5407608695652174 0.8035714285714285 0.5271739130434783 0.775 0.48641304347826086 0.75 0.4633152173913043 0.7035714285714285 0.45244565217391297 0.7202380952380951 0.45108695652173914 0.7333333333333333
29 0.6657608695652174 0.6095238095238095 0.6875 0.6238095238095238 0.7092391304347826 0.6309523809523809 0.7418478260869565 0.6357142857142857 0.7771739130434783 0.6345238095238095 0.8342391304347826 0.6261904761904762 0.8410326086956521 0.6202380952380951 0.8423913043478259 0.6011904761904762 0.8247282608695652 0.5261904761904762 0.8070652173913043 0.4976190476190476 0.782608695652174 0.488095238095238 0.7785326086956521 0.47023809523809523 0.7676630434782609 0.4595238095238095 0.7425271739130435 0.4666666666666666 0.7160326086956521 0.46309523809523806 0.702445652173913 0.4726190476190476 0.6766304347826086 0.5226190476190476 0.6644021739130435 0.5761904761904761 0.6657608695652174 0.6095238095238095
29 0.21603260869565216 0.694047619047619 0.21195652173913043 0.7035714285714285 0.16168478260869565 0.7166666666666666 0.17119565217391303 0.7452380952380951 0.1956521739130435 0.7583333333333333 0.23369565217391303 0.7511904761904762 0.26766304347826086 0.7095238095238094 0.21467391304347827 0.6309523809523809 0.21603260869565216 0.694047619047619