7 0.290625 0.015625 0.31875 0.015625 0.3265625 0.01875 0.3484375 0.01875 0.36875 0.0296875 0.396875 0.028125 0.4078125 0.0328125 0.421875 0.0453125 0.43125 0.05 0.446875 0.0546875 0.4875 0.075 0.5109375 0.08125 0.5265625 0.0921875 0.5453125 0.0984375 0.5609375 0.115625 0.565625 0.115625 0.578125 0.121875 0.6 0.14375 0.6015625 0.15 0.59375 0.1671875 0.5921875 0.1875 0.5953125 0.1953125 0.60625 0.2078125 0.6359375 0.21875 0.65625 0.21875 0.665625 0.215625 0.6765625 0.215625 0.6828125 0.21875 0.69375 0.2296875 0.6984375 0.23125 0.7328125 0.2640625 0.7515625 0.278125 0.7546875 0.2859375 0.771875 0.29375 0.7796875 0.2921875 0.7875 0.2859375 0.8015625 0.2859375 0.815625 0.2984375 0.8171875 0.303125 0.8140625 0.3390625 0.80625 0.346875 0.8078125 0.35625 0.80625 0.365625 0.7984375 0.371875 0.7953125 0.378125 0.7875 0.3796875 0.7734375 0.39375 0.771875 0.4 0.7609375 0.4125 0.753125 0.4140625 0.7515625 0.4171875 0.746875 0.41875 0.7328125 0.421875 0.7171875 0.421875 0.7078125 0.4265625 0.7 0.43125 0.684375 0.446875 0.6796875 0.4484375 0.675 0.45625 0.6609375 0.4703125 0.65 0.475 0.6359375 0.4765625 0.63125 0.48125 0.6171875 0.4859375 0.596875 0.4984375 0.5828125 0.5 0.5796875 0.503125 0.571875 0.503125 0.55 0.509375 0.5484375 0.50625 0.5484375 0.471875 0.54375 0.4625 0.5375 0.45625 0.5296875 0.453125 0.525 0.4484375 0.51875 0.4484375 0.49375 0.440625 0.471875 0.4390625 0.459375 0.4421875 0.453125 0.45 0.453125 0.46875 0.4578125 0.4859375 0.45625 0.5109375 0.459375 0.5265625 0.45625 0.5328125 0.4546875 0.55 0.4484375 0.559375 0.4390625 0.5671875 0.421875 0.5734375 0.4109375 0.584375 0.3984375 0.590625 0.384375 0.603125 0.375 0.6078125 0.3640625 0.61875 0.3453125 0.6234375 0.3375 0.628125 0.3265625 0.6453125 0.3015625 0.665625 0.2984375 0.675 0.290625 0.6796875 0.284375 0.6875 0.2625 0.6984375 0.25625 0.7046875 0.2359375 0.70625 0.2296875 0.709375 0.215625 0.70625 0.20625 0.7 0.19375 0.7015625 0.178125 0.6953125 0.171875 0.6890625 0.1640625 0.6875 0.1578125 0.6828125 0.1515625 0.6765625 0.1484375 0.66875 0.134375 0.659375 0.11875 0.640625 0.1171875 0.625 0.096875 0.59375 0.0875 0.5515625 0.078125 0.5375 0.078125 0.475 0.0859375 0.453125 0.0875 0.4265625 0.096875 0.4078125 0.1 0.3890625 0.0984375 0.3453125 0.0859375 0.29375 0.0859375 0.2765625 0.0890625 0.265625 0.0875 0.259375 0.078125 0.2453125 0.0765625 0.23125 0.065625 0.2203125 0.0453125 0.1796875 0.0453125 0.171875 0.053125 0.1625 0.0546875 0.1546875 0.04375 0.1421875 0.04375 0.1265625 0.0546875 0.1171875 0.0546875 0.1015625 0.065625 0.08125 0.071875 0.0765625 0.090625 0.078125 0.103125 0.0703125 0.1203125 0.0671875 0.1296875 0.0625 0.1375 0.0609375 0.15 0.0625 0.1640625 0.0546875 0.1703125 0.0546875 0.1796875 0.05 0.184375 0.0375 0.190625 0.0328125 0.215625 0.0390625 0.23125 0.0359375 0.2703125 0.0375 0.2796875 0.028125 0.2796875 0.025 0.2859375 0.01875 0.290625 0.0171875
42 0.4638472032742156 0.5361346704871061 0.4542974079126876 0.6341929321872015 0.44338335607094137 0.6848137535816619 0.4188267394270123 0.7373447946513849 0.407912687585266 0.7822349570200574 0.4188267394270123 0.7984718242597899 0.46521145975443384 0.8051575931232092 0.4829467939972715 0.8003820439350525 0.4924965893587995 0.7889207258834767 0.5156889495225102 0.7134670487106017 0.5129604365620737 0.7077363896848138 0.5006821282401092 0.7058261700095512 0.48021828103683495 0.6943648519579753 0.47066848567530695 0.67621776504298 0.48567530695770805 0.6542502387774595 0.5334242837653479 0.6189111747851003 0.5402455661664394 0.5893027698185291 0.5429740791268759 0.5138490926456543 0.5416098226466576 0.4718242597898759 0.5334242837653479 0.4594078319006686 0.4924965893587995 0.4450811843361987 0.4624829467939973 0.4450811843361987 0.4583901773533425 0.44985673352435535 0.4638472032742156 0.5361346704871061
42 0.47476125511596184 0.6838586437440306 0.4924965893587995 0.7010506208213945 0.5075034106412006 0.7067812798471824 0.5306957708049114 0.7010506208213945 0.5879945429740792 0.6609360076408788 0.6589358799454297 0.6189111747851003 0.7803547066848567 0.5587392550143266 0.8717598908594816 0.5205348615090736 0.8813096862210095 0.5119388729703916 0.8799454297407913 0.4804202483285578 0.8731241473396999 0.46609360076408785 0.863574351978172 0.4632282712511939 0.8581173260572988 0.47086914995224455 0.8362892223738063 0.47373447946513847 0.8308321964529333 0.4842406876790831 0.810368349249659 0.48615090735434574 0.8008185538881311 0.49379178605539636 0.7926330150068213 0.49283667621776506 0.7612551159618008 0.501432664756447 0.6575716234652115 0.5434574976122255 0.616643929058663 0.5702005730659027 0.567530695770805 0.5940783190066858 0.538881309686221 0.6198662846227316 0.5006821282401092 0.6446991404011462 0.4761255115961801 0.6685768863419294 0.47476125511596184 0.6838586437440306
42 0.2892223738062756 0.9312320916905446 0.31514324693042295 0.9446036294173832 0.339699863574352 0.9446036294173832 0.37926330150068216 0.9340974212034384 0.417462482946794 0.9302769818529132 0.6766712141882675 0.880611270296084 0.6930422919508868 0.8691499522445081 0.6998635743519782 0.8557784145176696 0.6998635743519782 0.8414517669531996 0.6957708049113234 0.8376313276026744 0.6821282401091405 0.8414517669531996 0.6766712141882675 0.848137535816619 0.6507503410641201 0.8595988538681949 0.6193724420190996 0.8624641833810889 0.597544338335607 0.8720152817574022 0.5538881309686221 0.8787010506208215 0.5347885402455661 0.8748806112702961 0.5088676671214188 0.848137535816619 0.4529331514324693 0.8634192932187202 0.407912687585266 0.8691499522445081 0.4106412005457026 0.8739255014326648 0.39972714870395637 0.8968481375358166 0.3806275579809004 0.894937917860554 0.3656207366984993 0.8777459407831902 0.29195088676671216 0.8958930276981854 0.2837653478854025 0.9016236867239733 0.2892223738062756 0.9312320916905446
42 0.4256480218281037 0.9617956064947469 0.4324693042291951 0.9665711556829036 0.4583901773533425 0.9713467048710603 0.5020463847203274 0.970391595033429 0.5102319236016372 0.9608404966571156 0.5156889495225102 0.9140401146131806 0.5102319236016372 0.912129894937918 0.4351978171896317 0.9274116523400192 0.427012278308322 0.9388729703915951 0.4256480218281037 0.9617956064947469
42 0.5347885402455661 0.7612225405921682 0.548431105047749 0.7793696275071633 0.5825375170532061 0.787010506208214 0.6152796725784448 0.7612225405921682 0.7939972714870396 0.6590257879656161 0.8226466575716234 0.6466093600764088 0.8253751705320601 0.6389684813753582 0.7994542974079127 0.623686723973257 0.7735334242837654 0.623686723973257 0.7612551159618008 0.6303724928366763 0.6343792633015007 0.6685768863419294 0.5566166439290587 0.7211079274116524 0.5361527967257845 0.7478510028653296 0.5347885402455661 0.7612225405921682
42 0.7871759890859482 0.6666666666666667 0.7312414733969986 0.6886341929321873 0.732605729877217 0.6914995224450812 0.7953615279672579 0.7067812798471824 0.9154160982264665 0.7172874880611271 0.9481582537517055 0.7086914995224451 0.9713506139154161 0.6876790830945559 0.9672578444747613 0.6666666666666667 0.9440654843110504 0.6552053486150908 0.8253751705320601 0.6494746895893029 0.8049113233287859 0.6542502387774595 0.7871759890859482 0.6666666666666667
42 0.8117326057298773 0.36771728748806115 0.7994542974079127 0.3839541547277937 0.834924965893588 0.43361986628462273 0.8581173260572988 0.45749761222540597 0.8772169167803547 0.4641833810888253 0.8854024556616645 0.4756446991404012 0.9085948158253752 0.4718242597898759 0.9290586630286495 0.47468958930276983 0.9358799454297408 0.49761222540592176 0.9263301500682128 0.5167144221585482 0.9413369713506139 0.5300859598853869 0.965893587994543 0.5291308500477555 0.9809004092769442 0.5109837631327603 0.9809004092769442 0.49283667621776506 0.9768076398362892 0.4794651384909264 0.9645293315143247 0.4651384909264566 0.8935879945429741 0.393505253104107 0.8649386084583902 0.37058261700095513 0.8212824010914052 0.3495702005730659 0.8117326057298773 0.3514804202483286 0.8117326057298773 0.36771728748806115
42 0.8062755798090041 0.6227316141356256 0.8253751705320601 0.6341929321872015 0.829467939972715 0.6475644699140402 0.9017735334242838 0.6504297994269341 0.8935879945429741 0.6112702960840497 0.8758526603001364 0.5673352435530086 0.8049113233287859 0.6017191977077364 0.8062755798090041 0.6227316141356256
42 0.7530695770804912 0.42502387774594086 0.7721691678035472 0.44985673352435535 0.7926330150068213 0.4479465138490927 0.7953615279672579 0.45272206303724927 0.7844474761255117 0.4842406876790831 0.7939972714870396 0.4880611270296084 0.8253751705320601 0.4765998089780325 0.8390177353342428 0.4651384909264566 0.8321964529331515 0.45749761222540597 0.8267394270122784 0.4278892072588348 0.8171896316507503 0.4116523400191022 0.7967257844474761 0.390639923591213 0.7858117326057299 0.38968481375358166 0.7530695770804912 0.42502387774594086
42 0.8813096862210095 0.5644699140401147 0.9031377899045021 0.6475644699140402 0.9113233287858117 0.6513849092645654 0.9236016371077763 0.6475644699140402 0.9331514324693042 0.6160458452722064 0.9249658935879946 0.5463228271251194 0.9208731241473398 0.5319961795606495 0.9140518417462482 0.5300859598853869 0.8813096862210095 0.5644699140401147
42 0.39017735334242837 0.830945558739255 0.4324693042291951 0.8595988538681949 0.44611186903137795 0.8634192932187202 0.4624829467939973 0.8548233046800382 0.5416098226466576 0.7831900668576887 0.5429740791268759 0.7784145176695321 0.5320600272851296 0.7631327602674308 0.5334242837653479 0.7449856733524356 0.548431105047749 0.7239732569245463 0.5784447476125512 0.7020057306590258 0.5825375170532061 0.6953199617956065 0.5743519781718963 0.6886341929321873 0.5497953615279673 0.6934097421203439 0.514324693042292 0.7182425978987583 0.4938608458390178 0.7879656160458454 0.4843110504774898 0.7994269340974213 0.45566166439290584 0.8051575931232092 0.4201909959072306 0.7984718242597899 0.3956343792633015 0.8213944603629418 0.39017735334242837 0.830945558739255
42 0.4720327421555252 0.8519579751671443 0.48021828103683495 0.8519579751671443 0.4884038199181446 0.8443170964660937 0.5115961800818554 0.8433619866284623 0.5115961800818554 0.8213944603629418 0.5006821282401092 0.8223495702005732 0.48021828103683495 0.8404966571155683 0.4720327421555252 0.8519579751671443
42 0.529331514324693 0.8261700095510983 0.5211459754433834 0.830945558739255 0.5457025920873124 0.8338108882521491 0.5634379263301501 0.8242597898758358 0.742155525238745 0.7707736389684814 0.7680763983628922 0.7659980897803248 0.7626193724420192 0.743075453677173 0.742155525238745 0.7268385864374404 0.7053206002728513 0.728748806112703 0.6903137789904502 0.7354345749761223 0.6425648021828103 0.7745940783190067 0.5607094133697135 0.8127984718242599 0.5279672578444747 0.8213944603629418 0.529331514324693 0.8261700095510983
42 0.5429740791268759 0.5912129894937919 0.5839017735334243 0.5692454632282713 0.6098226466575716 0.5272206303724929 0.5948158253751705 0.515759312320917 0.5729877216916781 0.5167144221585482 0.5497953615279673 0.5214899713467049 0.5429740791268759 0.5348615090735435 0.5429740791268759 0.5912129894937919
42 0.33833560709413374 0.6638013371537728 0.35334242837653485 0.6809933142311366 0.3683492496589359 0.6829035339063994 0.45020463847203274 0.6399235912129895 0.4583901773533425 0.5673352435530086 0.4283765347885403 0.5797516714422158 0.37926330150068216 0.6103151862464185 0.3465211459754434 0.6475644699140402 0.33833560709413374 0.6638013371537728
42 0.26193724420191 0.7249283667621776 0.2987721691678035 0.7354345749761223 0.3369713506139154 0.7335243553008597 0.3628922237380628 0.7211079274116524 0.3956343792633015 0.6924546322827125 0.4051841746248295 0.681948424068768 0.40245566166439295 0.6743075453677173 0.3956343792633015 0.6704871060171921 0.3601637107776262 0.6848137535816619 0.3465211459754434 0.6781279847182426 0.34379263301500684 0.6685768863419294 0.33015006821282405 0.6685768863419294 0.30013642564802184 0.6781279847182426 0.2551159618008186 0.7144221585482331 0.26193724420191 0.7249283667621776
42 0.2933151432469304 0.8204393505253105 0.31377899045020463 0.8376313276026744 0.3315143246930423 0.8433619866284623 0.3478854024556617 0.8376313276026744 0.40654843110504774 0.7631327602674308 0.4147339699863575 0.7440305635148042 0.4147339699863575 0.7096466093600765 0.407912687585266 0.6934097421203439 0.3969986357435198 0.6943648519579753 0.34379263301500684 0.7373447946513849 0.29195088676671216 0.7994269340974213 0.2933151432469304 0.8204393505253105
42 0.3601637107776262 0.828080229226361 0.36425648021828105 0.8729703915950335 0.38335607094133695 0.8939828080229226 0.3956343792633015 0.8987583572110793 0.4106412005457026 0.848137535816619 0.39017735334242837 0.8271251193887297 0.4147339699863575 0.8013371537726839 0.40654843110504774 0.789875835721108 0.4038199181446112 0.7717287488061128 0.39836289222373805 0.7717287488061128 0.3860845839017736 0.7860553963705826 0.36425648021828105 0.8204393505253105 0.3601637107776262 0.828080229226361
42 0.29195088676671216 0.8672397325692455 0.30559345156889495 0.8796561604584527 0.33424283765347884 0.8834765998089781 0.3628922237380628 0.8748806112702961 0.3587994542974079 0.8299904489016237 0.34583901773533426 0.8409742120343839 0.33015006821282405 0.845272206303725 0.3028649386084584 0.8338108882521491 0.29058663028649384 0.8414517669531996 0.29195088676671216 0.8672397325692455
42 0.5716234652114598 0.6838586437440306 0.5934515688949522 0.6867239732569246 0.6875852660300137 0.6485195797516715 0.7435197817189632 0.6332378223495703 0.8744884038199181 0.5663801337153773 0.8990450204638473 0.5463228271251194 0.9276944065484312 0.5081184336198663 0.9249658935879946 0.4765998089780325 0.9085948158253752 0.47468958930276983 0.8894952251023194 0.48137535816618915 0.8840381991814461 0.4871060171919771 0.8854024556616645 0.5119388729703916 0.8676671214188267 0.5253104106972303 0.7312414733969986 0.5807067812798472 0.6439290586630286 0.6284622731614136 0.5716234652114598 0.67621776504298 0.5716234652114598 0.6838586437440306