42 0.26902173913043476 0.4912099276111686 0.27717391304347827 0.5067218200620476 0.2730978260869565 0.5284384694932782 0.28260869565217395 0.5532574974146847 0.297554347826087 0.5687693898655636 0.31657608695652173 0.6184074457083765 0.31657608695652173 0.6328852119958635 0.2921195652173913 0.6794208893485005 0.2907608695652174 0.7083764219234746 0.3125 0.7445708376421923 0.32065217391304346 0.7786970010341261 0.34510869565217395 0.8004136504653567 0.35733695652173914 0.8210961737331954 0.37635869565217395 0.8324715615305067 0.42391304347826086 0.8376421923474664 0.48777173913043476 0.8634953464322648 0.5788043478260869 0.859358841778697 0.608695652173913 0.8397104446742503 0.6480978260869565 0.8035160289555325 0.6480978260869565 0.764219234746639 0.639945652173913 0.7549120992761117 0.6372282608695652 0.734229576008273 0.6114130434782609 0.6639089968976215 0.6290760869565217 0.5460186142709411 0.6209239130434783 0.5180972078593589 0.595108695652174 0.5015511892450879 0.5652173913043479 0.49224405377456054 0.5394021739130435 0.47466390899689764 0.49184782608695654 0.4767321613236815 0.46059782608695654 0.4612202688728025 0.4592391304347826 0.45708376421923474 0.4130434782608695 0.4560496380558428 0.33152173913043476 0.4467425025853154 0.28804347826086957 0.4643226473629783 0.2703804347826087 0.4829369183040331 0.26902173913043476 0.4912099276111686
42 0 0.6297828335056876 0.07065217391304349 0.6866597724922441 0.09918478260869565 0.7011375387797311 0.1888586956521739 0.7073422957600827 0.24728260869565216 0.6897621509824199 0.27717391304347827 0.6690796277145812 0.29483695652173914 0.6370217166494312 0.2866847826086957 0.5698035160289555 0.26902173913043476 0.5263702171664943 0.26902173913043476 0.4436401240951396 0.20380434782608697 0.3981385729058945 0.16032608695652173 0.3795243019648397 0.09691983695652173 0.37435367114788004 0.04891304347826087 0.35367114788004134 0.002717391304347826 0.35056876938986553 0 0.6297828335056876
42 0.21331521739130435 0.24301964839710447 0.20652173913043476 0.26680455015511895 0.1888586956521739 0.29162357807652534 0.18206521739130435 0.33712512926577043 0.19701086956521738 0.358841778697001 0.22282608695652173 0.37435367114788004 0.25815217391304346 0.3888314374353671 0.3029891304347826 0.39917269906928643 0.40489130434782605 0.3795243019648397 0.47010869565217395 0.35056876938986553 0.501358695652174 0.34022750775594623 0.5380434782608695 0.3340227507755946 0.6141304347826086 0.250258531540848 0.6290760869565217 0.1809720785935884 0.6222826086956521 0.14064115822130302 0.5991847826086956 0.0951396070320579 0.595108695652174 0.06928645294725957 0.577445652173913 0.05687693898655636 0.5366847826086956 0.033092037228541885 0.3953804347826087 0.023784901758014475 0.3152173913043478 0.048603929679420885 0.3029891304347826 0.05687693898655636 0.2730978260869565 0.08686659772492245 0.264945652173913 0.10134436401240951 0.23505434782608697 0.1220268872802482 0.2078804347826087 0.18821096173733196 0.21331521739130435 0.24301964839710447
42 0.06385869565217392 0.9048603929679422 0.08967391304347826 0.9307135470527405 0.11277173913043478 0.9410548086866598 0.16032608695652173 0.998965873836608 0.35733695652173914 0.998965873836608 0.36820652173913043 0.983453981385729 0.3777173913043478 0.9482936918304032 0.3953804347826087 0.9338159255429161 0.391304347826087 0.9162357807652534 0.36820652173913043 0.9007238883143744 0.3491847826086957 0.8428128231644261 0.3355978260869565 0.828335056876939 0.30978260869565216 0.8107549120992761 0.23505434782608697 0.7931747673216132 0.1956521739130435 0.796277145811789 0.13722826086956522 0.8190279214064116 0.08288043478260869 0.860392967942089 0.06521739130434782 0.8831437435367114 0.06385869565217392 0.9048603929679422
42 0.008152173913043478 0.18510858324715615 0.03804347826086956 0.2233712512926577 0.08288043478260869 0.250258531540848 0.13994565217391303 0.2709410548086867 0.1576086956521739 0.2843846949327818 0.18478260869565216 0.29265770423991727 0.2078804347826087 0.25749741468459153 0.21059782608695649 0.2202688728024819 0.20380434782608697 0.1902792140641158 0.22690217391304346 0.13029989658738367 0.23777173913043476 0.11582213029989659 0.2622282608695652 0.10031023784901758 0.27445652173913043 0.08169596690796277 0.30842391304347827 0.04963805584281282 0.30978260869565216 0.04239917269906929 0.27989130434782605 0.017580144777662877 0.24864130434782608 0.008273009307135471 0.22010869565217392 0.008273009307135471 0.1793478260869565 0.02171664943123061 0.1576086956521739 0.03412616339193382 0.12092391304347824 0.04136504653567735 0.09239130434782608 0.06308169596690796 0.08831521739130435 0.07238883143743537 0.07065217391304349 0.08066184074457083 0.05027173913043478 0.11168562564632885 0.016304347826086956 0.13650465356773528 0.008152173913043478 0.15098241985522234 0.008152173913043478 0.18510858324715615
42 0.6168478260869565 0.6659772492244054 0.639945652173913 0.7321613236814891 0.6508152173913043 0.7445708376421923 0.6684782608695652 0.7528438469493278 0.6983695652173914 0.7776628748707342 0.7309782608695652 0.7735263702171664 0.7581521739130435 0.7755946225439503 0.8070652173913043 0.7662874870734229 0.8274456521739131 0.7559462254395036 0.875 0.7487073422957601 0.923913043478261 0.718717683557394 0.9225543478260869 0.6970010341261633 0.9116847826086957 0.6866597724922441 0.9008152173913043 0.6649431230610134 0.8994565217391305 0.640124095139607 0.8777173913043479 0.6153050672182007 0.8396739130434783 0.5977249224405378 0.8138586956521738 0.5615305067218201 0.7880434782608695 0.5573940020682524 0.7730978260869565 0.548086866597725 0.7567934782608695 0.548086866597725 0.717391304347826 0.5356773526370218 0.688858695652174 0.5460186142709411 0.6671195652173914 0.5625646328852121 0.6440217391304348 0.5656670113753878 0.6345108695652174 0.5708376421923474 0.623641304347826 0.6080661840744571 0.6168478260869565 0.6659772492244054
42 0.5448369565217391 0.4415718717683557 0.6046195652173914 0.4643226473629783 0.625 0.4643226473629783 0.6440217391304348 0.4591520165460186 0.6671195652173914 0.4643226473629783 0.8464673913043479 0.4591520165460186 0.9035326086956521 0.4467425025853154 0.9334239130434783 0.44881075491209926 0.9633152173913043 0.4446742502585315 0.9850543478260869 0.43433298862461217 0.9986413043478259 0.421923474663909 0.9986413043478259 0.36814891416752843 0.9633152173913043 0.34643226473629785 0.8845108695652174 0.3329886246122027 0.8328804347826086 0.3309203722854188 0.7975543478260869 0.33505687693898656 0.7527173913043479 0.32368148914167527 0.732336956521739 0.32368148914167527 0.7214673913043479 0.327817993795243 0.6630434782608695 0.327817993795243 0.5760869565217391 0.34332988624612204 0.5258152173913043 0.3702171664943123 0.5448369565217391 0.4415718717683557
42 0.3668478260869565 0.998965873836608 0.6317934782608695 0.998965873836608 0.6345108695652174 0.9917269906928645 0.6304347826086956 0.9369183040330921 0.6046195652173914 0.8790072388831437 0.5883152173913043 0.8624612202688727 0.4755434782608695 0.8665977249224405 0.4592391304347826 0.8707342295760082 0.40489130434782605 0.9079627714581179 0.3953804347826087 0.9410548086866598 0.3804347826086957 0.952430196483971 0.375 0.9638055842812824 0.3668478260869565 0.998965873836608
42 0.6508152173913043 0.8045501551189245 0.6440217391304348 0.8148914167528438 0.5978260869565217 0.8510858324715616 0.5978260869565217 0.859358841778697 0.639945652173913 0.952430196483971 0.6589673913043479 0.9824198552223372 0.671195652173913 0.998965873836608 0.8192934782608695 0.998965873836608 0.8165760869565217 0.9596690796277146 0.782608695652174 0.8790072388831437 0.7377717391304348 0.8376421923474664 0.7241847826086956 0.8159255429162358 0.6915760869565217 0.7817993795243019 0.671195652173913 0.7652533609100309 0.654891304347826 0.7590486039296794 0.6508152173913043 0.7631851085832471 0.6508152173913043 0.8045501551189245
42 0.782608695652174 0.8252326783867632 0.78125 0.8697001034126164 0.7907608695652174 0.8841778697001035 0.8084239130434783 0.9369183040330921 0.8410326086956521 0.998965873836608 0.9986413043478259 0.998965873836608 0.9986413043478259 0.9017580144777663 0.9836956521739131 0.8645294725956566 0.9578804347826086 0.828335056876939 0.919836956521739 0.8004136504653567 0.90625 0.7735263702171664 0.875 0.7528438469493278 0.8682065217391305 0.7528438469493278 0.8274456521739131 0.7590486039296794 0.8111413043478259 0.7683557394002067 0.7866847826086956 0.7714581178903825 0.7676630434782609 0.779731127197518 0.782608695652174 0.8252326783867632
42 0.626358695652174 0.14788004136504654 0.6317934782608695 0.17683557394002067 0.6195652173913043 0.2440537745604964 0.6059782608695652 0.2678386763185109 0.5597826086956521 0.31230610134436404 0.546195652173913 0.33505687693898656 0.5489130434782609 0.34022750775594623 0.5652173913043479 0.344364012409514 0.65625 0.3267838676318511 0.717391304347826 0.3267838676318511 0.7364130434782609 0.32057911065149947 0.8029891304347826 0.32885211995863495 0.8247282608695652 0.32574974146845914 0.8505434782608695 0.3112719751809721 0.857336956521739 0.2988624612202689 0.84375 0.25853154084798347 0.8179347826086957 0.2078593588417787 0.7839673913043478 0.1933815925542916 0.7608695652173914 0.1737331954498449 0.6779891304347826 0.11995863495346433 0.623641304347826 0.10134436401240951 0.608695652173913 0.10444674250258532 0.626358695652174 0.14788004136504654
42 0.779891304347826 0.09100310237849017 0.7907608695652174 0.10031023784901758 0.7934782608695652 0.11685625646328852 0.7880434782608695 0.12616339193381593 0.7907608695652174 0.13029989658738367 0.78125 0.13960703205791108 0.7785326086956521 0.16856256463288521 0.7921195652173914 0.1892450879007239 0.8220108695652174 0.20682523267838676 0.8274456521739131 0.22543950361944157 0.8695652173913043 0.2936918304033092 0.8763586956521738 0.3154084798345398 0.892663043478261 0.33195449844881075 0.9456521739130433 0.34022750775594623 0.9605978260869564 0.3391933815925543 0.9986413043478259 0.31747673216132366 0.9986413043478259 0.09100310237849017 0.9945652173913043 0.08479834539813857 0.9538043478260869 0.050672182006204755 0.9375 0.04446742502585315 0.9279891304347826 0.015511892450879005 0.8967391304347826 0 0.8152173913043479 0 0.8043478260869564 0.03619441571871768 0.782608695652174 0.0641158221302999 0.779891304347826 0.07445708376421924 0.779891304347826 0.09100310237849017
42 0.41983695652173914 0.001034126163391934 0.4375 0.023784901758014475 0.4932065217391304 0.028955532574974147 0.5271739130434783 0.02688728024819028 0.5434782608695652 0.03102378490175801 0.5978260869565217 0.0672182006204757 0.6073369565217391 0.09617373319544983 0.6657608695652174 0.11065149948293691 0.7105978260869565 0.13547052740434334 0.7404891304347826 0.1189245087900724 0.751358695652174 0.10134436401240951 0.7622282608695652 0.05687693898655636 0.7445652173913043 0.027404343329886244 0.7527173913043479 0 0.41983695652173914 0.001034126163391934
42 0.07065217391304349 0.3609100310237849 0.09103260869565218 0.37228541882109617 0.15353260869565216 0.37435367114788004 0.20516304347826084 0.3950361944157187 0.2717391304347826 0.4405377456049638 0.2717391304347826 0.4725956566701138 0.28940217391304346 0.46018614270941055 0.328804347826087 0.4436401240951396 0.375 0.44881075491209926 0.40760869565217395 0.44570837642192346 0.46059782608695654 0.45191313340227507 0.4728260869565217 0.4550155118924509 0.4932065217391304 0.4736297828335057 0.5230978260869565 0.4725956566701138 0.53125 0.46639089968976216 0.5380434782608695 0.44570837642192346 0.532608695652174 0.4043433298862461 0.5135869565217391 0.3702171664943123 0.4945652173913043 0.3578076525336091 0.46739130434782605 0.35470527404343327 0.3967391304347826 0.38469493278179934 0.3233695652173913 0.40020682523267836 0.2866847826086957 0.40227507755946224 0.2078804347826087 0.37228541882109617 0.1793478260869565 0.34332988624612204 0.1779891304347826 0.3050672182006205 0.15353260869565216 0.313340227507756 0.11639538043478262 0.33953774560496386 0.09103260869565218 0.34332988624612204 0.07201086956521739 0.3557394002068252 0.07065217391304349 0.3609100310237849
42 0.1358695652173913 0.7311271975180972 0.1467391304347826 0.7445708376421923 0.13858695652173914 0.7714581178903825 0.14945652173913043 0.8076525336091003 0.15625 0.8086866597724922 0.20380434782608697 0.7921406411582212 0.23505434782608697 0.7911065149948293 0.31114130434782605 0.8086866597724922 0.34782608695652173 0.8376421923474664 0.3654891304347826 0.8914167528438469 0.37228260869565216 0.9007238883143744 0.3872282608695652 0.9089968976215099 0.4307065217391305 0.8883143743536712 0.4633152173913043 0.859358841778697 0.4279891304347826 0.8407445708376422 0.3953804347826087 0.8376421923474664 0.3546195652173913 0.8210961737331954 0.34103260869565216 0.8004136504653567 0.3152173913043478 0.7755946225439503 0.30978260869565216 0.7456049638055843 0.2866847826086957 0.7042399172699069 0.28804347826086957 0.6804550155118925 0.2839673913043478 0.6773526370217167 0.25815217391304346 0.6907962771458118 0.21331521739130435 0.7052740434332988 0.17255434782608697 0.7114788004136504 0.15217391304347824 0.7094105480868665 0.13858695652173914 0.718717683557394 0.1358695652173913 0.7311271975180972
42 0.6440217391304348 0.5305067218200621 0.6453804347826086 0.5532574974146847 0.6684782608695652 0.5563598759048605 0.6902173913043479 0.5418821096173734 0.7214673913043479 0.531540847983454 0.748641304347826 0.5449844881075492 0.7771739130434783 0.5460186142709411 0.7853260869565217 0.5542916235780766 0.8152173913043479 0.5604963805584282 0.8410326086956521 0.5966907962771458 0.8790760869565217 0.6142709410548087 0.8940217391304348 0.6318510858324715 0.9076086956521738 0.6773526370217167 0.9252717391304348 0.6949327817993796 0.9415760869565217 0.656670113753878 0.9361413043478259 0.6194415718717684 0.9048913043478259 0.5894519131334023 0.8967391304347826 0.5698035160289555 0.8111413043478259 0.46845915201654603 0.8002717391304348 0.4622543950361944 0.7690217391304348 0.4591520165460186 0.688858695652174 0.46328852119958636 0.6630434782608695 0.4705274043433299 0.6440217391304348 0.5305067218200621
42 0.5339673913043479 0.46949327817993797 0.5665760869565217 0.48914167528438474 0.6114130434782609 0.5087900723888314 0.623641304347826 0.5180972078593589 0.6331521739130435 0.5346432264736298 0.6440217391304348 0.5253360910031024 0.657608695652174 0.4932781799379525 0.6603260869565217 0.46949327817993797 0.65625 0.4653567735263702 0.6440217391304348 0.4622543950361944 0.6046195652173914 0.46639089968976216 0.5529891304347826 0.45191313340227507 0.546195652173913 0.452947259565667 0.5353260869565217 0.4643226473629783 0.5339673913043479 0.46949327817993797
42 0.08423913043478261 0.3309203722854188 0.11413043478260869 0.33815925542916236 0.18206521739130435 0.29782833505687695 0.125 0.2647362978283351 0.09375 0.25542916235780766 0.08695652173913043 0.2564632885211996 0.08152173913043478 0.26370217166494314 0.08423913043478261 0.3309203722854188