7 0.48097826086956524 0.1595310907237513 0.46739130434782605 0.1834862385321101 0.4470108695652174 0.20285423037716616 0.4470108695652174 0.21916411824668708 0.45244565217391297 0.22426095820591235 0.46739130434782605 0.22324159021406728 0.47010869565217395 0.2273190621814475 0.48641304347826086 0.22935779816513763 0.49728260869565216 0.23547400611620795 0.53125 0.23955147808358818 0.6032608695652174 0.2670744138634047 0.608695652173913 0.2762487257900102 0.6290760869565217 0.2782874617737003 0.6480978260869565 0.2884811416921509 0.6467391304347826 0.2925586136595311 0.826086956521739 0.3425076452599388 0.8790760869565217 0.34964322120285424 0.8980978260869564 0.345565749235474 0.9048913043478259 0.33333333333333337 0.9035326086956521 0.30988786952089703 0.8899456521739131 0.29561671763506625 0.8546195652173912 0.27930682976554533 0.8247282608695652 0.2558613659531091 0.796195652173913 0.24974515800203875 0.779891304347826 0.2324159021406728 0.7404891304347826 0.2161060142711519 0.7051630434782609 0.20795107033639146 0.6752717391304348 0.19367991845056065 0.5855978260869565 0.14576962283384304 0.577445652173913 0.13761467889908258 0.5230978260869565 0.1253822629969419 0.5176630434782609 0.11926605504587155 0.49728260869565216 0.11213047910295618 0.47690217391304346 0.11314984709480122 0.47010869565217395 0.1182466870540265 0.48097826086956524 0.1595310907237513
7 0.3532608695652174 0.29561671763506625 0.375 0.3103975535168196 0.37635869565217395 0.31804281345565755 0.40353260869565216 0.31600407747196735 0.44972826086956524 0.3231396534148828 0.5543478260869565 0.37512742099898067 0.5855978260869565 0.38328236493374107 0.6032608695652174 0.39245667686034663 0.625 0.39245667686034663 0.6345108695652174 0.3649337410805301 0.6331521739130435 0.35270132517838937 0.53125 0.3037716615698267 0.47010869565217395 0.2782874617737003 0.45244565217391297 0.2762487257900102 0.4320652173913043 0.25993883792048933 0.37228260869565216 0.25688073394495414 0.36277173913043476 0.27217125382262997 0.3532608695652174 0.29561671763506625
7 0.6725543478260869 0.3649337410805301 0.688858695652174 0.37410805300713557 0.7119565217391304 0.399592252803262 0.7296195652173914 0.4118246687054027 0.7472826086956521 0.41386340468909283 0.7921195652173914 0.4322120285423038 0.830163043478261 0.42201834862385323 0.8451086956521738 0.41080530071355764 0.8519021739130433 0.38837920489296635 0.84375 0.3761467889908257 0.8165760869565217 0.363914373088685 0.796195652173913 0.3486238532110092 0.7595108695652174 0.33843017329255864 0.732336956521739 0.31600407747196735 0.6915760869565217 0.3129459734964322 0.6739130434782609 0.33741080530071355 0.6725543478260869 0.3649337410805301
7 0.43478260869565216 0.2487257900101937 0.44565217391304346 0.2670744138634047 0.5040760869565217 0.290519877675841 0.6426630434782609 0.35881753312945974 0.6413043478260869 0.35372069317023447 0.6616847826086956 0.33537206931702346 0.6779891304347826 0.3302752293577982 0.6766304347826086 0.3007135575942915 0.59375 0.2640163098878695 0.5285326086956521 0.24159021406727826 0.49864130434782605 0.2385321100917431 0.47010869565217395 0.22935779816513763 0.4429347826086956 0.22935779816513763 0.43478260869565216 0.2487257900101937
7 0.3953804347826087 0.2161060142711519 0.389945652173913 0.21304791029561673 0.3695652173913043 0.2140672782874618 0.37635869565217395 0.24464831804281348 0.40760869565217395 0.25484199796126406 0.4320652173913043 0.25484199796126406 0.44021739130434784 0.20897043832823653 0.4279891304347826 0.20795107033639146 0.3953804347826087 0.2161060142711519
7 0.15353260869565216 0.6646279306829765 0.16032608695652173 0.6666666666666667 0.1766304347826087 0.6901121304791029 0.19972826086956522 0.7023445463812437 0.2622282608695652 0.7115188583078492 0.26902173913043476 0.7166156982670745 0.29483695652173914 0.7206931702344547 0.40489130434782605 0.7553516819571866 0.4741847826086956 0.7686034658511722 0.4904891304347826 0.764525993883792 0.5190217391304348 0.7370030581039756 0.5203804347826086 0.726809378185525 0.5095108695652174 0.7186544342507646 0.45652173913043476 0.7023445463812437 0.358695652173913 0.6799184505606524 0.33152173913043476 0.6615698267074415 0.28804347826086957 0.6554536187563711 0.27853260869565216 0.6503567787971458 0.20380434782608697 0.6432212028542305 0.16847826086956522 0.6330275229357798 0.15489130434782608 0.6401630988786953 0.15353260869565216 0.6646279306829765
7 0.2323369565217391 0.7900101936799185 0.26358695652173914 0.7951070336391438 0.3858695652173913 0.798165137614679 0.42119565217391297 0.8042813455657493 0.46603260869565216 0.8002038735983691 0.48097826086956524 0.7838939857288482 0.48097826086956524 0.7787971457696228 0.47146739130434784 0.7747196738022426 0.389945652173913 0.7533129459734964 0.37635869565217395 0.744138634046891 0.3641304347826087 0.7420998980632009 0.34239130434782605 0.7431192660550459 0.3070652173913043 0.7543323139653415 0.2839673913043478 0.7706422018348624 0.23777173913043476 0.7737003058103975 0.2323369565217391 0.7787971457696228 0.2323369565217391 0.7900101936799185
7 0.13722826086956522 0.6962283384301733 0.1467391304347826 0.7064220183486238 0.2010869565217391 0.746177370030581 0.21331521739130435 0.764525993883792 0.22554347826086957 0.7696228338430173 0.27717391304347827 0.7696228338430173 0.28940217391304346 0.7655453618756372 0.3029891304347826 0.7482161060142711 0.3247282608695652 0.7471967380224261 0.3355978260869565 0.7420998980632009 0.33016304347826086 0.7339449541284404 0.22010869565217392 0.7104994903160041 0.15353260869565216 0.6870540265035678 0.14130434782608697 0.6890927624872579 0.13722826086956522 0.6962283384301733
7 0.12228260869565218 0.5698267074413864 0.1467391304347826 0.6187563710499491 0.18206521739130435 0.6340468909276249 0.2214673913043478 0.6340468909276249 0.24184782608695649 0.6422018348623854 0.3070652173913043 0.6523955147808359 0.33016304347826086 0.6585117227319063 0.36141304347826086 0.6788990825688074 0.40896739130434784 0.6860346585117227 0.45244565217391297 0.6992864424057085 0.5081521739130435 0.7043832823649337 0.5815217391304348 0.7003058103975535 0.6331521739130435 0.7125382262996942 0.6467391304347826 0.7064220183486238 0.6331521739130435 0.691131498470948 0.59375 0.6738022426095821 0.43885869565217395 0.6299694189602446 0.360054347826087 0.598369011213048 0.24592391304347827 0.5718654434250765 0.21331521739130435 0.5708460754332314 0.1480978260869565 0.5494393476044852 0.12228260869565218 0.5596330275229359 0.12228260869565218 0.5698267074413864
7 0.11548913043478262 0.5168195718654435 0.1358695652173913 0.5423037716615698 0.14945652173913043 0.5412844036697247 0.17119565217391303 0.5555555555555556 0.20923913043478262 0.5647298674821611 0.2323369565217391 0.5647298674821611 0.39402173913043476 0.6085626911314985 0.5027173913043479 0.6483180428134557 0.5353260869565217 0.6472986748216106 0.5679347826086956 0.6523955147808359 0.6168478260869565 0.6666666666666667 0.6372282608695652 0.6615698267074415 0.6671195652173914 0.6391437308868502 0.6657608695652174 0.6320081549439347 0.6440217391304348 0.6136595310907238 0.6019021739130435 0.5881753312945974 0.5828804347826086 0.5881753312945974 0.5597826086956521 0.582059123343527 0.5543478260869565 0.5728848114169216 0.5570652173913043 0.5647298674821611 0.5339673913043479 0.5524974515800204 0.37635869565217395 0.5117227319062182 0.3559782608695652 0.5005096839959225 0.31114130434782605 0.5045871559633028 0.28940217391304346 0.49439347604485223 0.24184782608695649 0.4852191641182467 0.21059782608695649 0.4852191641182467 0.11413043478260869 0.4994903160040775 0.11548913043478262 0.5168195718654435
7 0.17391304347826086 0.4485219164118247 0.21739130434782608 0.4740061162079511 0.23097826086956524 0.472986748216106 0.23777173913043476 0.48114169215086644 0.2595108695652174 0.4852191641182467 0.28532608695652173 0.48725790010193687 0.28940217391304346 0.4841997961264016 0.28940217391304346 0.472986748216106 0.2595108695652174 0.472986748216106 0.25 0.4678899082568807 0.24592391304347827 0.4505606523955148 0.24864130434782608 0.4301732925586137 0.23097826086956524 0.4342507645259939 0.22010869565217392 0.4322120285423038 0.2214673913043478 0.41794087665647306 0.19701086956521738 0.41692150866462796 0.19429347826086957 0.4077471967380224 0.1779891304347826 0.41794087665647306 0.17391304347826086 0.42609582059123347 0.17391304347826086 0.4485219164118247
7 0.327445652173913 0.472986748216106 0.3179347826086957 0.4852191641182467 0.3070652173913043 0.4841997961264016 0.2934782608695652 0.490316004077472 0.3220108695652174 0.49439347604485223 0.34510869565217395 0.5035677879714577 0.360054347826087 0.5015290519877676 0.4157608695652174 0.5219164118246687 0.43478260869565216 0.5219164118246687 0.45244565217391297 0.5310907237512742 0.532608695652174 0.5494393476044852 0.561141304347826 0.5647298674821611 0.563858695652174 0.581039755351682 0.5801630434782609 0.5840978593272171 0.5842391304347826 0.580020387359837 0.5978260869565217 0.582059123343527 0.657608695652174 0.6218144750254841 0.688858695652174 0.6238532110091743 0.7269021739130435 0.6095820591233435 0.7309782608695652 0.6044852191641182 0.732336956521739 0.5922528032619776 0.6983695652173914 0.5657492354740061 0.6616847826086956 0.5545361875637105 0.6073369565217391 0.5147808358817534 0.514945652173913 0.4750254841997961 0.5 0.472986748216106 0.4429347826086956 0.4505606523955148 0.37364130434782605 0.43832823649337416 0.3559782608695652 0.4393476044852192 0.35190217391304346 0.45361875637105 0.3328804347826087 0.454638124362895 0.32608695652173914 0.4485219164118247 0.327445652173913 0.472986748216106
7 0.17119565217391303 0.45158002038735984 0.2010869565217391 0.46381243628950053 0.22282608695652173 0.47910295616717635 0.3070652173913043 0.4964322120285424 0.32608695652173914 0.49439347604485223 0.3383152173913043 0.46687054026503566 0.3505434782608695 0.46075433231396534 0.360054347826087 0.44240570846075433 0.35190217391304346 0.4250764525993884 0.3342391304347826 0.41794087665647306 0.296195652173913 0.4097859327217125 0.24320652173913043 0.4057084607543323 0.22282608695652173 0.399592252803262 0.20923913043478262 0.399592252803262 0.19157608695652173 0.40672782874617736 0.1644021739130435 0.43527013251783897 0.17119565217391303 0.45158002038735984
7 0.38315217391304346 0.4393476044852192 0.47010869565217395 0.45565749235474007 0.4932065217391304 0.46992864424057085 0.5176630434782609 0.4740061162079511 0.6168478260869565 0.5188583078491336 0.671195652173913 0.5575942915392457 0.6793478260869565 0.5596330275229359 0.6915760869565217 0.5524974515800204 0.7105978260869565 0.5514780835881753 0.7282608695652174 0.5596330275229359 0.7391304347826086 0.580020387359837 0.7771739130434783 0.5881753312945974 0.8029891304347826 0.5851172273190622 0.8029891304347826 0.5698267074413864 0.7608695652173914 0.5290519877675841 0.6847826086956521 0.4841997961264016 0.6453804347826086 0.4678899082568807 0.608695652173913 0.4322120285423038 0.5883152173913043 0.43119266055045874 0.5258152173913043 0.4159021406727829 0.42391304347826086 0.381243628950051 0.40489130434782605 0.38328236493374107 0.39266304347826086 0.399592252803262 0.391304347826087 0.4159021406727829 0.38315217391304346 0.4250764525993884 0.38315217391304346 0.4393476044852192
7 0.20244565217391303 0.36799184505606525 0.23777173913043476 0.40061162079510704 0.3491847826086957 0.4209989806320082 0.36277173913043476 0.4281345565749236 0.37635869565217395 0.42303771661569833 0.38315217391304346 0.39857288481141695 0.37635869565217395 0.3720693170234455 0.3668478260869565 0.3608562691131499 0.3559782608695652 0.35372069317023447 0.3383152173913043 0.3577981651376147 0.3247282608695652 0.35474006116207957 0.2717391304347826 0.3190621814475026 0.20244565217391303 0.3608562691131499 0.20244565217391303 0.36799184505606525
7 0.3342391304347826 0.345565749235474 0.360054347826087 0.35270132517838937 0.3777173913043478 0.3669724770642202 0.3858695652173913 0.39245667686034663 0.39402173913043476 0.39143730886850153 0.4116847826086956 0.37512742099898067 0.41983695652173914 0.37512742099898067 0.4429347826086956 0.3873598369011213 0.5706521739130435 0.4240570846075434 0.59375 0.4281345565749236 0.6168478260869565 0.4281345565749236 0.623641304347826 0.4240570846075434 0.6290760869565217 0.40672782874617736 0.626358695652174 0.399592252803262 0.6209239130434783 0.40061162079510704 0.5353260869565217 0.3690112130479103 0.501358695652174 0.3486238532110092 0.45516304347826086 0.3282364933741081 0.3668478260869565 0.29867482161060144 0.34375 0.3017329255861366 0.33016304347826086 0.3109072375127421 0.3342391304347826 0.345565749235474
7 0.639945652173913 0.41692150866462796 0.6182065217391304 0.43119266055045874 0.6290760869565217 0.4485219164118247 0.6671195652173914 0.47196738022426094 0.7690217391304348 0.4841997961264016 0.7758152173913043 0.4801223241590214 0.7785326086956521 0.4566768603465851 0.7853260869565217 0.4525993883792049 0.782608695652174 0.43730886850152906 0.7540760869565217 0.41692150866462796 0.7282608695652174 0.41386340468909283 0.688858695652174 0.38022426095820594 0.6847826086956521 0.381243628950051 0.6779891304347826 0.37410805300713557 0.671195652173913 0.3761467889908257 0.639945652173913 0.41692150866462796