44 0.7421875 0.475 0.753125 0.478125 0.7703125 0.4875 0.7765625 0.49375 0.7796875 0.5015625 0.7796875 0.5171875 0.7734375 0.5296875 0.759375 0.5421875 0.7484375 0.546875 0.6984375 0.5453125 0.6875 0.5328125 0.6859375 0.528125 0.678125 0.5234375 0.671875 0.5125 0.671875 0.5 0.684375 0.490625 0.6890625 0.484375 0.71875 0.4734375 0.7390625 0.4734375 0.740625 0.475
44 0.5109375 0.7546875 0.5234375 0.7578125 0.534375 0.7578125 0.5421875 0.7625 0.55 0.771875 0.55 0.784375 0.5375 0.8109375 0.528125 0.8203125 0.5171875 0.8265625 0.5109375 0.8265625 0.50625 0.8296875 0.4859375 0.8296875 0.46875 0.825 0.4515625 0.8171875 0.4421875 0.803125 0.4421875 0.7859375 0.4640625 0.7625 0.4765625 0.7578125 0.509375 0.7546875
44 0.5796875 0.70625 0.6 0.71875 0.603125 0.725 0.603125 0.7484375 0.5859375 0.7703125 0.571875 0.7765625 0.559375 0.7765625 0.5546875 0.7734375 0.5375 0.75625 0.5359375 0.7453125 0.5421875 0.7296875 0.5609375 0.7078125 0.56875 0.7046875 0.578125 0.70625
44 0.728125 0.33125 0.759375 0.3375 0.778125 0.353125 0.784375 0.365625 0.784375 0.371875 0.78125 0.375 0.7703125 0.3796875 0.746875 0.3984375 0.7421875 0.4 0.7078125 0.3953125 0.6984375 0.390625 0.6875 0.3703125 0.6875 0.35 0.69375 0.34375 0.7109375 0.334375 0.7265625 0.33125
44 0.6640625 0.2875 0.678125 0.2875 0.7015625 0.2953125 0.7125 0.303125 0.7234375 0.3171875 0.721875 0.328125 0.6953125 0.3390625 0.6859375 0.346875 0.6859375 0.353125 0.68125 0.3625 0.6671875 0.3640625 0.646875 0.3609375 0.6375 0.3546875 0.634375 0.340625 0.6375 0.334375 0.65 0.325 0.6515625 0.315625 0.65625 0.309375 0.6640625 0.2890625
44 0.6375 0.684375 0.6578125 0.6921875 0.6609375 0.6953125 0.665625 0.6953125 0.6671875 0.6984375 0.671875 0.6984375 0.69375 0.7078125 0.7 0.7140625 0.70625 0.715625 0.7171875 0.734375 0.715625 0.746875 0.703125 0.7609375 0.6828125 0.7703125 0.678125 0.7703125 0.6765625 0.7734375 0.6625 0.7796875 0.640625 0.7796875 0.6265625 0.7734375 0.615625 0.7625 0.6078125 0.7453125 0.6046875 0.7328125 0.6046875 0.6984375 0.609375 0.6921875 0.6359375 0.684375
44 0.521875 0.590625 0.528125 0.590625 0.540625 0.5984375 0.5921875 0.596875 0.6140625 0.6140625 0.615625 0.625 0.6140625 0.6390625 0.59375 0.65625 0.5796875 0.6609375 0.5703125 0.6609375 0.553125 0.65625 0.5515625 0.653125 0.53125 0.646875 0.528125 0.64375 0.53125 0.640625 0.515625 0.621875 0.5140625 0.6046875 0.521875 0.5921875
44 0.559375 0.459375 0.5609375 0.4609375 0.5796875 0.4609375 0.5921875 0.4703125 0.5921875 0.50625 0.5953125 0.515625 0.5921875 0.521875 0.584375 0.5265625 0.5625 0.51875 0.5390625 0.51875 0.5203125 0.503125 0.503125 0.4984375 0.5015625 0.4953125 0.5109375 0.48125 0.5109375 0.4765625 0.5140625 0.471875 0.5234375 0.4640625 0.540625 0.459375 0.5578125 0.459375
44 0.621875 0.521875 0.6234375 0.5234375 0.6375 0.521875 0.6390625 0.5234375 0.6734375 0.525 0.684375 0.5328125 0.69375 0.546875 0.6921875 0.5546875 0.6859375 0.5609375 0.6765625 0.5796875 0.6546875 0.6015625 0.653125 0.60625 0.646875 0.609375 0.6453125 0.6125 0.6359375 0.615625 0.615625 0.6125 0.5953125 0.5921875 0.5984375 0.5859375 0.5984375 0.5671875 0.5953125 0.5625 0.590625 0.54375 0.59375 0.5296875 0.596875 0.525 0.60625 0.521875 0.6203125 0.521875
44 0.5578125 0.3140625 0.56875 0.3171875 0.575 0.3234375 0.5796875 0.3234375 0.5859375 0.3296875 0.5890625 0.3296875 0.603125 0.353125 0.603125 0.36875 0.5984375 0.3734375 0.5921875 0.3890625 0.58125 0.3984375 0.578125 0.3984375 0.5703125 0.4046875 0.5625 0.40625 0.5296875 0.4046875 0.5140625 0.390625 0.5078125 0.375 0.5109375 0.33125 0.5328125 0.315625 0.55625 0.3140625
44 0.721875 0.4 0.7375 0.403125 0.7421875 0.4078125 0.7421875 0.4203125 0.753125 0.4421875 0.753125 0.446875 0.7484375 0.45625 0.7390625 0.4640625 0.7171875 0.465625 0.709375 0.46875 0.6984375 0.46875 0.6890625 0.465625 0.684375 0.4609375 0.6765625 0.459375 0.6671875 0.453125 0.6671875 0.4375 0.665625 0.4359375 0.671875 0.4234375 0.6921875 0.4078125 0.709375 0.4 0.7203125 0.4
44 0.5890625 0.4265625 0.5921875 0.4296875 0.5921875 0.4359375 0.5875 0.4421875 0.5703125 0.453125 0.5640625 0.453125 0.5578125 0.45625 0.53125 0.45625 0.528125 0.453125 0.5234375 0.453125 0.5140625 0.4453125 0.50625 0.4296875 0.5109375 0.409375 0.51875 0.403125 0.5234375 0.403125 0.53125 0.4078125 0.575 0.40625 0.5828125 0.421875 0.5875 0.4265625
44 0.46875 0.4125 0.478125 0.4140625 0.4921875 0.4265625 0.5015625 0.43125 0.5140625 0.4546875 0.5140625 0.4609375 0.5046875 0.4828125 0.4875 0.4921875 0.4734375 0.4921875 0.4484375 0.4828125 0.434375 0.471875 0.43125 0.471875 0.4171875 0.4578125 0.4140625 0.4484375 0.4140625 0.440625 0.4203125 0.4296875 0.446875 0.4140625 0.4578125 0.4109375 0.4671875 0.4125
44 0.6453125 0.253125 0.6453125 0.25625 0.6546875 0.2671875 0.6546875 0.2734375 0.6578125 0.2765625 0.659375 0.2828125 0.6578125 0.296875 0.653125 0.3078125 0.6484375 0.3125 0.64375 0.328125 0.621875 0.3390625 0.6046875 0.3390625 0.590625 0.325 0.553125 0.3046875 0.5453125 0.278125 0.546875 0.2734375 0.55625 0.2640625 0.584375 0.25 0.6 0.25 0.6046875 0.246875 0.63125 0.246875 0.64375 0.253125
44 0.4640625 0.6890625 0.471875 0.696875 0.4828125 0.7171875 0.5 0.734375 0.503125 0.7421875 0.496875 0.75 0.4703125 0.75625 0.446875 0.771875 0.4296875 0.771875 0.41875 0.7671875 0.4078125 0.753125 0.4078125 0.740625 0.4171875 0.7140625 0.44375 0.6921875 0.4625 0.6890625
44 0.7375 0.2328125 0.746875 0.2359375 0.76875 0.2375 0.7796875 0.2453125 0.7828125 0.2578125 0.7796875 0.2625 0.7796875 0.2671875 0.7625 0.2828125 0.75625 0.2921875 0.74375 0.3015625 0.7375 0.3015625 0.73125 0.3046875 0.7203125 0.3046875 0.7140625 0.3015625 0.6984375 0.2875 0.696875 0.2625 0.6984375 0.2578125 0.7125 0.240625 0.728125 0.2359375 0.73125 0.2328125 0.7359375 0.2328125
44 0.5171875 0.65625 0.534375 0.6609375 0.54375 0.6671875 0.55625 0.68125 0.55625 0.7 0.5515625 0.7125 0.5453125 0.71875 0.5375 0.7328125 0.525 0.7375 0.509375 0.7375 0.5 0.7328125 0.490625 0.7234375 0.4875 0.715625 0.4828125 0.7125 0.4796875 0.7046875 0.46875 0.690625 0.46875 0.678125 0.4796875 0.6640625 0.4953125 0.6578125 0.515625 0.65625
44 0.8421875 0.4515625 0.853125 0.4546875 0.8546875 0.4578125 0.8625 0.4609375 0.8765625 0.4765625 0.88125 0.478125 0.884375 0.48125 0.884375 0.4921875 0.8796875 0.503125 0.875 0.5046875 0.859375 0.503125 0.84375 0.5171875 0.8421875 0.5234375 0.8359375 0.5265625 0.8234375 0.5265625 0.8203125 0.5234375 0.8046875 0.521875 0.7921875 0.515625 0.78125 0.4890625 0.78125 0.4640625 0.784375 0.4578125 0.790625 0.453125 0.81875 0.45 0.8390625 0.45 0.840625 0.4515625
44 0.6796875 0.3703125 0.6859375 0.3734375 0.690625 0.3828125 0.690625 0.3921875 0.6859375 0.3984375 0.665625 0.41875 0.65625 0.421875 0.6546875 0.425 0.6234375 0.43125 0.6015625 0.4296875 0.584375 0.4203125 0.58125 0.4125 0.58125 0.4046875 0.5984375 0.3859375 0.5984375 0.38125 0.6015625 0.3765625 0.6109375 0.3703125 0.6203125 0.3703125 0.6375 0.365625 0.6578125 0.365625 0.678125 0.3703125
44 0.7328125 0.55 0.7421875 0.5515625 0.7765625 0.578125 0.7828125 0.584375 0.7828125 0.596875 0.7796875 0.603125 0.7546875 0.61875 0.740625 0.6203125 0.7359375 0.6234375 0.721875 0.6234375 0.7140625 0.6265625 0.7 0.6265625 0.68125 0.61875 0.6703125 0.609375 0.66875 0.603125 0.675 0.584375 0.678125 0.5828125 0.6828125 0.571875 0.6984375 0.5515625 0.709375 0.5484375 0.73125 0.55
44 0.559375 0.521875 0.571875 0.525 0.578125 0.53125 0.5796875 0.5359375 0.5828125 0.5375 0.5828125 0.5421875 0.5921875 0.5609375 0.5953125 0.5796875 0.5921875 0.5890625 0.5828125 0.5953125 0.5734375 0.596875 0.5421875 0.596875 0.521875 0.5859375 0.5171875 0.575 0.515625 0.565625 0.521875 0.55 0.521875 0.540625 0.5265625 0.534375 0.540625 0.5234375 0.5578125 0.521875
44 0.4984375 0.5 0.5171875 0.5046875 0.5265625 0.5109375 0.5328125 0.5203125 0.528125 0.5296875 0.5203125 0.5375 0.5203125 0.5453125 0.5140625 0.5640625 0.5109375 0.56875 0.503125 0.571875 0.46875 0.565625 0.465625 0.5609375 0.46875 0.55 0.4671875 0.5375 0.4390625 0.5296875 0.4296875 0.5296875 0.421875 0.5265625 0.4203125 0.5234375 0.421875 0.5171875 0.4296875 0.509375 0.4390625 0.5046875 0.4546875 0.5015625 0.496875 0.5
44 0.8125 0.3734375 0.8203125 0.3765625 0.8453125 0.3765625 0.853125 0.3796875 0.8640625 0.390625 0.8640625 0.403125 0.84375 0.4359375 0.8328125 0.44375 0.8203125 0.4484375 0.7796875 0.4484375 0.7640625 0.44375 0.7515625 0.4359375 0.7453125 0.4203125 0.7453125 0.4078125 0.75 0.3984375 0.771875 0.38125 0.78125 0.3765625 0.790625 0.3765625 0.796875 0.3734375 0.8109375 0.3734375
44 0.65625 0.4546875 0.6765625 0.4625 0.684375 0.4703125 0.6859375 0.4765625 0.6828125 0.484375 0.6625 0.4984375 0.628125 0.5046875 0.6125 0.503125 0.6015625 0.4953125 0.596875 0.475 0.5984375 0.4578125 0.6046875 0.4515625 0.60625 0.446875 0.6171875 0.4375 0.634375 0.43125 0.6453125 0.43125 0.6515625 0.4375 0.6546875 0.4453125 0.653125 0.453125 0.6546875 0.4546875
44 0.809375 0.26875 0.821875 0.271875 0.8328125 0.2796875 0.8375 0.2859375 0.8640625 0.303125 0.871875 0.3109375 0.8734375 0.3171875 0.86875 0.328125 0.859375 0.3359375 0.8359375 0.3390625 0.8328125 0.3421875 0.825 0.34375 0.7953125 0.346875 0.78125 0.3453125 0.775 0.3421875 0.76875 0.3328125 0.753125 0.325 0.75 0.31875 0.75 0.3046875 0.7609375 0.290625 0.7609375 0.2875 0.778125 0.2734375 0.7859375 0.2703125 0.8078125 0.26875
57 0.2866847826086957 0.6870540265035678 0.27717391304347827 0.7206931702344547 0.28804347826086957 0.726809378185525 0.3858695652173913 0.744138634046891 0.4021739130434782 0.7227319062181448 0.43885869565217395 0.6921508664627931 0.4375 0.6605504587155964 0.4429347826086956 0.6299694189602446 0.45244565217391297 0.6167176350662589 0.4619565217391305 0.581039755351682 0.4633152173913043 0.5392456676860347 0.37092391304347827 0.5168195718654435 0.3505434782608695 0.5158002038735984 0.33695652173913043 0.5219164118246687 0.3233695652173913 0.5443425076452599 0.31657608695652173 0.581039755351682 0.2866847826086957 0.6636085626911316 0.2866847826086957 0.6870540265035678
57 0.3043478260869565 0.7104994903160041 0.29483695652173914 0.724770642201835 0.32065217391304346 0.7298674821610602 0.3247282608695652 0.726809378185525 0.3464673913043478 0.7380224260958206 0.3668478260869565 0.7380224260958206 0.34239130434782605 0.7145769622833844 0.34239130434782605 0.7054026503567787 0.327445652173913 0.6962283384301733 0.32065217391304346 0.6962283384301733 0.30978260869565216 0.7064220183486238 0.30027173913043476 0.6992864424057085 0.3043478260869565 0.7104994903160041
57 0.39266304347826086 0.724770642201835 0.3967391304347826 0.72579001019368 0.43614130434782605 0.6921508664627931 0.4375 0.6493374108053007 0.45244565217391297 0.6238532110091743 0.4904891304347826 0.5871559633027523 0.49728260869565216 0.5779816513761469 0.4945652173913043 0.5739041794087666 0.47010869565217395 0.5667686034658512 0.4538043478260869 0.5708460754332314 0.44021739130434784 0.6228338430173292 0.4307065217391305 0.6299694189602446 0.4320652173913043 0.6513761467889909 0.4225543478260869 0.6646279306829765 0.42391304347826086 0.6697247706422018 0.4171195652173913 0.671763506625892 0.41847826086956524 0.6768603465851173 0.40353260869565216 0.6819571865443426 0.39402173913043476 0.708460754332314 0.39266304347826086 0.724770642201835
57 0.1263586956521739 0.5851172273190622 0.2839673913043478 0.6585117227319063 0.2921195652173913 0.653414882772681 0.3029891304347826 0.6269113149847094 0.3220108695652174 0.5514780835881753 0.3328804347826087 0.5290519877675841 0.34510869565217395 0.5198776758409787 0.35190217391304346 0.5219164118246687 0.360054347826087 0.5178389398572885 0.4103260869565217 0.5382262996941896 0.41440217391304346 0.5372069317023446 0.4171195652173913 0.5178389398572885 0.2758152173913043 0.4322120285423038 0.26902173913043476 0.4301732925586137 0.24592391304347827 0.45158002038735984 0.1263586956521739 0.5851172273190622