44 0.2890625 0.71875 0.3109375 0.725 0.3203125 0.7296875 0.3234375 0.734375 0.3328125 0.7375 0.3453125 0.7515625 0.353125 0.765625 0.353125 0.7796875 0.3484375 0.7984375 0.3421875 0.8109375 0.3296875 0.8234375 0.3109375 0.8328125 0.29375 0.834375 0.284375 0.8375 0.265625 0.8375 0.259375 0.834375 0.2296875 0.8328125 0.2140625 0.8265625 0.209375 0.8234375 0.2046875 0.8140625 0.1984375 0.8109375 0.19375 0.8046875 0.1921875 0.778125 0.1953125 0.7625 0.209375 0.7421875 0.21875 0.7375 0.2234375 0.7375 0.23125 0.73125 0.2390625 0.7296875 0.253125 0.721875 0.2875 0.71875
44 0.2765625 0.4453125 0.3 0.4609375 0.30625 0.471875 0.3078125 0.4859375 0.3015625 0.496875 0.3015625 0.5078125 0.3046875 0.515625 0.3015625 0.521875 0.2921875 0.5265625 0.290625 0.5296875 0.284375 0.5296875 0.2796875 0.5328125 0.265625 0.5359375 0.2046875 0.5328125 0.1890625 0.5234375 0.175 0.509375 0.1734375 0.4953125 0.178125 0.4828125 0.190625 0.4671875 0.20625 0.4609375 0.2109375 0.45625 0.2296875 0.446875 0.25 0.44375 0.275 0.4453125
44 0.3421875 0.73125 0.35 0.73125 0.371875 0.7375 0.38125 0.734375 0.4 0.734375 0.409375 0.7390625 0.4171875 0.746875 0.4234375 0.7484375 0.4296875 0.7546875 0.4359375 0.7546875 0.4421875 0.7578125 0.446875 0.7625 0.4484375 0.76875 0.446875 0.7828125 0.4421875 0.790625 0.425 0.8109375 0.4109375 0.8203125 0.375 0.828125 0.34375 0.8265625 0.3375 0.8234375 0.3359375 0.8203125 0.3421875 0.8140625 0.353125 0.7921875 0.3546875 0.7640625 0.34375 0.7484375 0.3421875 0.740625 0.3390625 0.7375 0.3421875 0.7328125
44 0.58125 0.3203125 0.5859375 0.3203125 0.5890625 0.3234375 0.5953125 0.340625 0.5921875 0.3515625 0.58125 0.3625 0.5484375 0.375 0.5390625 0.375 0.534375 0.378125 0.521875 0.378125 0.5015625 0.384375 0.4875 0.3828125 0.484375 0.3703125 0.4796875 0.3625 0.4796875 0.3578125 0.4828125 0.353125 0.4984375 0.353125 0.50625 0.35 0.55 0.3453125 0.559375 0.340625 0.5734375 0.3265625 0.58125 0.321875
44 0.240625 0.64375 0.2484375 0.6453125 0.2546875 0.65 0.2703125 0.6671875 0.2703125 0.671875 0.278125 0.6890625 0.278125 0.7125 0.271875 0.7171875 0.2609375 0.7171875 0.25 0.7203125 0.234375 0.7265625 0.2203125 0.7359375 0.2109375 0.7375 0.196875 0.753125 0.1890625 0.753125 0.15 0.7328125 0.1359375 0.7171875 0.1359375 0.7109375 0.1328125 0.7046875 0.1328125 0.6890625 0.1359375 0.68125 0.1515625 0.671875 0.1625 0.671875 0.1671875 0.66875 0.1765625 0.66875 0.1875 0.6640625 0.1953125 0.6640625 0.203125 0.6609375 0.215625 0.6484375 0.2234375 0.6453125 0.2390625 0.64375
44 0.384375 0.6171875 0.3875 0.6203125 0.4 0.621875 0.4328125 0.634375 0.446875 0.646875 0.446875 0.65 0.453125 0.65625 0.45625 0.675 0.453125 0.690625 0.4484375 0.6953125 0.44375 0.7046875 0.44375 0.709375 0.440625 0.7125 0.4296875 0.7171875 0.4203125 0.7265625 0.4140625 0.7296875 0.3765625 0.73125 0.375 0.7328125 0.365625 0.7328125 0.35 0.7265625 0.3390625 0.7140625 0.3171875 0.7 0.3078125 0.6859375 0.3046875 0.6609375 0.30625 0.65625 0.3234375 0.6375 0.3421875 0.625 0.3484375 0.621875 0.3609375 0.6203125 0.365625 0.6171875 0.3828125 0.6171875
44 0.378125 0.4640625 0.3796875 0.465625 0.3984375 0.4640625 0.415625 0.475 0.421875 0.48125 0.4359375 0.50625 0.4359375 0.5171875 0.43125 0.5234375 0.428125 0.5234375 0.4265625 0.5265625 0.421875 0.5265625 0.415625 0.5328125 0.396875 0.5390625 0.3859375 0.5484375 0.38125 0.55625 0.3734375 0.5578125 0.346875 0.5578125 0.3265625 0.55 0.3171875 0.5453125 0.3109375 0.5390625 0.3046875 0.5265625 0.3078125 0.51875 0.30625 0.5015625 0.3125 0.4921875 0.3140625 0.484375 0.3375 0.4703125 0.353125 0.46875 0.3625 0.4640625 0.3765625 0.4640625
44 0.2984375 0.3546875 0.296875 0.3515625 0.29375 0.3515625 0.2875 0.3453125 0.2828125 0.34375 0.2671875 0.328125 0.2640625 0.31875 0.2640625 0.30625 0.271875 0.290625 0.284375 0.2765625 0.29375 0.2703125 0.2984375 0.2703125 0.3015625 0.2671875 0.3171875 0.2625 0.353125 0.2625 0.359375 0.2734375 0.359375 0.2890625 0.353125 0.3 0.353125 0.3140625 0.35 0.31875 0.35 0.325 0.353125 0.3296875 0.3546875 0.3515625 0.353125 0.359375 0.346875 0.365625 0.3390625 0.36875 0.334375 0.36875 0.3234375 0.3625 0.3140625 0.3625 0.3 0.3546875
44 0.4640625 0.521875 0.4828125 0.528125 0.4921875 0.5375 0.5109375 0.5484375 0.51875 0.5609375 0.521875 0.58125 0.5203125 0.5921875 0.496875 0.61875 0.475 0.628125 0.4578125 0.6296875 0.4484375 0.6328125 0.4390625 0.6328125 0.428125 0.6265625 0.415625 0.6265625 0.4109375 0.6234375 0.40625 0.6234375 0.4046875 0.6203125 0.396875 0.61875 0.390625 0.6125 0.3859375 0.603125 0.3796875 0.5765625 0.3875 0.5515625 0.4015625 0.540625 0.4140625 0.5375 0.434375 0.525 0.4625 0.521875
44 0.51875 0.24375 0.521875 0.246875 0.5359375 0.25 0.5546875 0.2625 0.5609375 0.2625 0.5640625 0.259375 0.571875 0.259375 0.5765625 0.2625 0.5875 0.290625 0.5875 0.30625 0.5828125 0.3171875 0.559375 0.3390625 0.54375 0.3453125 0.528125 0.3453125 0.5046875 0.35 0.471875 0.3484375 0.4515625 0.3390625 0.4484375 0.3359375 0.4484375 0.33125 0.453125 0.3234375 0.4734375 0.30625 0.4875 0.2859375 0.490625 0.2796875 0.490625 0.246875 0.5015625 0.2421875 0.5171875 0.24375
44 0.159375 0.490625 0.16875 0.496875 0.171875 0.509375 0.196875 0.534375 0.196875 0.5375 0.18125 0.5484375 0.1765625 0.5546875 0.1734375 0.565625 0.1625 0.575 0.1546875 0.5859375 0.15 0.5859375 0.1453125 0.5890625 0.1359375 0.5890625 0.1296875 0.5921875 0.1140625 0.5921875 0.0984375 0.5859375 0.0734375 0.5609375 0.0734375 0.5359375 0.06875 0.5296875 0.06875 0.5203125 0.0765625 0.5078125 0.0828125 0.5046875 0.084375 0.5015625 0.0921875 0.5 0.09375 0.496875 0.1015625 0.49375 0.11875 0.490625 0.1578125 0.490625
44 0.2078125 0.3953125 0.2453125 0.4 0.25625 0.40625 0.259375 0.4125 0.26875 0.4203125 0.2703125 0.425 0.2765625 0.43125 0.278125 0.4421875 0.234375 0.44375 0.190625 0.465625 0.1765625 0.4828125 0.165625 0.4828125 0.15625 0.478125 0.1453125 0.46875 0.1375 0.45625 0.1390625 0.43125 0.146875 0.415625 0.159375 0.4078125 0.1703125 0.40625 0.1765625 0.403125 0.178125 0.4 0.1828125 0.4 0.1875 0.396875 0.20625 0.396875
44 0.2609375 0.640625 0.265625 0.6390625 0.28125 0.640625 0.3015625 0.6515625 0.303125 0.6546875 0.3015625 0.665625 0.30625 0.6890625 0.315625 0.7015625 0.340625 0.721875 0.3328125 0.73125 0.3265625 0.73125 0.3046875 0.7203125 0.2828125 0.7171875 0.2796875 0.7125 0.28125 0.7015625 0.278125 0.684375 0.2703125 0.6640625 0.2609375 0.6546875 0.2609375 0.6421875
44 0.509375 0.403125 0.528125 0.4109375 0.546875 0.43125 0.5515625 0.4375 0.5546875 0.45 0.5546875 0.4609375 0.55 0.475 0.540625 0.4859375 0.5203125 0.4921875 0.5 0.4921875 0.4890625 0.4953125 0.4609375 0.4921875 0.44375 0.4796875 0.440625 0.4796875 0.428125 0.4640625 0.428125 0.45 0.4328125 0.4375 0.44375 0.434375 0.465625 0.4234375 0.478125 0.4078125 0.4875 0.4 0.4984375 0.4 0.5078125 0.403125
44 0.2921875 0.53125 0.3 0.534375 0.30625 0.54375 0.3015625 0.55625 0.2953125 0.5609375 0.290625 0.5734375 0.278125 0.5859375 0.2609375 0.596875 0.2515625 0.60625 0.2140625 0.603125 0.2078125 0.6 0.1890625 0.6 0.18125 0.59375 0.175 0.5921875 0.1671875 0.5828125 0.1671875 0.575 0.178125 0.565625 0.184375 0.5546875 0.190625 0.5484375 0.2109375 0.5375 0.23125 0.5359375 0.24375 0.5390625 0.259375 0.5390625 0.2828125 0.5328125 0.290625 0.5328125
44 0.3328125 0.3734375 0.3421875 0.378125 0.3421875 0.384375 0.353125 0.396875 0.353125 0.4015625 0.365625 0.4140625 0.378125 0.4203125 0.3890625 0.4296875 0.396875 0.43125 0.403125 0.4359375 0.403125 0.4390625 0.3828125 0.459375 0.3765625 0.4609375 0.365625 0.459375 0.3515625 0.465625 0.340625 0.465625 0.33125 0.471875 0.3171875 0.471875 0.309375 0.46875 0.2984375 0.45625 0.2828125 0.4453125 0.28125 0.434375 0.271875 0.41875 0.271875 0.415625 0.284375 0.40625 0.309375 0.38125 0.33125 0.3734375
44 0.465625 0.2234375 0.4828125 0.240625 0.4890625 0.253125 0.4890625 0.2765625 0.4859375 0.284375 0.475 0.296875 0.4671875 0.3109375 0.446875 0.321875 0.434375 0.325 0.4125 0.325 0.378125 0.3125 0.371875 0.3046875 0.371875 0.3 0.365625 0.2859375 0.365625 0.2734375 0.3578125 0.259375 0.3578125 0.25 0.365625 0.2375 0.378125 0.2265625 0.39375 0.225 0.434375 0.2296875 0.4421875 0.2234375 0.4484375 0.221875 0.4640625 0.2234375
44 0.3453125 0.5625 0.371875 0.575 0.3765625 0.584375 0.3765625 0.5921875 0.3703125 0.603125 0.3515625 0.61875 0.34375 0.6203125 0.3328125 0.6296875 0.325 0.6328125 0.3171875 0.6421875 0.3078125 0.6484375 0.2984375 0.646875 0.275 0.634375 0.2609375 0.61875 0.259375 0.6046875 0.28125 0.5859375 0.2921875 0.5734375 0.296875 0.5640625 0.303125 0.5609375 0.3421875 0.5609375 0.34375 0.5625
44 0.2625 0.3328125 0.2703125 0.3375 0.275 0.34375 0.278125 0.34375 0.290625 0.35625 0.296875 0.3578125 0.3015625 0.3625 0.3015625 0.378125 0.2984375 0.3828125 0.2875 0.3953125 0.284375 0.3953125 0.265625 0.409375 0.25 0.4015625 0.2375 0.390625 0.23125 0.39375 0.2125 0.39375 0.2109375 0.3921875 0.1984375 0.39375 0.1875 0.3921875 0.178125 0.3828125 0.178125 0.3640625 0.1875 0.3484375 0.1984375 0.3375 0.2296875 0.328125 0.2546875 0.3296875 0.2609375 0.3328125
44 0.171875 0.590625 0.1734375 0.59375 0.1796875 0.5953125 0.1875 0.6015625 0.196875 0.6015625 0.2125 0.60625 0.2375 0.6078125 0.2484375 0.6109375 0.2546875 0.61875 0.2546875 0.6296875 0.246875 0.6421875 0.21875 0.64375 0.1953125 0.659375 0.1765625 0.6625 0.1671875 0.6625 0.1625 0.659375 0.1515625 0.659375 0.14375 0.65625 0.125 0.6390625 0.125 0.6078125 0.13125 0.5984375 0.1359375 0.59375 0.1546875 0.590625 0.1609375 0.5859375 0.165625 0.5859375 0.1703125 0.590625
44 0.3671875 0.303125 0.3828125 0.3171875 0.3953125 0.3203125 0.396875 0.3234375 0.403125 0.3234375 0.4078125 0.3265625 0.43125 0.3328125 0.425 0.3375 0.4015625 0.3421875 0.396875 0.3453125 0.3765625 0.3484375 0.3578125 0.3625 0.3546875 0.3625 0.3546875 0.3296875 0.3515625 0.325 0.3515625 0.3203125 0.3578125 0.30625 0.365625 0.303125
44 0.446875 0.3421875 0.4546875 0.34375 0.475 0.3578125 0.48125 0.36875 0.4828125 0.3828125 0.478125 0.3984375 0.471875 0.4046875 0.4671875 0.41875 0.4453125 0.4296875 0.440625 0.4296875 0.4375 0.4328125 0.43125 0.4328125 0.4265625 0.4359375 0.4140625 0.4359375 0.4015625 0.4328125 0.390625 0.4265625 0.3828125 0.41875 0.36875 0.4125 0.359375 0.4046875 0.3546875 0.39375 0.3484375 0.3890625 0.3453125 0.3796875 0.359375 0.3671875 0.365625 0.3578125 0.3828125 0.35 0.425 0.340625 0.4359375 0.34375 0.4453125 0.3421875
18 0.6467391304347826 0.6972477064220184 0.6535326086956521 0.7155963302752294 0.6725543478260869 0.7349643221202855 0.7065217391304348 0.7522935779816514 0.732336956521739 0.7563710499490316 0.7676630434782609 0.7522935779816514 0.794836956521739 0.7359836901121305 0.8084239130434783 0.7176350662589195 0.8125 0.6921508664627931 0.8070652173913043 0.6676860346585117 0.78125 0.6411824668705404 0.7554347826086956 0.6299694189602446 0.732336956521739 0.6279306829765545 0.6902173913043479 0.6391437308868502 0.6508152173913043 0.6605504587155964 0.6480978260869565 0.6748216106014271 0.6467391304347826 0.6972477064220184
18 0.5230978260869565 0.7553516819571866 0.514945652173913 0.763506625891947 0.5135869565217391 0.7767584097859327 0.5285326086956521 0.8002038735983691 0.5516304347826086 0.8124362895005097 0.5855978260869565 0.8134556574923547 0.6277173913043479 0.8053007135575942 0.6535326086956521 0.7951070336391438 0.6671195652173914 0.781855249745158 0.6725543478260869 0.7522935779816514 0.6657608695652174 0.7349643221202855 0.6440217391304348 0.7094801223241591 0.6127717391304348 0.691131498470948 0.5801630434782609 0.6870540265035678 0.5489130434782609 0.6941896024464832 0.5230978260869565 0.708460754332314 0.514945652173913 0.72782874617737 0.5230978260869565 0.7553516819571866
18 0.5991847826086956 0.5524974515800204 0.6073369565217391 0.5698267074413864 0.639945652173913 0.5942915392456677 0.6752717391304348 0.6024464831804281 0.7364130434782609 0.6024464831804281 0.7676630434782609 0.5840978593272171 0.779891304347826 0.5667686034658512 0.78125 0.5423037716615698 0.7622282608695652 0.5137614678899083 0.7255434782608695 0.4862385321100918 0.6834239130434783 0.472986748216106 0.6440217391304348 0.49439347604485223 0.6019021739130435 0.5361875637104995 0.5991847826086956 0.5524974515800204
18 0.6114130434782609 0.41692150866462796 0.639945652173913 0.4444444444444445 0.6671195652173914 0.45361875637105 0.6997282608695652 0.45158002038735984 0.7255434782608695 0.436289500509684 0.7445652173913043 0.4148827726809379 0.7554347826086956 0.3934760448521917 0.7527173913043479 0.381243628950051 0.733695652173913 0.3608562691131499 0.6970108695652174 0.3425076452599388 0.6752717391304348 0.3363914373088685 0.671195652173913 0.3312945973496432 0.6630434782608695 0.3312945973496432 0.6168478260869565 0.3557594291539246 0.608695652173913 0.381243628950051 0.6114130434782609 0.41692150866462796
18 0.6956521739130435 0.47196738022426094 0.7241847826086956 0.4831804281345565 0.752445652173913 0.5033639143730887 0.7703804347826086 0.5188583078491336 0.7853260869565217 0.545361875637105 0.8084239130434783 0.5331294597349643 0.8247282608695652 0.5178389398572885 0.8328804347826086 0.49847094801223246 0.8288043478260869 0.4678899082568807 0.8165760869565217 0.4525993883792049 0.7989130434782609 0.4413863404689093 0.7676630434782609 0.4332313965341489 0.7364130434782609 0.4342507645259939 0.71875 0.4413863404689093 0.6997282608695652 0.4597349643221203 0.6956521739130435 0.47196738022426094
18 0.501358695652174 0.6513761467889909 0.5081521739130435 0.6615698267074415 0.5285326086956521 0.6676860346585117 0.6019021739130435 0.6585117227319063 0.6317934782608695 0.6371049949031601 0.6317934782608695 0.6146788990825688 0.626358695652174 0.6034658511722732 0.595108695652174 0.5769622833843018 0.5869565217391304 0.5779816513761469 0.5760869565217391 0.5708460754332314 0.5421195652173914 0.5698267074413864 0.532608695652174 0.5728848114169216 0.5176630434782609 0.599388379204893 0.5 0.6187563710499491 0.501358695652174 0.6513761467889909
18 0.608695652173913 0.44648318042813456 0.6195652173913043 0.4740061162079511 0.6277173913043479 0.46075433231396534 0.6277173913043479 0.44342507645259943 0.6195652173913043 0.42915392456676865 0.6073369565217391 0.42609582059123347 0.608695652173913 0.44648318042813456
18 0.5190217391304348 0.40366972477064217 0.532608695652174 0.4118246687054027 0.5529891304347826 0.44036697247706424 0.5570652173913043 0.4882772680937819 0.5706521739130435 0.4913353720693171 0.6046195652173914 0.48114169215086644 0.5964673913043479 0.4332313965341489 0.5964673913043479 0.3893985728848114 0.5733695652173914 0.381243628950051 0.53125 0.3873598369011213 0.5203804347826086 0.39653414882772686 0.5190217391304348 0.40366972477064217