6 0.459375 0.490625 0.4734375 0.490625 0.4765625 0.49375 0.48125 0.49375 0.49375 0.5046875 0.4984375 0.5125 0.496875 0.521875 0.4875 0.5296875 0.478125 0.5296875 0.4734375 0.5265625 0.46875 0.5265625 0.4546875 0.509375 0.4546875 0.4984375 0.459375 0.4921875
6 0.546875 0.5046875 0.5515625 0.509375 0.553125 0.5171875 0.5515625 0.5265625 0.5390625 0.5328125 0.525 0.534375 0.5140625 0.534375 0.5015625 0.5296875 0.4984375 0.521875 0.5 0.515625 0.521875 0.5046875 0.5328125 0.503125 0.5453125 0.5046875
6 0.23125 0.4140625 0.2390625 0.4125 0.246875 0.4140625 0.2515625 0.4203125 0.2640625 0.4265625 0.2703125 0.434375 0.2703125 0.4453125 0.265625 0.4484375 0.2546875 0.45 0.24375 0.446875 0.2328125 0.4359375 0.2296875 0.428125 0.23125 0.415625
6 0.521875 0.459375 0.5296875 0.4625 0.534375 0.4671875 0.534375 0.4765625 0.528125 0.4890625 0.51875 0.496875 0.5125 0.496875 0.5 0.4921875 0.496875 0.4765625 0.5 0.471875 0.5 0.4671875 0.5078125 0.4609375 0.5203125 0.459375
6 0.446875 0.259375 0.45 0.2625 0.45625 0.2625 0.459375 0.2671875 0.4765625 0.2765625 0.4953125 0.2765625 0.5 0.2796875 0.5046875 0.2796875 0.5375 0.3015625 0.5375 0.31875 0.540625 0.3234375 0.54375 0.340625 0.55 0.353125 0.55 0.3578125 0.546875 0.359375 0.5578125 0.3703125 0.5609375 0.3703125 0.571875 0.384375 0.571875 0.3875 0.5828125 0.3984375 0.5875 0.409375 0.6 0.4171875 0.6140625 0.4359375 0.6140625 0.446875 0.6078125 0.4484375 0.603125 0.4546875 0.603125 0.4625 0.609375 0.471875 0.609375 0.484375 0.60625 0.4875 0.60625 0.4953125 0.596875 0.5125 0.59375 0.5125 0.5921875 0.515625 0.5734375 0.51875 0.571875 0.525 0.5625 0.5296875 0.5578125 0.5296875 0.553125 0.5359375 0.5328125 0.5375 0.5109375 0.55 0.5 0.55 0.490625 0.553125 0.490625 0.55 0.4953125 0.546875 0.490625 0.54375 0.4984375 0.5421875 0.5 0.540625 0.4984375 0.5375 0.4953125 0.5390625 0.490625 0.5359375 0.484375 0.5359375 0.48125 0.5328125 0.4734375 0.5328125 0.4671875 0.5375 0.459375 0.5359375 0.453125 0.540625 0.4375 0.5359375 0.4328125 0.5296875 0.4359375 0.525 0.4328125 0.521875 0.428125 0.521875 0.4265625 0.51875 0.4125 0.515625 0.396875 0.515625 0.39375 0.5109375 0.3859375 0.509375 0.378125 0.503125 0.3703125 0.5046875 0.353125 0.496875 0.3484375 0.4984375 0.340625 0.4953125 0.3359375 0.4890625 0.3359375 0.484375 0.328125 0.4796875 0.325 0.4828125 0.3125 0.4828125 0.3078125 0.4765625 0.303125 0.475 0.2828125 0.4734375 0.2859375 0.4703125 0.2828125 0.4671875 0.2875 0.4640625 0.2796875 0.4578125 0.275 0.4609375 0.2703125 0.459375 0.26875 0.45625 0.2609375 0.459375 0.259375 0.4625 0.25625 0.459375 0.2578125 0.4578125 0.25625 0.4546875 0.240625 0.4484375 0.2390625 0.4453125 0.23125 0.4421875 0.228125 0.4375 0.2171875 0.440625 0.2109375 0.4390625 0.1953125 0.440625 0.1890625 0.4390625 0.19375 0.4359375 0.1921875 0.434375 0.178125 0.4359375 0.1765625 0.4328125 0.1609375 0.4328125 0.15625 0.428125 0.1515625 0.428125 0.15 0.4328125 0.1265625 0.434375 0.1203125 0.4328125 0.115625 0.4265625 0.115625 0.4109375 0.1234375 0.40625 0.1265625 0.4 0.13125 0.4 0.1359375 0.39375 0.1421875 0.39375 0.146875 0.390625 0.1484375 0.384375 0.146875 0.3671875 0.1421875 0.3625 0.146875 0.3578125 0.15 0.35 0.15625 0.34375 0.1625 0.34375 0.1828125 0.321875 0.1953125 0.315625 0.196875 0.3109375 0.20625 0.30625 0.2109375 0.309375 0.2140625 0.3046875 0.2140625 0.3 0.225 0.303125 0.2296875 0.296875 0.2359375 0.29375 0.24375 0.29375 0.2578125 0.2859375 0.2640625 0.2859375 0.2671875 0.2828125 0.2765625 0.2828125 0.3 0.2734375 0.303125 0.2703125 0.3265625 0.2671875 0.334375 0.2625 0.353125 0.2625 0.35625 0.265625 0.3625 0.2640625 0.3703125 0.2671875 0.3875 0.2671875 0.39375 0.2640625 0.4109375 0.2671875 0.4234375 0.2625 0.4359375 0.2625 0.440625 0.259375 0.4453125 0.259375
6 0.409375 0.3578125 0.415625 0.3609375 0.41875 0.3703125 0.4171875 0.375 0.409375 0.3828125 0.3953125 0.3875 0.3796875 0.384375 0.375 0.3796875 0.375 0.375 0.3890625 0.3609375 0.39375 0.3609375 0.396875 0.3578125 0.4078125 0.3578125
6 0.209375 0.40625 0.228125 0.4109375 0.228125 0.4234375 0.225 0.428125 0.21875 0.4296875 0.2171875 0.4328125 0.1953125 0.4390625 0.1828125 0.4390625 0.171875 0.4328125 0.1734375 0.421875 0.178125 0.4140625 0.1953125 0.4078125 0.2078125 0.40625
6 0.3109375 0.440625 0.3328125 0.446875 0.3390625 0.453125 0.340625 0.459375 0.334375 0.465625 0.303125 0.4640625 0.28125 0.45625 0.2796875 0.4484375 0.28125 0.44375 0.2859375 0.440625 0.29375 0.4390625 0.309375 0.440625
6 0.4328125 0.4859375 0.440625 0.4875 0.4515625 0.4953125 0.4515625 0.5015625 0.446875 0.509375 0.4359375 0.5140625 0.421875 0.5125 0.4109375 0.50625 0.4046875 0.50625 0.396875 0.5 0.396875 0.49375 0.4046875 0.4875 0.43125 0.4859375
49 0.592391304347826 0.33843017329255864 0.5964673913043479 0.3516819571865443 0.6059782608695652 0.3608562691131499 0.608695652173913 0.3761467889908257 0.6290760869565217 0.40061162079510704 0.6277173913043479 0.4077471967380224 0.6644021739130435 0.4525993883792049 0.7269021739130435 0.4994903160040775 0.8097826086956521 0.5392456676860347 0.8790760869565217 0.5535168195718654 0.9076086956521738 0.5535168195718654 0.9211956521739131 0.5474006116207951 0.9633152173913043 0.5412844036697247 0.9904891304347826 0.528032619775739 0.9986413043478259 0.5147808358817534 0.9986413043478259 0.35372069317023447 0.919836956521739 0.24566768603465855 0.8559782608695652 0.1743119266055046 0.8016304347826086 0.1508664627930683 0.75 0.1488277268093782 0.7133152173913043 0.15392456676860347 0.6725543478260869 0.1712538226299694 0.6521739130434783 0.18552497451580022 0.6195652173913043 0.21712538226299696 0.6046195652173914 0.24260958205912336 0.5910326086956521 0.2507645259938838 0.592391304347826 0.33843017329255864
49 0.5557065217391304 0.3394495412844037 0.5584239130434783 0.3557594291539246 0.5692934782608695 0.3730886850152905 0.6902173913043479 0.5300713557594292 0.7445652173913043 0.5759429153924567 0.7690217391304348 0.5922528032619776 0.8315217391304348 0.6167176350662589 0.875 0.6228338430173292 0.9184782608695652 0.6218144750254841 0.9483695652173912 0.6116207951070336 0.9809782608695652 0.5932721712538227 0.9986413043478259 0.5718654434250765 0.9986413043478259 0.5219164118246687 0.9605978260869564 0.5433231396534148 0.8967391304347826 0.5565749235474006 0.8451086956521738 0.5484199796126401 0.7697010869565217 0.5234454638124364 0.733695652173913 0.5045871559633028 0.686141304347826 0.47196738022426094 0.6521739130434783 0.4413863404689093 0.6413043478260869 0.41794087665647306 0.6290760869565217 0.4077471967380224 0.626358695652174 0.3934760448521917 0.5978260869565217 0.36595310907237516 0.5869565217391304 0.3312945973496432 0.5910326086956521 0.2670744138634047 0.5883152173913043 0.2650356778797146 0.5692934782608695 0.27217125382262997 0.5557065217391304 0.28440366972477066 0.5557065217391304 0.3394495412844037
35 0.03125 0.472986748216106 0.03532608695652174 0.4831804281345565 0.025815217391304345 0.490316004077472 0 0.4964322120285424 0 0.563710499490316 0.005434782608695652 0.5728848114169216 0.002717391304347826 0.5891946992864424 0.006793478260869565 0.599388379204893 0.012228260869565218 0.6024464831804281 0.014945652173913044 0.6167176350662589 0.02717391304347826 0.6228338430173292 0.03804347826086956 0.6615698267074415 0.03532608695652174 0.6799184505606524 0.05434782608695652 0.7013251783893986 0.05163043478260869 0.7166156982670745 0.03260869565217391 0.7237512742099899 0.04076086956521739 0.72579001019368 0.04755434782608696 0.7196738022426097 0.05434782608695652 0.72579001019368 0.06657608695652174 0.7706422018348624 0.08152173913043478 0.780835881753313 0.08967391304347826 0.7798165137614679 0.09239130434782608 0.7747196738022426 0.125 0.7706422018348624 0.12907608695652173 0.7675840978593272 0.125 0.7370030581039756 0.14402173913043478 0.72782874617737 0.17119565217391303 0.7431192660550459 0.18614130434782608 0.7390417940876657 0.20244565217391303 0.7431192660550459 0.24048913043478262 0.7329255861365953 0.2554347826086957 0.7573904179408767 0.25815217391304346 0.7410805300713558 0.266304347826087 0.7329255861365953 0.27853260869565216 0.7308868501529052 0.28940217391304346 0.7451580020387361 0.30027173913043476 0.7533129459734964 0.30842391304347827 0.7533129459734964 0.4021739130434782 0.6411824668705404 0.4157608695652174 0.5973496432212029 0.4157608695652174 0.5779816513761469 0.4103260869565217 0.5667686034658512 0.41847826086956524 0.5321100917431193 0.4157608695652174 0.5229357798165137 0.34375 0.5015290519877676 0.3233695652173913 0.5005096839959225 0.28940217391304346 0.4852191641182467 0.25679347826086957 0.490316004077472 0.2214673913043478 0.4862385321100918 0.21195652173913043 0.47604485219164117 0.2214673913043478 0.4597349643221203 0.22010869565217392 0.45158002038735984 0.16847826086956522 0.43730886850152906 0.12907608695652173 0.4413863404689093 0.03532608695652174 0.4678899082568807 0.03125 0.472986748216106
35 0.3641304347826087 0.7023445463812437 0.37228260869565216 0.7115188583078492 0.39945652173913043 0.7186544342507646 0.4279891304347826 0.7380224260958206 0.45516304347826086 0.7451580020387361 0.47146739130434784 0.7431192660550459 0.4904891304347826 0.7482161060142711 0.5081521739130435 0.7655453618756372 0.5190217391304348 0.7665647298674821 0.5625 0.7879714576962285 0.5801630434782609 0.7910295616717635 0.5855978260869565 0.8002038735983691 0.577445652173913 0.8216106014271153 0.5801630434782609 0.8318042813455658 0.5883152173913043 0.8256880733944956 0.5910326086956521 0.8093781855249744 0.6154891304347826 0.7859327217125383 0.6413043478260869 0.7838939857288482 0.6494565217391304 0.7900101936799185 0.6603260869565217 0.7910295616717635 0.6779891304347826 0.8114169215086646 0.688858695652174 0.8165137614678899 0.6997282608695652 0.8012232415902141 0.71875 0.8002038735983691 0.830163043478261 0.7013251783893986 0.8478260869565217 0.6992864424057085 0.8586956521739131 0.6921508664627931 0.8736413043478259 0.6513761467889909 0.8627717391304348 0.6330275229357798 0.8519021739130433 0.6258919469928644 0.8369565217391305 0.6238532110091743 0.7663043478260869 0.5963302752293578 0.6494565217391304 0.4994903160040775 0.6480978260869565 0.49439347604485223 0.6317934782608695 0.49439347604485223 0.6032608695652174 0.528032619775739 0.5733695652173914 0.5392456676860347 0.53125 0.545361875637105 0.48097826086956524 0.5647298674821611 0.46603260869565216 0.5790010193679919 0.46059782608695654 0.601427115188583 0.43614130434782605 0.6197757390417941 0.41983695652173914 0.6258919469928644 0.4021739130434782 0.6564729867482162 0.3845108695652174 0.6676860346585117 0.3668478260869565 0.6952089704383282 0.3641304347826087 0.7023445463812437