21 0.725 0.6125 0.75625 0.625 0.7703125 0.6390625 0.7703125 0.6421875 0.7796875 0.653125 0.784375 0.6640625 0.7796875 0.6859375 0.7703125 0.70625 0.759375 0.7171875 0.75625 0.7234375 0.7390625 0.7359375 0.728125 0.7265625 0.715625 0.709375 0.6890625 0.69375 0.678125 0.6828125 0.6765625 0.678125 0.6671875 0.6703125 0.65 0.66875 0.6453125 0.6625 0.63125 0.659375 0.6171875 0.65 0.596875 0.646875 0.6 0.640625 0.6234375 0.628125 0.625 0.625 0.6515625 0.6203125 0.66875 0.6125 0.6765625 0.6109375 0.721875 0.6109375 0.7234375 0.6125
21 0.3296875 0.71875 0.3609375 0.725 0.384375 0.725 0.4046875 0.7296875 0.415625 0.7375 0.41875 0.7484375 0.4265625 0.7625 0.428125 0.7734375 0.4265625 0.7875 0.415625 0.8125 0.38125 0.846875 0.359375 0.8578125 0.321875 0.8625 0.3046875 0.8609375 0.3015625 0.8578125 0.29375 0.85625 0.2609375 0.8328125 0.25 0.8171875 0.2421875 0.8 0.240625 0.7671875 0.253125 0.74375 0.2765625 0.728125 0.3078125 0.7203125 0.328125 0.71875
21 0.2828125 0.465625 0.284375 0.4671875 0.3015625 0.4671875 0.3078125 0.4703125 0.31875 0.4703125 0.346875 0.484375 0.3546875 0.484375 0.359375 0.4875 0.3671875 0.4875 0.3734375 0.490625 0.384375 0.5 0.3890625 0.5109375 0.3921875 0.5296875 0.3953125 0.534375 0.396875 0.55625 0.3953125 0.559375 0.3859375 0.559375 0.384375 0.55625 0.359375 0.55 0.3546875 0.546875 0.3328125 0.546875 0.33125 0.5484375 0.325 0.546875 0.3140625 0.55 0.2921875 0.55 0.284375 0.553125 0.2765625 0.553125 0.271875 0.55625 0.2625 0.5578125 0.2578125 0.5625 0.240625 0.5703125 0.2359375 0.5765625 0.2296875 0.5796875 0.2171875 0.5984375 0.21875 0.6015625 0.2171875 0.609375 0.2140625 0.609375 0.209375 0.615625 0.1984375 0.6125 0.1921875 0.60625 0.1828125 0.5890625 0.178125 0.5734375 0.178125 0.565625 0.1734375 0.553125 0.1734375 0.5265625 0.178125 0.5078125 0.2 0.4875 0.2203125 0.4734375 0.2484375 0.4671875 0.28125 0.465625
21 0.6328125 0.5328125 0.6453125 0.5546875 0.6453125 0.559375 0.65625 0.571875 0.6640625 0.575 0.690625 0.59375 0.703125 0.5984375 0.7140625 0.5984375 0.71875 0.6015625 0.725 0.6015625 0.725 0.6046875 0.71875 0.6078125 0.66875 0.609375 0.665625 0.6125 0.640625 0.6203125 0.625 0.61875 0.6015625 0.603125 0.5875 0.596875 0.5734375 0.5828125 0.575 0.571875 0.5828125 0.5703125 0.584375 0.5671875 0.5890625 0.5671875 0.6015625 0.5609375 0.63125 0.5328125
21 0.2 0.625 0.196875 0.634375 0.1859375 0.6515625 0.184375 0.6671875 0.1859375 0.66875 0.1859375 0.6859375 0.190625 0.6953125 0.2 0.7046875 0.215625 0.7140625 0.228125 0.715625 0.23125 0.7203125 0.23125 0.7265625 0.2078125 0.7328125 0.184375 0.7328125 0.1625 0.7265625 0.1546875 0.7265625 0.1390625 0.7203125 0.125 0.70625 0.125 0.7015625 0.1203125 0.6921875 0.121875 0.68125 0.1265625 0.671875 0.1359375 0.6625 0.1359375 0.659375 0.14375 0.6484375 0.165625 0.6375 0.1734375 0.63125 0.1765625 0.63125 0.178125 0.628125 0.184375 0.628125 0.1875 0.625 0.1984375 0.625
21 0.5484375 0.3953125 0.56875 0.4 0.5828125 0.4 0.5859375 0.403125 0.590625 0.403125 0.6 0.4078125 0.621875 0.4234375 0.634375 0.4390625 0.6375 0.45 0.6375 0.471875 0.6328125 0.4796875 0.6265625 0.4796875 0.61875 0.4671875 0.603125 0.453125 0.59375 0.4484375 0.5921875 0.4453125 0.5671875 0.4359375 0.55625 0.434375 0.515625 0.4359375 0.50625 0.4328125 0.4953125 0.434375 0.4921875 0.4328125 0.4578125 0.4328125 0.45625 0.4296875 0.4625 0.421875 0.478125 0.4140625 0.4828125 0.4140625 0.4890625 0.4109375 0.490625 0.4078125 0.496875 0.4078125 0.51875 0.396875 0.540625 0.39375 0.546875 0.3953125
21 0.5140625 0.4359375 0.515625 0.4375 0.5359375 0.4375 0.5375 0.4359375 0.5640625 0.4375 0.5703125 0.440625 0.578125 0.440625 0.590625 0.446875 0.6140625 0.4640625 0.6203125 0.471875 0.634375 0.503125 0.634375 0.51875 0.63125 0.5265625 0.6140625 0.546875 0.6078125 0.55 0.603125 0.55625 0.5921875 0.5625 0.5734375 0.56875 0.5671875 0.5734375 0.55 0.5734375 0.5375 0.5765625 0.5125 0.5765625 0.5078125 0.5734375 0.5015625 0.5734375 0.478125 0.559375 0.4703125 0.559375 0.4625 0.55625 0.421875 0.559375 0.40625 0.546875 0.396875 0.5296875 0.396875 0.5 0.4 0.490625 0.4078125 0.4734375 0.4140625 0.46875 0.43125 0.446875 0.4421875 0.440625 0.4625 0.434375 0.5125 0.4359375
21 0 0.3140625 0.015625 0.3171875 0.040625 0.3296875 0.0453125 0.3296875 0.059375 0.3375 0.0703125 0.346875 0.071875 0.3515625 0.0609375 0.375 0.0609375 0.3859375 0.0515625 0.415625 0.0546875 0.4203125 0.071875 0.4234375 0.08125 0.428125 0.0796875 0.4390625 0.071875 0.4515625 0.0625 0.453125 0.053125 0.459375 0.0421875 0.4625 0.040625 0.465625 0.021875 0.471875 0.0203125 0.475 0 0.4890625 0 0.315625
21 0.7234375 0.80625 0.7484375 0.8265625 0.7484375 0.8296875 0.7546875 0.8359375 0.759375 0.8453125 0.7640625 0.8734375 0.759375 0.9125 0.75625 0.9234375 0.7484375 0.934375 0.7484375 0.9375 0.7359375 0.95 0.7140625 0.9609375 0.70625 0.9609375 0.6890625 0.965625 0.653125 0.9640625 0.646875 0.9609375 0.640625 0.9609375 0.6171875 0.9515625 0.6078125 0.95 0.584375 0.9375 0.584375 0.9296875 0.59375 0.9140625 0.59375 0.909375 0.5984375 0.9 0.5984375 0.8546875 0.59375 0.8390625 0.584375 0.8234375 0.584375 0.8140625 0.5921875 0.8125 0.596875 0.815625 0.603125 0.815625 0.621875 0.825 0.653125 0.8265625 0.671875 0.8234375 0.690625 0.815625 0.6953125 0.815625 0.709375 0.8078125 0.721875 0.80625
21 0.6890625 0.6953125 0.7140625 0.7109375 0.721875 0.7234375 0.728125 0.728125 0.7296875 0.7328125 0.7359375 0.7390625 0.7390625 0.75 0.7359375 0.7578125 0.734375 0.775 0.7265625 0.79375 0.7171875 0.8015625 0.69375 0.8109375 0.690625 0.8140625 0.684375 0.8140625 0.6703125 0.8203125 0.6625 0.8203125 0.6546875 0.8234375 0.6203125 0.8203125 0.603125 0.8109375 0.5859375 0.809375 0.5625 0.8 0.553125 0.7921875 0.5515625 0.7859375 0.5421875 0.7734375 0.5453125 0.7546875 0.55625 0.7390625 0.5734375 0.728125 0.5796875 0.7203125 0.58125 0.7125 0.5859375 0.70625 0.6140625 0.690625 0.6453125 0.690625 0.646875 0.6890625 0.6625 0.690625 0.665625 0.6890625 0.6796875 0.690625 0.6875 0.6953125
21 0.9625 0.43125 0.9859375 0.446875 0.9984375 0.4609375 0.9984375 0.509375 0.9953125 0.5125 0.9984375 0.51875 0.996875 0.5515625 0.9890625 0.5609375 0.9890625 0.565625 0.9671875 0.5859375 0.946875 0.5921875 0.9375 0.5921875 0.896875 0.6 0.8890625 0.6 0.871875 0.5921875 0.8671875 0.5921875 0.8640625 0.5890625 0.85 0.5859375 0.834375 0.5703125 0.8328125 0.565625 0.834375 0.5578125 0.85 0.5390625 0.8515625 0.5125 0.84375 0.484375 0.8359375 0.475 0.834375 0.4671875 0.825 0.459375 0.821875 0.45 0.8234375 0.446875 0.8375 0.440625 0.8421875 0.440625 0.865625 0.43125 0.8765625 0.4296875 0.9078125 0.4265625 0.94375 0.4265625 0.9609375 0.43125
21 0.7734375 0.43125 0.8109375 0.45 0.8125 0.453125 0.81875 0.4546875 0.8296875 0.4640625 0.8359375 0.4796875 0.8421875 0.4875 0.846875 0.5125 0.85 0.5171875 0.85 0.5328125 0.8421875 0.54375 0.8421875 0.546875 0.8328125 0.55625 0.8296875 0.5625 0.80625 0.5796875 0.803125 0.5796875 0.8015625 0.5828125 0.796875 0.5828125 0.7859375 0.5890625 0.7796875 0.5890625 0.759375 0.596875 0.7375 0.596875 0.73125 0.6 0.70625 0.596875 0.6859375 0.5890625 0.6671875 0.5765625 0.665625 0.5734375 0.6578125 0.5703125 0.646875 0.5578125 0.646875 0.553125 0.6375 0.5328125 0.6390625 0.5203125 0.646875 0.5 0.646875 0.49375 0.65625 0.4796875 0.65625 0.4765625 0.671875 0.4578125 0.6890625 0.44375 0.7015625 0.4375 0.7078125 0.4375 0.7109375 0.434375 0.7296875 0.43125 0.7484375 0.43125 0.75 0.4296875 0.771875 0.43125
21 0.0875 0.4546875 0.1140625 0.4578125 0.1328125 0.4640625 0.140625 0.4640625 0.153125 0.4703125 0.153125 0.475 0.1359375 0.490625 0.1234375 0.5125 0.1234375 0.5359375 0.1265625 0.55 0.1234375 0.553125 0.1078125 0.553125 0.0875 0.5625 0.08125 0.56875 0.075 0.5703125 0.0515625 0.5953125 0.0515625 0.5984375 0.04375 0.6078125 0.040625 0.6140625 0.0390625 0.6359375 0.0359375 0.6375 0.021875 0.6359375 0 0.6265625 0 0.4921875 0.0046875 0.490625 0.025 0.4734375 0.0484375 0.4640625 0.0578125 0.4578125 0.06875 0.4546875 0.0859375 0.4546875
21 0.2984375 0.4390625 0.3 0.440625 0.3234375 0.440625 0.3359375 0.4453125 0.3640625 0.46875 0.365625 0.484375 0.3578125 0.4859375 0.31875 0.46875 0.30625 0.46875 0.3015625 0.465625 0.2359375 0.4671875 0.2125 0.4765625 0.1921875 0.4921875 0.1765625 0.5109375 0.1734375 0.525 0.1734375 0.559375 0.18125 0.58125 0.1796875 0.5890625 0.16875 0.5890625 0.1640625 0.5859375 0.153125 0.575 0.1484375 0.5734375 0.1359375 0.559375 0.1359375 0.5546875 0.128125 0.5375 0.128125 0.5125 0.1375 0.49375 0.1625 0.4703125 0.1765625 0.4640625 0.178125 0.4609375 0.1828125 0.4609375 0.196875 0.4546875 0.209375 0.453125 0.21875 0.4484375 0.2609375 0.4390625 0.296875 0.4390625
21 0.5234375 0.7921875 0.5515625 0.7984375 0.5765625 0.8125 0.58125 0.81875 0.5828125 0.8265625 0.5921875 0.8421875 0.59375 0.8515625 0.59375 0.903125 0.5921875 0.9109375 0.5796875 0.9375 0.56875 0.95 0.5625 0.9515625 0.5609375 0.9546875 0.5546875 0.9578125 0.534375 0.9640625 0.525 0.9640625 0.51875 0.9671875 0.49375 0.9671875 0.471875 0.9640625 0.4671875 0.9609375 0.459375 0.9609375 0.4578125 0.9578125 0.4515625 0.9578125 0.4171875 0.94375 0.3859375 0.921875 0.378125 0.9109375 0.3703125 0.89375 0.3703125 0.8796875 0.375 0.8546875 0.384375 0.8484375 0.3921875 0.8390625 0.4046875 0.83125 0.415625 0.8203125 0.4171875 0.815625 0.434375 0.8046875 0.4609375 0.7953125 0.4671875 0.7953125 0.4703125 0.7921875 0.4890625 0.7921875 0.490625 0.790625 0.521875 0.7921875
21 0.3171875 0.5953125 0.328125 0.6015625 0.321875 0.6171875 0.3140625 0.628125 0.3109375 0.6390625 0.3109375 0.675 0.315625 0.6859375 0.315625 0.6921875 0.321875 0.703125 0.321875 0.7078125 0.3171875 0.7125 0.2953125 0.7203125 0.26875 0.7203125 0.2671875 0.721875 0.2328125 0.7203125 0.228125 0.715625 0.2140625 0.7125 0.2 0.703125 0.1875 0.6890625 0.1875 0.6734375 0.1859375 0.671875 0.1875 0.6515625 0.1984375 0.63125 0.23125 0.6046875 0.2359375 0.6046875 0.246875 0.5984375 0.275 0.590625 0.2984375 0.590625 0.315625 0.5953125
21 0.5578125 0.6671875 0.5703125 0.66875 0.5734375 0.671875 0.5875 0.675 0.6 0.68125 0.6015625 0.684375 0.6078125 0.6875 0.6078125 0.690625 0.5875 0.703125 0.5796875 0.7109375 0.578125 0.721875 0.56875 0.73125 0.5546875 0.7375 0.546875 0.7484375 0.540625 0.765625 0.540625 0.775 0.5484375 0.790625 0.53125 0.790625 0.50625 0.7859375 0.4953125 0.7875 0.4875 0.7859375 0.4765625 0.7875 0.471875 0.790625 0.4515625 0.790625 0.4421875 0.784375 0.4328125 0.7734375 0.428125 0.7546875 0.421875 0.74375 0.421875 0.734375 0.428125 0.721875 0.4390625 0.7109375 0.48125 0.684375 0.4859375 0.684375 0.49375 0.678125 0.5046875 0.675 0.5140625 0.675 0.534375 0.66875 0.55625 0.6671875
21 0.921875 0.6078125 0.9359375 0.6109375 0.9375 0.6140625 0.9421875 0.6140625 0.9453125 0.6171875 0.9671875 0.625 0.9953125 0.646875 0.9984375 0.6515625 0.9984375 0.7125 0.978125 0.7328125 0.971875 0.7359375 0.959375 0.7359375 0.959375 0.7328125 0.9328125 0.709375 0.8953125 0.690625 0.8515625 0.6890625 0.83125 0.69375 0.8171875 0.69375 0.8125 0.696875 0.80625 0.696875 0.803125 0.7 0.7953125 0.7 0.79375 0.696875 0.79375 0.6875 0.8046875 0.6640625 0.809375 0.659375 0.8125 0.6515625 0.834375 0.628125 0.8875 0.6078125 0.9203125 0.6078125
21 0.16875 0.4296875 0.1765625 0.43125 0.178125 0.434375 0.1859375 0.4375 0.2078125 0.440625 0.215625 0.44375 0.215625 0.446875 0.2078125 0.4515625 0.19375 0.453125 0.190625 0.45625 0.1859375 0.45625 0.1828125 0.459375 0.178125 0.459375 0.171875 0.4640625 0.1578125 0.46875 0.146875 0.4625 0.1265625 0.459375 0.1109375 0.453125 0.084375 0.453125 0.0796875 0.45 0.0796875 0.446875 0.084375 0.4375 0.0953125 0.43125 0.1078125 0.428125 0.1609375 0.4265625 0.1671875 0.4296875
21 0.8875 0.6921875 0.9015625 0.6953125 0.9265625 0.7078125 0.9328125 0.7140625 0.9359375 0.7140625 0.9578125 0.7390625 0.9578125 0.74375 0.9671875 0.759375 0.9671875 0.7640625 0.9734375 0.778125 0.9734375 0.79375 0.975 0.7953125 0.9734375 0.8109375 0.965625 0.8296875 0.946875 0.8453125 0.925 0.85625 0.9046875 0.8609375 0.865625 0.8609375 0.8578125 0.8578125 0.8109375 0.85 0.790625 0.840625 0.778125 0.8375 0.7609375 0.8265625 0.7484375 0.8140625 0.740625 0.809375 0.740625 0.803125 0.7359375 0.79375 0.7359375 0.78125 0.740625 0.7671875 0.7421875 0.74375 0.7625 0.7234375 0.796875 0.7078125 0.803125 0.7015625 0.8109375 0.6984375 0.85 0.6921875 0.8859375 0.6921875
21 0.109375 0.5546875 0.1109375 0.55625 0.125 0.5546875 0.134375 0.5609375 0.1375 0.56875 0.1484375 0.578125 0.1515625 0.578125 0.159375 0.5875 0.1765625 0.5953125 0.1859375 0.6046875 0.1859375 0.6125 0.1796875 0.61875 0.1671875 0.625 0.159375 0.6328125 0.15625 0.6328125 0.1546875 0.6375 0.1421875 0.640625 0.1453125 0.64375 0.1453125 0.65 0.121875 0.678125 0.11875 0.6875 0.115625 0.690625 0.1 0.6890625 0.09375 0.6859375 0.084375 0.6859375 0.08125 0.6828125 0.075 0.6828125 0.06875 0.6796875 0.0453125 0.65625 0.0421875 0.65 0.040625 0.6375 0.0421875 0.6140625 0.053125 0.5984375 0.053125 0.5953125 0.0765625 0.571875 0.08125 0.5703125 0.0875 0.5640625 0.1078125 0.55625
21 0.3703125 0.553125 0.3921875 0.5609375 0.396875 0.56875 0.390625 0.5734375 0.3703125 0.5796875 0.3328125 0.6 0.3046875 0.5890625 0.271875 0.5890625 0.2375 0.6 0.2296875 0.603125 0.228125 0.60625 0.2171875 0.60625 0.215625 0.6015625 0.2203125 0.590625 0.240625 0.571875 0.265625 0.5578125 0.28125 0.553125 0.309375 0.55 0.31875 0.5515625 0.33125 0.5484375 0.3484375 0.5484375 0.36875 0.553125
21 0.4625 0.559375 0.48125 0.5640625 0.5046875 0.578125 0.5078125 0.578125 0.5171875 0.5875 0.5203125 0.5875 0.5265625 0.6015625 0.528125 0.6078125 0.5265625 0.6359375 0.5203125 0.6453125 0.51875 0.6546875 0.509375 0.665625 0.5015625 0.665625 0.5015625 0.6578125 0.50625 0.653125 0.509375 0.64375 0.509375 0.6328125 0.496875 0.5984375 0.484375 0.5890625 0.4703125 0.5890625 0.465625 0.5828125 0.4578125 0.5828125 0.440625 0.5765625 0.43125 0.5703125 0.4203125 0.56875 0.4234375 0.5640625 0.43125 0.5640625 0.4359375 0.5609375 0.4609375 0.559375
21 0.434375 0.5734375 0.4484375 0.58125 0.465625 0.584375 0.4703125 0.5890625 0.4890625 0.590625 0.496875 0.5984375 0.509375 0.634375 0.5078125 0.65625 0.5046875 0.6640625 0.4859375 0.6796875 0.471875 0.6859375 0.4484375 0.7 0.446875 0.703125 0.4375 0.70625 0.4359375 0.709375 0.4265625 0.7140625 0.421875 0.7140625 0.4109375 0.7203125 0.4 0.721875 0.3578125 0.7203125 0.353125 0.7171875 0.3453125 0.7171875 0.3234375 0.703125 0.3171875 0.6890625 0.315625 0.6765625 0.3125 0.6703125 0.3125 0.65 0.315625 0.6328125 0.3234375 0.61875 0.3234375 0.6140625 0.3296875 0.609375 0.334375 0.6015625 0.3390625 0.6015625 0.346875 0.5953125 0.353125 0.59375 0.3546875 0.590625 0.3734375 0.58125 0.3921875 0.5765625 0.4 0.571875 0.4125 0.5734375 0.43125 0.571875 0.4328125 0.5734375
50 0.057065217391304345 0.41692150866462796 0.07744565217391304 0.42201834862385323 0.09646739130434782 0.41997961264016315 0.15353260869565216 0.4016309887869521 0.16847826086956522 0.381243628950051 0.22010869565217392 0.3720693170234455 0.27989130434782605 0.33333333333333337 0.327445652173913 0.2925586136595311 0.3383152173913043 0.2884811416921509 0.35190217391304346 0.2762487257900102 0.35190217391304346 0.25993883792048933 0.2866847826086957 0.22324159021406728 0.2527173913043478 0.23139653414882771 0.22826086956521738 0.23139653414882771 0.19293478260869565 0.24566768603465855 0.14266304347826086 0.2762487257900102 0.09239130434782608 0.3190621814475026 0.07608695652173912 0.3414882772680938 0.057065217391304345 0.399592252803262 0.057065217391304345 0.41692150866462796
50 0.15896739130434784 0.40876656472986744 0.1644021739130435 0.4250764525993884 0.19157608695652173 0.43527013251783897 0.22282608695652173 0.4393476044852192 0.297554347826087 0.43527013251783897 0.3532608695652174 0.4413863404689093 0.4375 0.4271151885830785 0.5040760869565217 0.40061162079510704 0.501358695652174 0.3944954128440367 0.4334239130434782 0.38022426095820594 0.40896739130434784 0.37920489296636084 0.40625 0.382262996941896 0.2907608695652174 0.37104994903160043 0.21059782608695649 0.3761467889908257 0.17391304347826086 0.382262996941896 0.16032608695652173 0.3893985728848114 0.15896739130434784 0.40876656472986744
50 0.30978260869565216 0.3486238532110092 0.32608695652173914 0.36595310907237516 0.3967391304347826 0.37410805300713557 0.4442934782608695 0.37512742099898067 0.46875 0.3700305810397554 0.49864130434782605 0.32619775739041795 0.5475543478260869 0.3394495412844037 0.561141304347826 0.33843017329255864 0.6032608695652174 0.31702344546381245 0.6114130434782609 0.2996941896024465 0.4945652173913043 0.29357798165137616 0.4442934782608695 0.2976554536187564 0.37228260869565216 0.2945973496432212 0.3192934782608695 0.30275229357798167 0.31114130434782605 0.3129459734964322 0.30978260869565216 0.3486238532110092
50 0.4728260869565217 0.38634046890927626 0.514945652173913 0.3944954128440367 0.5434782608695652 0.39245667686034663 0.5964673913043479 0.4046890927624872 0.623641304347826 0.42303771661569833 0.6372282608695652 0.4393476044852192 0.7404891304347826 0.4281345565749236 0.763586956521739 0.42303771661569833 0.7730978260869565 0.41692150866462796 0.7703804347826086 0.4118246687054027 0.6983695652173914 0.3893985728848114 0.6453804347826086 0.36799184505606525 0.5108695652173914 0.3282364933741081 0.501358695652174 0.327217125382263 0.49184782608695654 0.33537206931702346 0.47146739130434784 0.37104994903160043 0.4728260869565217 0.38634046890927626
50 0.6154891304347826 0.33843017329255864 0.6345108695652174 0.36289500509684 0.702445652173913 0.3904179408766565 0.7771739130434783 0.4128440366972478 0.8274456521739131 0.4148827726809379 0.8790760869565217 0.3975535168195719 0.9021739130434783 0.38328236493374107 0.733695652173913 0.2864424057084608 0.6616847826086956 0.25993883792048933 0.6467391304347826 0.26299694189602446 0.6114130434782609 0.3129459734964322 0.6154891304347826 0.33843017329255864
50 0.6277173913043479 0.23037716615698267 0.6440217391304348 0.25891946992864423 0.6589673913043479 0.2579001019367992 0.720108695652174 0.2803261977573904 0.8355978260869564 0.34658511722731905 0.8478260869565217 0.34658511722731905 0.8668478260869564 0.3312945973496432 0.8682065217391305 0.32415902140672787 0.8451086956521738 0.30479102956167176 0.7744565217391304 0.25891946992864423 0.7350543478260869 0.23955147808358818 0.6467391304347826 0.20693170234454641 0.6317934782608695 0.20998980632008157 0.6277173913043479 0.2161060142711519 0.6277173913043479 0.23037716615698267
50 0.4904891304347826 0.16207951070336393 0.5244565217391304 0.18042813455657494 0.5339673913043479 0.1906218144750255 0.529891304347826 0.2385321100917431 0.5176630434782609 0.2650356778797146 0.5217391304347826 0.27522935779816515 0.5489130434782609 0.2925586136595311 0.577445652173913 0.29357798165137616 0.5985054347826086 0.28236493374108057 0.6209239130434783 0.2833843017329256 0.6358695652173914 0.2650356778797146 0.625 0.22120285423037717 0.639945652173913 0.20183486238532108 0.638586956521739 0.17838939857288483 0.6019021739130435 0.08460754332313966 0.5692934782608695 0.04892966360856269 0.5434782608695652 0.03873598369011213 0.53125 0.04281345565749235 0.5054347826086956 0.07747196738022426 0.48777173913043476 0.12436289500509685 0.4904891304347826 0.16207951070336393
50 0.1875 0.17329255861365953 0.23097826086956524 0.22629969418960244 0.24456521739130435 0.23037716615698267 0.28532608695652173 0.22120285423037717 0.33016304347826086 0.24260958205912336 0.35190217391304346 0.2579001019367992 0.35733695652173914 0.2691131498470948 0.34375 0.2884811416921509 0.3559782608695652 0.29357798165137616 0.42391304347826086 0.29561671763506625 0.47146739130434784 0.290519877675841 0.5122282608695652 0.2670744138634047 0.5258152173913043 0.24566768603465855 0.529891304347826 0.22426095820591235 0.5258152173913043 0.18654434250764526 0.4932065217391304 0.16921508664627932 0.47690217391304346 0.15494393476044852 0.34103260869565216 0.14678899082568808 0.264945652173913 0.1529051987767584 0.19021739130434784 0.1651376146788991 0.1875 0.17329255861365953