4 0.8 0.2625 0.8109375 0.2640625 0.828125 0.2734375 0.8484375 0.2765625 0.875 0.2921875 0.88125 0.29375 0.8984375 0.309375 0.9125 0.3171875 0.921875 0.3265625 0.925 0.33125 0.925 0.3359375 0.909375 0.3421875 0.8921875 0.34375 0.8765625 0.3484375 0.8484375 0.3625 0.8390625 0.3625 0.821875 0.3765625 0.815625 0.3875 0.8140625 0.3953125 0.8015625 0.4109375 0.8015625 0.4171875 0.7953125 0.434375 0.7984375 0.459375 0.796875 0.4671875 0.7921875 0.471875 0.7765625 0.471875 0.771875 0.4671875 0.75 0.4234375 0.7078125 0.3859375 0.6984375 0.3796875 0.68125 0.375 0.671875 0.36875 0.6546875 0.365625 0.6484375 0.3625 0.646875 0.359375 0.65625 0.340625 0.65625 0.3328125 0.653125 0.328125 0.6546875 0.325 0.6640625 0.3171875 0.66875 0.309375 0.671875 0.309375 0.678125 0.303125 0.6859375 0.3 0.7 0.2875 0.7140625 0.2859375 0.73125 0.2734375 0.75 0.2671875 0.759375 0.2671875 0.7640625 0.2640625 0.775 0.2625 0.7984375 0.2625
4 0.8 0.4765625 0.8140625 0.50625 0.8234375 0.5140625 0.8296875 0.521875 0.834375 0.5328125 0.853125 0.5515625 0.8578125 0.5609375 0.85625 0.5625 0.85625 0.609375 0.853125 0.6125 0.828125 0.615625 0.81875 0.6203125 0.8125 0.6203125 0.809375 0.6171875 0.8109375 0.615625 0.8109375 0.6109375 0.8078125 0.60625 0.809375 0.596875 0.803125 0.58125 0.803125 0.5703125 0.796875 0.559375 0.790625 0.528125 0.78125 0.50625 0.78125 0.5 0.775 0.484375 0.778125 0.478125 0.7984375 0.4765625
4 0.9453125 0.6140625 0.959375 0.6203125 0.978125 0.625 0.9984375 0.6390625 0.9984375 0.7609375 0.9796875 0.7703125 0.965625 0.7828125 0.959375 0.784375 0.953125 0.790625 0.95 0.790625 0.9296875 0.803125 0.925 0.8015625 0.925 0.790625 0.9203125 0.7765625 0.9171875 0.7484375 0.9140625 0.7421875 0.9015625 0.725 0.8875 0.7125 0.884375 0.7046875 0.871875 0.690625 0.8640625 0.6859375 0.8515625 0.6828125 0.8484375 0.6796875 0.84375 0.6796875 0.8421875 0.6765625 0.834375 0.6765625 0.83125 0.6734375 0.8265625 0.6734375 0.8234375 0.6703125 0.803125 0.665625 0.79375 0.665625 0.7890625 0.6625 0.78125 0.6625 0.778125 0.6546875 0.7828125 0.6453125 0.7984375 0.63125 0.80625 0.628125 0.8140625 0.628125 0.821875 0.625 0.8234375 0.621875 0.8375 0.6171875 0.85625 0.6171875 0.8625 0.6140625 0.903125 0.6125 0.9046875 0.6109375 0.928125 0.6109375 0.94375 0.6140625
4 0.89375 0.4265625 0.9078125 0.4140625 0.9109375 0.4140625 0.91875 0.4078125 0.9359375 0.403125 0.9390625 0.4 0.9453125 0.4 0.9484375 0.396875 0.9578125 0.396875 0.9609375 0.39375 0.9703125 0.3921875 0.996875 0.3921875 0.9984375 0.39375 0.9984375 0.4484375 0.9890625 0.4515625 0.9703125 0.453125 0.9671875 0.45625 0.9484375 0.459375 0.9453125 0.4625 0.91875 0.471875 0.8984375 0.490625 0.8953125 0.4984375 0.8875 0.5078125 0.884375 0.515625 0.8765625 0.5234375 0.8703125 0.5359375 0.865625 0.5359375 0.859375 0.509375 0.8609375 0.478125 0.865625 0.4640625 0.865625 0.4546875 0.875 0.4453125 0.88125 0.44375 0.89375 0.428125
4 0.6296875 0.709375 0.659375 0.715625 0.66875 0.715625 0.671875 0.71875 0.6890625 0.721875 0.7171875 0.734375 0.7328125 0.7484375 0.7390625 0.7546875 0.7484375 0.7734375 0.759375 0.7828125 0.7703125 0.7984375 0.7734375 0.8140625 0.7796875 0.825 0.78125 0.8484375 0.7703125 0.8765625 0.7578125 0.884375 0.7515625 0.884375 0.7484375 0.8875 0.7421875 0.8875 0.7390625 0.890625 0.7328125 0.890625 0.696875 0.903125 0.6015625 0.9234375 0.584375 0.9234375 0.584375 0.9203125 0.6015625 0.9 0.615625 0.875 0.61875 0.8609375 0.61875 0.83125 0.6203125 0.8296875 0.61875 0.8015625 0.6125 0.7859375 0.603125 0.771875 0.5703125 0.74375 0.553125 0.7359375 0.553125 0.728125 0.5625 0.71875 0.575 0.7140625 0.5828125 0.7140625 0.5984375 0.709375 0.628125 0.709375
4 0.90625 0.484375 0.91875 0.4734375 0.9359375 0.46875 0.9515625 0.4609375 0.9671875 0.4578125 0.971875 0.4546875 0.9984375 0.4515625 0.9984375 0.6328125 0.9921875 0.63125 0.9875 0.6265625 0.975 0.6203125 0.96875 0.6203125 0.9390625 0.609375 0.8625 0.609375 0.859375 0.603125 0.859375 0.5796875 0.865625 0.5515625 0.875 0.5296875 0.896875 0.5 0.8984375 0.49375 0.90625 0.4859375
4 0.6140625 0.3171875 0.61875 0.3203125 0.634375 0.3203125 0.6453125 0.3234375 0.6484375 0.3265625 0.6515625 0.3328125 0.6515625 0.34375 0.64375 0.359375 0.6359375 0.359375 0.634375 0.35625 0.584375 0.3453125 0.5796875 0.3421875 0.5734375 0.3421875 0.5703125 0.3390625 0.5640625 0.3390625 0.5609375 0.3359375 0.553125 0.3359375 0.546875 0.3328125 0.5546875 0.3265625 0.5703125 0.3203125 0.6125 0.3171875
4 0.490625 0.725 0.5109375 0.73125 0.525 0.73125 0.53125 0.734375 0.5390625 0.734375 0.5421875 0.7375 0.5515625 0.7390625 0.571875 0.7484375 0.6 0.771875 0.6140625 0.7953125 0.6171875 0.8140625 0.6140625 0.8703125 0.603125 0.89375 0.5828125 0.91875 0.578125 0.9234375 0.565625 0.928125 0.4984375 0.934375 0.428125 0.934375 0.4171875 0.93125 0.4078125 0.93125 0.3984375 0.9265625 0.36875 0.8875 0.36875 0.878125 0.3578125 0.85 0.3578125 0.8234375 0.3609375 0.809375 0.365625 0.7953125 0.3796875 0.778125 0.3984375 0.76875 0.4109375 0.765625 0.4234375 0.7578125 0.428125 0.753125 0.4375 0.734375 0.4421875 0.73125 0.46875 0.725 0.4890625 0.725
4 0.821875 0.6734375 0.83125 0.678125 0.846875 0.68125 0.85625 0.6875 0.8625 0.6875 0.8703125 0.6921875 0.884375 0.709375 0.884375 0.7125 0.903125 0.73125 0.915625 0.7515625 0.915625 0.7671875 0.921875 0.79375 0.921875 0.803125 0.9171875 0.8109375 0.8640625 0.8421875 0.7875 0.8734375 0.7765625 0.8734375 0.7765625 0.8671875 0.784375 0.85 0.7859375 0.8390625 0.78125 0.8203125 0.7765625 0.8125 0.7703125 0.7921875 0.7515625 0.7734375 0.74375 0.75625 0.7359375 0.746875 0.7140625 0.7296875 0.6953125 0.7203125 0.6890625 0.7203125 0.6796875 0.715625 0.675 0.7125 0.675 0.709375 0.6890625 0.6953125 0.70625 0.6921875 0.734375 0.678125 0.7546875 0.675 0.759375 0.671875 0.7703125 0.671875 0.7734375 0.66875 0.790625 0.66875 0.7875 0.671875 0.7890625 0.6734375 0.8203125 0.6734375
4 0.9625 0.3375 0.9796875 0.34375 0.9984375 0.346875 0.9984375 0.3875 0.9703125 0.3890625 0.965625 0.3921875 0.9375 0.3984375 0.9265625 0.4046875 0.9171875 0.40625 0.915625 0.409375 0.90625 0.4125 0.8890625 0.4296875 0.884375 0.4390625 0.8703125 0.4453125 0.865625 0.45 0.8578125 0.4875 0.8578125 0.5140625 0.859375 0.5234375 0.8640625 0.5328125 0.8640625 0.546875 0.859375 0.5515625 0.8546875 0.55 0.8359375 0.5296875 0.8328125 0.5203125 0.8140625 0.5 0.80625 0.4828125 0.803125 0.475 0.803125 0.4640625 0.8 0.453125 0.8 0.4296875 0.803125 0.4171875 0.8078125 0.4078125 0.815625 0.4015625 0.8234375 0.38125 0.853125 0.3640625 0.8546875 0.3609375 0.871875 0.35625 0.890625 0.346875 0.9046875 0.346875 0.9125 0.34375 0.9203125 0.34375 0.93125 0.3375 0.9609375 0.3375
29 0.20380434782608697 0.4597349643221203 0.2078804347826087 0.4913353720693171 0.20516304347826084 0.49847094801223246 0.1779891304347826 0.5076452599388379 0.1766304347826087 0.5361875637104995 0.2595108695652174 0.7798165137614679 0.28532608695652173 0.8409785932721713 0.2921195652173913 0.8521916411824669 0.3029891304347826 0.8572884811416921 0.30978260869565216 0.8460754332313967 0.32608695652173914 0.8358817533129461 0.327445652173913 0.8287461773700306 0.3383152173913043 0.8318042813455658 0.34510869565217395 0.8073394495412843 0.3532608695652174 0.799184505606524 0.38315217391304346 0.7726809378185525 0.4157608695652174 0.7584097859327217 0.4334239130434782 0.7339449541284404 0.47010869565217395 0.7003058103975535 0.4932065217391304 0.6615698267074415 0.49864130434782605 0.6320081549439347 0.45652173913043476 0.5198776758409787 0.3654891304347826 0.41692150866462796 0.2595108695652174 0.39653414882772686 0.19429347826086957 0.3944954128440367 0.18070652173913043 0.39857288481141695 0.20380434782608697 0.4597349643221203
29 0.4307065217391305 0.4413863404689093 0.45516304347826086 0.48929663608562696 0.45652173913043476 0.5076452599388379 0.5081521739130435 0.654434250764526 0.563858695652174 0.7054026503567787 0.5883152173913043 0.7064220183486238 0.5978260869565217 0.7003058103975535 0.6168478260869565 0.7003058103975535 0.6358695652173914 0.7064220183486238 0.6644021739130435 0.7074413863404689 0.6970108695652174 0.6880733944954128 0.751358695652174 0.6676860346585117 0.7907608695652174 0.6299694189602446 0.8057065217391305 0.598369011213048 0.782608695652174 0.5147808358817534 0.7567934782608695 0.4454638124362895 0.7404891304347826 0.4189602446483181 0.7146739130434783 0.39653414882772686 0.6915760869565217 0.382262996941896 0.626358695652174 0.35677879714576965 0.5502717391304348 0.33537206931702346 0.5230978260869565 0.3343527013251784 0.501358695652174 0.33741080530071355 0.48369565217391297 0.3476044852191641 0.42934782608695654 0.4097859327217125 0.4307065217391305 0.4413863404689093
29 0.29891304347826086 0.39857288481141695 0.35190217391304346 0.4128440366972478 0.37228260869565216 0.4240570846075434 0.45108695652173914 0.5045871559633028 0.44565217391304346 0.47808358817533125 0.4225543478260869 0.42915392456676865 0.42934782608695654 0.39653414882772686 0.44972826086956524 0.3893985728848114 0.4470108695652174 0.3730886850152905 0.4103260869565217 0.3516819571865443 0.3546195652173913 0.32925586136595314 0.32608695652173914 0.327217125382263 0.2934782608695652 0.3343527013251784 0.29891304347826086 0.39857288481141695