52 0.21805555555555553 0.8376470588235294 0.22361111111111112 0.851764705882353 0.24722222222222218 0.8729411764705881 0.2722222222222222 0.8835294117647059 0.32916666666666666 0.891764705882353 0.4180555555555555 0.8905882352941177 0.43888888888888883 0.8870588235294118 0.4569444444444444 0.8741176470588234 0.45555555555555555 0.8541176470588235 0.40555555555555556 0.7835294117647058 0.3722222222222222 0.7505882352941177 0.34444444444444444 0.7364705882352941 0.31666666666666665 0.7317647058823529 0.2930555555555555 0.7364705882352941 0.2847222222222222 0.7458823529411764 0.28055555555555556 0.7647058823529411 0.2944444444444444 0.7952941176470588 0.2722222222222222 0.8023529411764706 0.23055555555555554 0.8035294117647058 0.2208333333333333 0.8152941176470587 0.21805555555555553 0.8376470588235294
52 0 0.8164705882352941 0.0027777777777777775 0.868235294117647 0.07638888888888888 0.876470588235294 0.15694444444444444 0.8729411764705881 0.18055555555555552 0.8670588235294117 0.2 0.8552941176470588 0.21527777777777776 0.8352941176470589 0.225 0.8047058823529412 0.22222222222222224 0.7894117647058823 0.1986111111111111 0.7741176470588236 0.1736111111111111 0.7741176470588236 0.1625 0.7682352941176471 0.17916666666666664 0.74 0.17777777777777776 0.7341176470588235 0.1638888888888889 0.7258823529411764 0.12916666666666665 0.7223529411764706 0.10694444444444444 0.7270588235294118 0.07916666666666666 0.74 0.043055555555555555 0.7717647058823529 0 0.8164705882352941
52 0.45555555555555555 0.9341176470588236 0.4625 0.9541176470588235 0.5027777777777778 0.9988235294117647 0.6097222222222223 0.9988235294117647 0.6277777777777778 0.9388235294117647 0.6152777777777778 0.8941176470588236 0.6166666666666666 0.8729411764705881 0.6083333333333333 0.8635294117647059 0.5833333333333333 0.8552941176470588 0.5694444444444444 0.8564705882352941 0.548611111111111 0.9047058823529411 0.5347222222222222 0.9105882352941176 0.47777777777777775 0.8823529411764707 0.46388888888888885 0.8894117647058823 0.4569444444444444 0.9023529411764706 0.45555555555555555 0.9341176470588236
52 0.6194444444444444 0.9070588235294117 0.6347222222222222 0.951764705882353 0.65 0.9752941176470588 0.6805555555555556 0.9952941176470589 0.6986111111111111 0.9964705882352941 0.7222222222222221 0.9870588235294118 0.7819444444444443 0.9329411764705883 0.8027777777777777 0.891764705882353 0.7944444444444444 0.8611764705882352 0.7722222222222221 0.8435294117647059 0.7430555555555556 0.8458823529411765 0.7166666666666666 0.8623529411764705 0.6944444444444444 0.851764705882353 0.6944444444444444 0.8423529411764706 0.6777777777777778 0.828235294117647 0.6402777777777777 0.8364705882352942 0.6194444444444444 0.8658823529411764 0.6194444444444444 0.9070588235294117
52 0.6138888888888888 0.7317647058823529 0.6986111111111111 0.8164705882352941 0.7291666666666666 0.8388235294117647 0.7444444444444444 0.8435294117647059 0.7597222222222222 0.8376470588235294 0.8180555555555555 0.7941176470588236 0.8222222222222222 0.7717647058823529 0.8180555555555555 0.7564705882352941 0.7958333333333333 0.7411764705882353 0.8291666666666666 0.7129411764705882 0.8319444444444445 0.6976470588235294 0.8236111111111111 0.6811764705882353 0.7930555555555555 0.6564705882352941 0.7597222222222222 0.6494117647058824 0.6861111111111111 0.6505882352941177 0.6402777777777777 0.6576470588235294 0.6055555555555555 0.6717647058823529 0.6138888888888888 0.7317647058823529
52 0.8333333333333333 0.7164705882352942 0.8833333333333332 0.7352941176470588 0.8805555555555555 0.7494117647058823 0.826388888888889 0.7752941176470588 0.8319444444444445 0.8223529411764705 0.8861111111111111 0.8541176470588235 0.9069444444444444 0.851764705882353 0.923611111111111 0.8435294117647059 0.9986111111111111 0.7847058823529411 0.9986111111111111 0.6870588235294117 0.9180555555555555 0.6576470588235294 0.8777777777777777 0.6505882352941177 0.8416666666666666 0.6564705882352941 0.8305555555555555 0.6823529411764706 0.8333333333333333 0.7164705882352942
52 0.7069444444444444 0.6188235294117648 0.7263888888888889 0.6305882352941177 0.8416666666666666 0.628235294117647 0.8694444444444445 0.6258823529411764 0.925 0.608235294117647 0.9527777777777777 0.5870588235294117 0.9555555555555555 0.5705882352941176 0.9402777777777777 0.5529411764705883 0.9 0.5529411764705883 0.8722222222222221 0.5458823529411765 0.8652777777777777 0.5341176470588235 0.8763888888888889 0.49764705882352944 0.8166666666666667 0.4564705882352941 0.7680555555555555 0.491764705882353 0.7333333333333333 0.5352941176470588 0.7027777777777777 0.5905882352941176 0.7069444444444444 0.6188235294117648
52 0.4027777777777778 0.7482352941176471 0.4097222222222222 0.7588235294117647 0.45138888888888884 0.7647058823529411 0.49444444444444435 0.74 0.5222222222222223 0.7447058823529412 0.5347222222222222 0.7917647058823529 0.5569444444444444 0.8035294117647058 0.5805555555555555 0.8011764705882353 0.6013888888888889 0.7764705882352941 0.6097222222222223 0.7329411764705882 0.6013888888888889 0.6635294117647058 0.5819444444444444 0.6117647058823529 0.575 0.6094117647058823 0.46805555555555556 0.6435294117647059 0.4208333333333333 0.6882352941176471 0.4027777777777778 0.7188235294117648 0.4027777777777778 0.7482352941176471
52 0.45972222222222225 0.6094117647058823 0.4694444444444444 0.6258823529411764 0.4875 0.6329411764705882 0.5777777777777777 0.6070588235294118 0.6291666666666667 0.5847058823529412 0.6694444444444444 0.548235294117647 0.6819444444444444 0.5152941176470589 0.6513888888888888 0.488235294117647 0.6208333333333333 0.49058823529411766 0.5888888888888888 0.5023529411764706 0.5777777777777777 0.49764705882352944 0.5722222222222222 0.4894117647058824 0.5763888888888888 0.4376470588235294 0.5569444444444444 0.42000000000000004 0.5347222222222222 0.41647058823529415 0.5013888888888889 0.43176470588235294 0.4736111111111111 0.4658823529411765 0.4611111111111111 0.4988235294117647 0.4583333333333333 0.536470588235294 0.45972222222222225 0.6094117647058823
52 0.5805555555555555 0.41647058823529415 0.5847222222222223 0.4341176470588235 0.6 0.44941176470588234 0.6333333333333333 0.4470588235294118 0.7055555555555555 0.4294117647058823 0.7486111111111111 0.40823529411764703 0.7472222222222221 0.3917647058823529 0.7541666666666667 0.3835294117647059 0.75 0.37176470588235294 0.7416666666666666 0.36705882352941177 0.7305555555555555 0.37058823529411766 0.6597222222222221 0.3423529411764706 0.6638888888888889 0.3023529411764706 0.6583333333333333 0.2988235294117647 0.6472222222222221 0.30117647058823527 0.6430555555555555 0.2929411764705882 0.6388888888888888 0.2941176470588235 0.6152777777777778 0.27176470588235296 0.6027777777777777 0.2858823529411765 0.6027777777777777 0.29647058823529415 0.5902777777777778 0.3070588235294117 0.5833333333333333 0.33294117647058824 0.5805555555555555 0.41647058823529415
52 0.36111111111111105 0.2458823529411765 0.39305555555555555 0.27294117647058824 0.41666666666666663 0.2847058823529412 0.5083333333333333 0.3070588235294117 0.5375 0.30823529411764705 0.5611111111111111 0.29647058823529415 0.5638888888888889 0.2788235294117647 0.5569444444444444 0.2388235294117647 0.5111111111111111 0.16823529411764707 0.4694444444444444 0.18823529411764706 0.4666666666666666 0.1952941176470588 0.4541666666666666 0.1988235294117647 0.4375 0.18705882352941178 0.4263888888888888 0.20470588235294115 0.41666666666666663 0.1988235294117647 0.4041666666666666 0.1988235294117647 0.3583333333333333 0.2176470588235294 0.36111111111111105 0.2458823529411765
52 0.2958333333333333 0.4105882352941176 0.2986111111111111 0.4235294117647059 0.3083333333333333 0.4329411764705882 0.33055555555555555 0.43882352941176467 0.34305555555555556 0.43647058823529405 0.4736111111111111 0.36588235294117644 0.4847222222222222 0.3341176470588235 0.4847222222222222 0.3188235294117647 0.475 0.3070588235294117 0.45138888888888884 0.29647058823529415 0.41666666666666663 0.3129411764705882 0.3958333333333333 0.3176470588235294 0.3875 0.3 0.3902777777777778 0.2741176470588235 0.3694444444444444 0.25764705882352945 0.34444444444444444 0.24823529411764705 0.3083333333333333 0.2541176470588235 0.3 0.26705882352941174 0.2958333333333333 0.4105882352941176
52 0.26944444444444443 0.5635294117647058 0.2777777777777778 0.5788235294117647 0.31805555555555554 0.5729411764705883 0.35416666666666663 0.588235294117647 0.41388888888888886 0.5741176470588235 0.44027777777777777 0.5623529411764705 0.45138888888888884 0.5470588235294118 0.45555555555555555 0.5235294117647059 0.43888888888888883 0.5 0.4083333333333333 0.5023529411764706 0.3986111111111111 0.4988235294117647 0.3847222222222222 0.48 0.39444444444444443 0.44941176470588234 0.37916666666666665 0.43882352941176467 0.35416666666666663 0.4329411764705882 0.325 0.4447058823529412 0.2986111111111111 0.47058823529411764 0.2708333333333333 0.5411764705882354 0.26944444444444443 0.5635294117647058
52 0.15277777777777776 0.6729411764705883 0.17638888888888887 0.6976470588235294 0.1986111111111111 0.7141176470588235 0.275 0.7447058823529412 0.3069444444444444 0.7294117647058823 0.35277777777777775 0.7352941176470588 0.3680555555555555 0.72 0.37361111111111106 0.6799999999999999 0.36666666666666664 0.6247058823529412 0.3486111111111111 0.5894117647058823 0.32916666666666666 0.5776470588235294 0.3 0.5764705882352941 0.2708333333333333 0.588235294117647 0.26666666666666666 0.5976470588235294 0.2708333333333333 0.6329411764705882 0.26666666666666666 0.6352941176470588 0.24027777777777776 0.6223529411764706 0.20416666666666666 0.6141176470588234 0.16666666666666666 0.628235294117647 0.14861111111111108 0.6458823529411765 0.15277777777777776 0.6729411764705883
52 0.07916666666666666 0.648235294117647 0 0.648235294117647 0 0.7564705882352941 0.05694444444444444 0.7517647058823529 0.09305555555555554 0.7305882352941176 0.1472222222222222 0.7164705882352942 0.15416666666666665 0.6952941176470588 0.14444444444444443 0.6799999999999999 0.10833333333333332 0.6494117647058824 0.09305555555555554 0.6447058823529412 0.07916666666666666 0.648235294117647
52 0.02361111111111111 0.5223529411764706 0.06944444444444445 0.5623529411764705 0.0027777777777777775 0.5905882352941176 0 0.6470588235294118 0.10277777777777777 0.6423529411764706 0.20833333333333331 0.6105882352941177 0.23194444444444443 0.5941176470588235 0.2347222222222222 0.5705882352941176 0.20972222222222223 0.5341176470588235 0.15833333333333333 0.4894117647058824 0.1222222222222222 0.4670588235294118 0.09027777777777776 0.4552941176470588 0.05277777777777778 0.45176470588235296 0.034722222222222224 0.45999999999999996 0.02361111111111111 0.49058823529411766 0.02361111111111111 0.5223529411764706
52 0.04861111111111111 0.39647058823529413 0.0736111111111111 0.4141176470588235 0.10138888888888889 0.42705882352941177 0.15555555555555553 0.4423529411764706 0.25416666666666665 0.45999999999999996 0.2833333333333333 0.45294117647058824 0.2930555555555555 0.4423529411764706 0.28888888888888886 0.4211764705882353 0.23194444444444443 0.3070588235294117 0.18888888888888888 0.2823529411764706 0.175 0.2823529411764706 0.14166666666666666 0.2952941176470588 0.14861111111111108 0.3247058823529412 0.1625 0.34352941176470586 0.15277777777777776 0.3576470588235294 0.125 0.35058823529411764 0.07777777777777777 0.3564705882352941 0.05 0.3811764705882353 0.04861111111111111 0.39647058823529413
52 0.06527777777777778 0.1988235294117647 0.07777777777777777 0.22705882352941176 0.1 0.2611764705882353 0.11388888888888889 0.27176470588235296 0.14305555555555555 0.29058823529411765 0.1736111111111111 0.28117647058823525 0.19583333333333333 0.2835294117647059 0.2347222222222222 0.30823529411764705 0.2458333333333333 0.32823529411764707 0.2652777777777778 0.3211764705882353 0.2763888888888889 0.29764705882352943 0.2875 0.23411764705882354 0.2861111111111111 0.19411764705882353 0.28055555555555556 0.16823529411764707 0.24861111111111112 0.12941176470588237 0.23194444444444443 0.12352941176470589 0.18055555555555552 0.13647058823529412 0.17777777777777776 0.19294117647058823 0.1625 0.20705882352941174 0.13194444444444445 0.18823529411764706 0.10416666666666666 0.16352941176470587 0.08888888888888888 0.16470588235294117 0.06666666666666667 0.1776470588235294 0.06527777777777778 0.1988235294117647
52 0 0.3317647058823529 0.05416666666666666 0.33647058823529413 0.09722222222222222 0.3129411764705882 0.10277777777777777 0.2988235294117647 0.10138888888888889 0.2752941176470588 0.05694444444444444 0.18823529411764706 0.043055555555555555 0.17058823529411765 0.0027777777777777775 0.14470588235294118 0 0.3317647058823529
51 0.5597222222222222 0.18235294117647058 0.5708333333333333 0.1952941176470588 0.5708333333333333 0.20470588235294115 0.5583333333333333 0.20588235294117646 0.5583333333333333 0.21294117647058824 0.5791666666666666 0.22705882352941176 0.5888888888888888 0.22470588235294117 0.6013888888888889 0.24352941176470586 0.65 0.2788235294117647 0.675 0.28117647058823525 0.7291666666666666 0.27647058823529413 0.7638888888888888 0.2647058823529412 0.7875 0.2635294117647059 0.8055555555555556 0.24823529411764705 0.8 0.18235294117647058 0.7777777777777778 0.16705882352941176 0.7472222222222221 0.1341176470588235 0.7083333333333333 0.11411764705882352 0.6711805555555556 0.11176470588235295 0.6472222222222221 0.10470588235294118 0.611111111111111 0.11764705882352941 0.5986111111111111 0.11764705882352941 0.5888888888888888 0.12705882352941175 0.586111111111111 0.1588235294117647 0.5597222222222222 0.16470588235294117 0.5597222222222222 0.18235294117647058
51 0.7319444444444444 0.28941176470588237 0.7666666666666666 0.3035294117647059 0.7541666666666667 0.3341176470588235 0.773611111111111 0.36588235294117644 0.8055555555555556 0.38823529411764707 0.8430555555555556 0.40470588235294114 0.8902777777777777 0.41529411764705887 0.9333333333333332 0.4023529411764706 0.9569444444444445 0.40352941176470586 0.9638888888888888 0.3729411764705882 0.9555555555555555 0.2988235294117647 0.9361111111111111 0.27176470588235296 0.9125 0.2552941176470588 0.888888888888889 0.24941176470588236 0.8652777777777777 0.23411764705882354 0.8527777777777776 0.24117647058823527 0.8430555555555556 0.2388235294117647 0.8152777777777777 0.24823529411764705 0.7763888888888888 0.2705882352941177 0.7625 0.268235294117647 0.7305555555555555 0.2788235294117647 0.7319444444444444 0.28941176470588237
51 0.6347222222222222 0.06470588235294118 0.6583333333333333 0.07882352941176471 0.6805555555555556 0.10705882352941176 0.7194444444444443 0.11647058823529413 0.7638888888888888 0.1411764705882353 0.8111111111111111 0.12941176470588237 0.7972222222222222 0.11647058823529413 0.7972222222222222 0.10470588235294118 0.8083333333333332 0.09411764705882353 0.8166666666666667 0.09058823529411765 0.8444444444444444 0.09294117647058824 0.8319444444444445 0.02823529411764706 0.8125 0 0.6902777777777778 0 0.6569444444444443 0.027058823529411764 0.6361111111111111 0.05411764705882353 0.6347222222222222 0.06470588235294118
51 0.798611111111111 0.11411764705882352 0.8152777777777777 0.12588235294117647 0.8166666666666667 0.1341176470588235 0.7722222222222221 0.14470588235294118 0.7722222222222221 0.15764705882352942 0.7930555555555555 0.17176470588235293 0.8180555555555555 0.1764705882352941 0.8069444444444445 0.20941176470588235 0.8125 0.23176470588235293 0.9180555555555555 0.2541176470588235 0.9986111111111111 0.26235294117647057 0.9986111111111111 0.05529411764705883 0.986111111111111 0.06 0.9333333333333332 0.049411764705882356 0.8652777777777777 0.08352941176470588 0.851388888888889 0.0976470588235294 0.8180555555555555 0.09176470588235294 0.8055555555555556 0.09882352941176471 0.798611111111111 0.11411764705882352
51 0.8166666666666667 0 0.8333333333333333 0.027058823529411764 0.851388888888889 0.08588235294117647 0.8555555555555555 0.08823529411764705 0.8875 0.07411764705882354 0.9388888888888888 0.04588235294117647 0.9625 0 0.8166666666666667 0