3 0.03940217391304347 0.3203266787658802 0.0625 0.33575317604355714 0.12228260869565218 0.3629764065335753 0.21739130434782608 0.397459165154265 0.21875 0.40108892921960076 0.264945652173913 0.42014519056261346 0.3233695652173913 0.4528130671506353 0.39402173913043476 0.500907441016334 0.46739130434782605 0.5680580762250453 0.514945652173913 0.6215970961887478 0.5665760869565217 0.6996370235934665 0.6154891304347826 0.7912885662431942 0.6467391304347826 0.8303085299455535 0.6725543478260869 0.852994555353902 0.7105978260869565 0.8629764065335754 0.7133152173913043 0.8675136116152451 0.717391304347826 0.8611615245009074 0.7350543478260869 0.8584392014519058 0.7554347826086956 0.8484573502722323 0.7690217391304348 0.8275862068965518 0.7730978260869565 0.7640653357531761 0.7595108695652174 0.7123411978221416 0.733695652173913 0.6524500907441017 0.7078804347826086 0.6034482758620691 0.654891304347826 0.5235934664246824 0.6154891304347826 0.4791288566243194 0.5434782608695652 0.411978221415608 0.46739130434782605 0.3611615245009075 0.4021739130434782 0.3257713248638839 0.30978260869565216 0.2931034482758621 0.22282608695652173 0.27041742286751363 0.16847826086956522 0.2676950998185118 0.1331521739130435 0.27041742286751363 0.10326086956521738 0.27858439201451907 0.04076086956521739 0.30943738656987296 0.03940217391304347 0.3203266787658802
56 0.23369565217391303 0.20508166969147007 0.2391304347826087 0.2132486388384755 0.25407608695652173 0.2132486388384755 0.2758152173913043 0.20235934664246824 0.31385869565217395 0.20417422867513615 0.33967391304347827 0.2159709618874773 0.45244565217391297 0.20235934664246824 0.4619565217391305 0.20689655172413796 0.49728260869565216 0.20417422867513615 0.5081521739130435 0.21052631578947373 0.5475543478260869 0.2150635208711434 0.5529891304347826 0.2241379310344828 0.5883152173913043 0.24773139745916514 0.6752717391304348 0.2894736842105263 0.717391304347826 0.3139745916515427 0.7771739130434783 0.35934664246823955 0.8423913043478259 0.4292196007259529 0.8586956521739131 0.456442831215971 0.8790760869565217 0.5081669691470054 0.8967391304347826 0.605263157894737 0.8872282608695652 0.7250453720508168 0.892663043478261 0.7858439201451907 0.8899456521739131 0.8194192377495464 0.8940217391304348 0.8284936479128857 0.9171195652173912 0.8411978221415609 0.9456521739130433 0.8430127041742287 0.9986413043478259 0.8049001814882033 0.9986413043478259 0.30580762250453725 0.9619565217391305 0.26860254083484575 0.8940217391304348 0.21960072595281308 0.8111413043478259 0.17876588021778586 0.7255434782608695 0.1533575317604356 0.6684782608695652 0.14519056261343014 0.6019021739130435 0.15063520871143377 0.5067934782608695 0.16969147005444646 0.4103260869565217 0.16969147005444646 0.37092391304347827 0.1651542649727768 0.3029891304347826 0.16424682395644283 0.2608695652173913 0.1724137931034483 0.24048913043478262 0.1941923774954628 0.23369565217391303 0.20508166969147007
4 0.1644021739130435 0.5735027223230491 0.19429347826086957 0.605263157894737 0.19701086956521738 0.6225045372050817 0.2391304347826087 0.6424682395644283 0.26902173913043476 0.6433756805807623 0.30978260869565216 0.6279491833030854 0.33695652173913043 0.6088929219600726 0.3546195652173913 0.5825771324863884 0.3532608695652174 0.5535390199637024 0.34782608695652173 0.543557168784029 0.33016304347826086 0.5245009074410164 0.296195652173913 0.5081669691470054 0.24592391304347827 0.5108892921960073 0.21603260869565216 0.5181488203266789 0.1875 0.5344827586206897 0.16576086956521738 0.5598911070780399 0.1644021739130435 0.5735027223230491
4 0.10326086956521738 0.49364791288566245 0.10869565217391304 0.5090744101633394 0.11548913043478262 0.5172413793103449 0.13858695652173914 0.5235934664246824 0.1779891304347826 0.5217785843920145 0.21875 0.5108892921960073 0.24048913043478262 0.5018148820326679 0.2554347826086957 0.48366606170598914 0.23505434782608697 0.45916515426497284 0.20244565217391303 0.4382940108892922 0.18206521739130435 0.4310344827586207 0.15625 0.4382940108892922 0.13451086956521738 0.4373865698729583 0.11956521739130435 0.441923774954628 0.10461956521739131 0.4673321234119783 0.10326086956521738 0.49364791288566245
4 0.01766304347826087 0.6415607985480944 0.04483695652173913 0.6660617059891107 0.07201086956521739 0.6733212341197823 0.11413043478260869 0.6751361161524502 0.15081521739130435 0.6660617059891107 0.1779891304347826 0.6506352087114338 0.19429347826086957 0.6306715063520871 0.19157608695652173 0.605263157894737 0.17391304347826086 0.5843920145190563 0.1576086956521739 0.5716878402903812 0.11820652173913042 0.5626134301270418 0.06657608695652174 0.5653357531760437 0.03125 0.58983666061706 0.016304347826086956 0.6079854809437386 0.01766304347826087 0.6415607985480944
4 0.006793478260869565 0.5907441016333939 0.01766304347826087 0.604355716878403 0.03260869565217391 0.5871143375680581 0.061724184782608695 0.5676687840290382 0.10869565217391304 0.5607985480943739 0.13722826086956522 0.5644283121597097 0.1576086956521739 0.5716878402903812 0.1644021739130435 0.5562613430127042 0.15081521739130435 0.5317604355716878 0.11277173913043478 0.5190562613430127 0.09239130434782608 0.5190562613430127 0.05027173913043478 0.5281306715063521 0.020380434782608696 0.5390199637023594 0.005434782608695652 0.5644283121597097 0.006793478260869565 0.5907441016333939
4 0.07608695652173912 0.6805807622504537 0.09782608695652174 0.7105263157894737 0.10597826086956522 0.736842105263158 0.12364130434782608 0.7468239564428313 0.14402173913043478 0.7513611615245009 0.1779891304347826 0.7522686025408348 0.19701086956521738 0.7377495462794919 0.22554347826086957 0.7250453720508168 0.2608695652173913 0.7168784029038113 0.26902173913043476 0.7087114337568059 0.26902173913043476 0.6823956442831216 0.2608695652173913 0.6560798548094374 0.20652173913043476 0.6279491833030854 0.1956521739130435 0.6297640653357532 0.18206521739130435 0.6497277676950999 0.15081521739130435 0.6669691470054447 0.11548913043478262 0.6760435571687841 0.07744565217391304 0.6742286751361162 0.07608695652173912 0.6805807622504537
4 0 0.7731397459165155 0.014945652173913044 0.7840290381125227 0.05434782608695652 0.7831215970961888 0.07880434782608695 0.7785843920145191 0.09510869565217392 0.7695099818511797 0.10190217391304349 0.7549909255898367 0.10054347826086955 0.7232304900181489 0.08831521739130435 0.6950998185117967 0.06793478260869565 0.6751361161524502 0.05842391304347826 0.6715063520871143 0.043478260869565216 0.6678765880217786 0.002717391304347826 0.6687840290381126 0 0.7731397459165155
4 0.03260869565217391 0.8484573502722323 0.043478260869565216 0.8620689655172414 0.07065217391304349 0.8802177858439203 0.12907608695652173 0.8956442831215972 0.16304347826086957 0.8883847549909257 0.19021739130434784 0.8738656987295826 0.23505434782608697 0.8411978221415609 0.24456521739130435 0.8284936479128857 0.24320652173913043 0.8203266787658803 0.23369565217391303 0.8121597096188748 0.18478260869565216 0.79491833030853 0.17119565217391303 0.7586206896551724 0.1480978260869565 0.7549909255898367 0.12228260869565218 0.7577132486388385 0.07201086956521739 0.7822141560798548 0.05163043478260869 0.7976406533575318 0.03125 0.82486388384755 0.03260869565217391 0.8484573502722323
4 0.17527173913043476 0.7758620689655172 0.18206521739130435 0.7903811252268602 0.19021739130434784 0.795825771324864 0.2391304347826087 0.8130671506352087 0.2758152173913043 0.8157894736842106 0.28804347826086957 0.7994555353901996 0.3016304347826087 0.7622504537205083 0.3029891304347826 0.7168784029038113 0.28940217391304346 0.7150635208711434 0.2296195652173913 0.7250453720508168 0.1983695652173913 0.7386569872958259 0.1766304347826087 0.7577132486388385 0.17527173913043476 0.7758620689655172
4 0.30027173913043476 0.705989110707804 0.31657608695652173 0.735934664246824 0.33967391304347827 0.7568058076225046 0.3668478260869565 0.76497277676951 0.3872282608695652 0.7695099818511797 0.40896739130434784 0.76497277676951 0.4592391304347826 0.7486388384754992 0.47690217391304346 0.7313974591651543 0.4796195652173913 0.7132486388384756 0.4755434782608695 0.7023593466424682 0.45108695652173914 0.6651542649727767 0.4334239130434782 0.6497277676950999 0.40760869565217395 0.6406533575317604 0.37635869565217395 0.6460980036297641 0.33967391304347827 0.6597096188747732 0.30978260869565216 0.6769509981851181 0.3016304347826087 0.6878402903811253 0.30027173913043476 0.705989110707804
4 0.27717391304347827 0.85480943738657 0.30978260869565216 0.8883847549909257 0.3342391304347826 0.8983666061705989 0.3559782608695652 0.9038112522686026 0.38315217391304346 0.8983666061705989 0.42391304347826086 0.883847549909256 0.44972826086956524 0.8656987295825772 0.4483695652173913 0.8566243194192378 0.4279891304347826 0.8330308529945555 0.42391304347826086 0.795825771324864 0.38315217391304346 0.7794918330308531 0.3532608695652174 0.780399274047187 0.31657608695652173 0.7894736842105263 0.2907608695652174 0.8049001814882033 0.27717391304347827 0.8203266787658803 0.27717391304347827 0.85480943738657
4 0.4307065217391305 0.8357531760435573 0.4619565217391305 0.8720508166969146 0.4741847826086956 0.8747731397459166 0.5339673913043479 0.8711433756805809 0.546195652173913 0.8656987295825772 0.561141304347826 0.8475499092558983 0.5665760869565217 0.808529945553539 0.5543478260869565 0.7794918330308531 0.5339673913043479 0.7604355716878404 0.4959239130434782 0.7586206896551724 0.45108695652173914 0.76497277676951 0.43614130434782605 0.7776769509981851 0.4266304347826087 0.7967332123411979 0.4307065217391305 0.8357531760435573
4 0.26766304347826086 0.7168784029038113 0.30027173913043476 0.7150635208711434 0.29891304347826086 0.7087114337568059 0.2907608695652174 0.705989110707804 0.27989130434782605 0.705989110707804 0.26902173913043476 0.7123411978221416 0.26766304347826086 0.7168784029038113
4 0.2866847826086957 0.8021778584392015 0.30842391304347827 0.7931034482758621 0.36752717391304346 0.7785843920145191 0.38315217391304346 0.7785843920145191 0.3858695652173913 0.7722323049001816 0.34103260869565216 0.7586206896551724 0.30978260869565216 0.7286751361161525 0.3016304347826087 0.76497277676951 0.28940217391304346 0.7885662431941924 0.2866847826086957 0.8021778584392015