6 0.5515625 0.578125 0.5671875 0.5921875 0.5671875 0.6 0.5546875 0.6046875 0.5453125 0.603125 0.53125 0.5953125 0.5296875 0.5890625 0.53125 0.5796875 0.534375 0.5765625 0.5453125 0.5734375 0.55 0.578125
6 0.96875 0.5625 0.0625 0.0390625
6 0.5015625 0.61875 0.5203125 0.6296875 0.5296875 0.640625 0.528125 0.6515625 0.5234375 0.6546875 0.5140625 0.65625 0.4875 0.6546875 0.46875 0.6453125 0.459375 0.634375 0.459375 0.6234375 0.4703125 0.6171875 0.49375 0.615625 0.5 0.61875
6 0.5296875 0.43125 0.5359375 0.434375 0.55625 0.4375 0.5703125 0.4515625 0.571875 0.465625 0.56875 0.4703125 0.5609375 0.4734375 0.5421875 0.4734375 0.534375 0.4703125 0.5234375 0.4640625 0.515625 0.4546875 0.5125 0.446875 0.5140625 0.4390625 0.51875 0.434375 0.528125 0.43125
6 0.7828125 0.54375 0.790625 0.546875 0.7953125 0.5515625 0.7984375 0.5578125 0.7984375 0.5734375 0.79375 0.5828125 0.7875 0.5890625 0.7796875 0.5921875 0.7625 0.5921875 0.7515625 0.5875 0.7421875 0.578125 0.740625 0.5671875 0.7453125 0.55625 0.7546875 0.546875 0.76875 0.5421875 0.78125 0.54375
6 0.815625 0.43125 0.834375 0.440625 0.8421875 0.45 0.8421875 0.4640625 0.8375 0.4671875 0.825 0.4671875 0.7953125 0.44375 0.796875 0.4359375 0.80625 0.43125 0.8140625 0.43125
6 0.68125 0.3859375 0.6953125 0.390625 0.6984375 0.39375 0.7078125 0.3953125 0.7125 0.403125 0.7125 0.4078125 0.703125 0.4125 0.696875 0.4109375 0.66875 0.4125 0.65625 0.40625 0.646875 0.396875 0.6421875 0.390625 0.65 0.3828125 0.6671875 0.3828125 0.6796875 0.3859375
6 0.690625 0.5078125 0.6984375 0.5109375 0.7140625 0.5125 0.728125 0.51875 0.7390625 0.5265625 0.740625 0.5296875 0.7390625 0.5390625 0.7265625 0.546875 0.703125 0.546875 0.696875 0.54375 0.678125 0.5421875 0.6703125 0.540625 0.65625 0.5328125 0.65 0.5234375 0.65 0.5203125 0.65625 0.5125 0.6890625 0.5078125
6 0.646875 0.5234375 0.6625 0.5390625 0.6625 0.54375 0.6546875 0.546875 0.64375 0.546875 0.6359375 0.54375 0.6296875 0.534375 0.6296875 0.5296875 0.634375 0.5234375 0.6453125 0.525
6 0.5953125 0.3328125 0.6046875 0.334375 0.6140625 0.340625 0.615625 0.3453125 0.6140625 0.35625 0.5984375 0.365625 0.5765625 0.3734375 0.553125 0.371875 0.5453125 0.3671875 0.5421875 0.3625 0.5453125 0.35625 0.5625 0.340625 0.58125 0.334375 0.59375 0.3328125
6 0.675 0.4984375 0.68125 0.5015625 0.6828125 0.5046875 0.68125 0.50625 0.6578125 0.509375 0.646875 0.521875 0.6359375 0.521875 0.615625 0.515625 0.6125 0.5109375 0.6125 0.5046875 0.61875 0.5015625 0.634375 0.5 0.6390625 0.496875 0.6734375 0.4984375
6 0.76875 0.6109375 0.7828125 0.625 0.7828125 0.6328125 0.775 0.640625 0.759375 0.64375 0.7453125 0.64375 0.7296875 0.640625 0.725 0.634375 0.7234375 0.6125 0.7359375 0.60625 0.753125 0.60625 0.7671875 0.6109375
6 0.609375 0.45625 0.625 0.4671875 0.6265625 0.475 0.6140625 0.4859375 0.6140625 0.496875 0.60625 0.5015625 0.5828125 0.490625 0.578125 0.4859375 0.575 0.4671875 0.5796875 0.4609375 0.5859375 0.4578125 0.6078125 0.45625
6 0.5234375 0.565625 0.5296875 0.571875 0.53125 0.5765625 0.5296875 0.5875 0.5265625 0.5921875 0.509375 0.5890625 0.5 0.584375 0.496875 0.578125 0.5 0.56875 0.50625 0.5640625 0.515625 0.5625 0.521875 0.565625
6 0.75 0.6625 0.765625 0.6671875 0.7703125 0.671875 0.76875 0.678125 0.75625 0.684375 0.7234375 0.6890625 0.703125 0.6890625 0.6921875 0.6859375 0.684375 0.678125 0.6828125 0.675 0.684375 0.671875 0.6890625 0.6671875 0.7078125 0.6671875 0.7296875 0.6609375 0.7484375 0.6625
6 0.6828125 0.59375 0.696875 0.5953125 0.7171875 0.6109375 0.7234375 0.6234375 0.721875 0.6359375 0.7140625 0.640625 0.7046875 0.6421875 0.690625 0.640625 0.678125 0.6359375 0.6703125 0.621875 0.66875 0.609375 0.6765625 0.596875 0.68125 0.5953125
6 0.8390625 0.621875 0.853125 0.6296875 0.853125 0.6421875 0.8390625 0.646875 0.81875 0.646875 0.796875 0.64375 0.784375 0.6375 0.7859375 0.6265625 0.79375 0.621875 0.803125 0.6203125 0.8375 0.621875
6 0.978125 0.48125 0.9953125 0.4859375 0.9984375 0.4890625 0.9984375 0.515625 0.9890625 0.515625 0.978125 0.5125 0.9625 0.5 0.9625 0.49375 0.96875 0.4859375 0.9765625 0.4828125
6 0.5921875 0.375 0.603125 0.378125 0.603125 0.3875 0.6 0.3921875 0.584375 0.3921875 0.578125 0.3953125 0.5515625 0.3984375 0.5359375 0.3984375 0.5234375 0.3921875 0.51875 0.3875 0.51875 0.3828125 0.521875 0.378125 0.5421875 0.3734375 0.590625 0.375
6 0.6640625 0.5484375 0.684375 0.5546875 0.69375 0.5609375 0.69375 0.5640625 0.6875 0.565625 0.68125 0.571875 0.68125 0.58125 0.678125 0.584375 0.671875 0.5828125 0.6640625 0.5734375 0.65625 0.5703125 0.6515625 0.565625 0.646875 0.565625 0.640625 0.5609375 0.6296875 0.5578125 0.6296875 0.5515625 0.6359375 0.5484375 0.6625 0.5484375
6 0.7234375 0.565625 0.7390625 0.5765625 0.740625 0.59375 0.7390625 0.5984375 0.7328125 0.603125 0.7203125 0.60625 0.715625 0.60625 0.70625 0.5984375 0.6890625 0.5921875 0.6859375 0.5890625 0.68125 0.5734375 0.696875 0.5640625 0.721875 0.565625
6 0.4046875 0.5171875 0.4171875 0.5203125 0.4234375 0.5265625 0.415625 0.5375 0.3984375 0.5421875 0.3859375 0.5375 0.3828125 0.5234375 0.390625 0.515625 0.403125 0.5171875
6 0.8796875 0.521875 0.8953125 0.5265625 0.9046875 0.534375 0.90625 0.5390625 0.9046875 0.546875 0.8859375 0.553125 0.8578125 0.5515625 0.84375 0.5421875 0.8453125 0.528125 0.8546875 0.5234375 0.878125 0.521875
6 0.65625 0.6125 0.665625 0.615625 0.665625 0.61875 0.6765625 0.6359375 0.6765625 0.659375 0.6671875 0.665625 0.646875 0.665625 0.6359375 0.6578125 0.63125 0.6484375 0.6328125 0.61875 0.6375 0.6140625 0.6546875 0.6125
6 0.915625 0.4609375 0.9265625 0.465625 0.9265625 0.475 0.9234375 0.4796875 0.9140625 0.484375 0.8984375 0.478125 0.8671875 0.4703125 0.86875 0.46875 0.8671875 0.4625 0.871875 0.459375 0.9046875 0.4578125 0.9140625 0.4609375
6 0.8390625 0.421875 0.8421875 0.4234375 0.8453125 0.43125 0.834375 0.4390625 0.8171875 0.43125 0.80625 0.43125 0.8 0.4328125 0.790625 0.4453125 0.7734375 0.45 0.7640625 0.45 0.7609375 0.446875 0.7609375 0.4390625 0.771875 0.43125 0.784375 0.4265625 0.8203125 0.41875 0.8375 0.421875
6 0.9640625 0.52734375 0.071875 0.059375
6 0.7625 0.371875 0.7796875 0.3765625 0.790625 0.384375 0.7953125 0.39375 0.7953125 0.3984375 0.784375 0.4046875 0.7421875 0.3890625 0.734375 0.38125 0.74375 0.371875 0.7609375 0.371875
6 0.584375 0.63125 0.6046875 0.640625 0.6203125 0.64375 0.6234375 0.646875 0.621875 0.65625 0.6046875 0.6625 0.5875 0.6625 0.5734375 0.653125 0.571875 0.6375 0.575 0.6328125 0.5828125 0.63125
6 0.8125 0.5125 0.821875 0.515625 0.8328125 0.525 0.834375 0.5265625 0.8328125 0.5328125 0.8171875 0.5359375 0.8078125 0.540625 0.79375 0.5421875 0.7625 0.540625 0.7546875 0.5328125 0.7546875 0.525 0.7625 0.51875 0.76875 0.5171875 0.7859375 0.515625 0.79375 0.5125 0.8109375 0.5125
6 0.7453125 0.7046875 0.7578125 0.709375 0.7578125 0.7140625 0.7546875 0.7171875 0.746875 0.721875 0.721875 0.7265625 0.68125 0.7234375 0.671875 0.715625 0.671875 0.709375 0.6765625 0.70625 0.6921875 0.7046875 0.6984375 0.70625 0.74375 0.7046875
6 0.8296875 0.4890625 0.834375 0.490625 0.85 0.5046875 0.8609375 0.5078125 0.8703125 0.5140625 0.86875 0.51875 0.8515625 0.5234375 0.834375 0.5234375 0.825 0.5171875 0.8203125 0.5109375 0.8125 0.509375 0.803125 0.5015625 0.8046875 0.49375 0.8171875 0.4890625 0.828125 0.4890625
6 0.496875 0.46875 0.509375 0.4734375 0.5125 0.4796875 0.509375 0.49375 0.496875 0.5078125 0.48125 0.5171875 0.4671875 0.5171875 0.459375 0.5140625 0.45625 0.5078125 0.45625 0.4921875 0.46875 0.4734375 0.48125 0.46875 0.4953125 0.46875
6 0.4796875 0.4234375 0.496875 0.43125 0.5046875 0.4390625 0.5109375 0.453125 0.509375 0.4609375 0.5046875 0.4625 0.484375 0.4609375 0.46875 0.45 0.4625 0.4390625 0.4625 0.434375 0.4703125 0.425 0.478125 0.4234375
6 0.4109375 0.4734375 0.421875 0.46875 0.4484375 0.4671875 0.45625 0.46875 0.4625 0.475 0.4578125 0.4875 0.45 0.4921875 0.4390625 0.4921875 0.4296875 0.4890625 0.4265625 0.490625 0.4140625 0.4875 0.409375 0.484375 0.4109375 0.475
6 0.7171875 0.3578125 0.7171875 0.38125 0.7109375 0.38125 0.70625 0.384375 0.6875 0.3828125 0.678125 0.3765625 0.678125 0.3703125 0.6796875 0.3671875 0.6859375 0.3671875 0.6890625 0.359375 0.6984375 0.3546875 0.709375 0.3546875 0.715625 0.3578125
6 0.3890625 0.5140625 0.3953125 0.515625 0.390625 0.5171875 0.384375 0.5234375 0.384375 0.528125 0.38125 0.53125 0.36875 0.53125 0.3546875 0.5265625 0.3484375 0.515625 0.35 0.5109375 0.3546875 0.50625 0.3765625 0.503125 0.38125 0.5046875 0.3875 0.5140625
6 0.8015625 0.6453125 0.8140625 0.6484375 0.84375 0.6484375 0.8453125 0.646875 0.853125 0.6484375 0.8546875 0.65625 0.85 0.6640625 0.8421875 0.66875 0.815625 0.6734375 0.784375 0.6734375 0.7734375 0.66875 0.7640625 0.659375 0.7640625 0.653125 0.771875 0.646875 0.78125 0.64375 0.8 0.6453125
6 0.4421875 0.4125 0.4546875 0.415625 0.4609375 0.4203125 0.4609375 0.4390625 0.4578125 0.44375 0.4421875 0.4515625 0.421875 0.453125 0.40625 0.45 0.4046875 0.446875 0.40625 0.4328125 0.425 0.41875 0.440625 0.4140625
6 0.64375 0.334375 0.659375 0.3421875 0.665625 0.3484375 0.66875 0.359375 0.66875 0.3671875 0.6640625 0.375 0.6453125 0.3796875 0.63125 0.378125 0.621875 0.3703125 0.61875 0.365625 0.6171875 0.35 0.6171875 0.3421875 0.6203125 0.3375 0.6421875 0.334375
6 0.9640625 0.46875 0.9703125 0.4734375 0.971875 0.48125 0.95625 0.4953125 0.921875 0.49375 0.9171875 0.484375 0.9328125 0.46875 0.9421875 0.465625 0.9625 0.46875
6 0.8671875 0.4328125 0.878125 0.4375 0.884375 0.44375 0.884375 0.45 0.865625 0.45625 0.8453125 0.4546875 0.8375 0.4421875 0.8375 0.4390625 0.84375 0.434375 0.865625 0.4328125
6 0.5890625 0.55625 0.6 0.5625 0.596875 0.5703125 0.596875 0.5796875 0.5921875 0.5828125 0.584375 0.5828125 0.571875 0.5875 0.5671875 0.5875 0.553125 0.5796875 0.5421875 0.5703125 0.5421875 0.5640625 0.55 0.5578125 0.559375 0.5546875 0.5875 0.55625
6 0.83125 0.4890625 0.840625 0.4984375 0.821875 0.5109375 0.8140625 0.509375 0.803125 0.503125 0.8015625 0.4953125 0.8171875 0.4875 0.8296875 0.4890625
6 0.6078125 0.3953125 0.621875 0.4015625 0.634375 0.4109375 0.634375 0.4140625 0.6390625 0.41875 0.6390625 0.4234375 0.6328125 0.4296875 0.6265625 0.4328125 0.6140625 0.434375 0.59375 0.43125 0.5828125 0.4265625 0.5734375 0.41875 0.5734375 0.3984375 0.584375 0.39375 0.60625 0.3953125
6 0.571875 0.4 0.571875 0.428125 0.5625 0.434375 0.55 0.434375 0.5296875 0.4296875 0.528125 0.415625 0.53125 0.409375 0.5421875 0.4015625 0.5546875 0.3984375 0.5703125 0.4
6 0.4609375 0.5203125 0.465625 0.5234375 0.45 0.5265625 0.421875 0.54375 0.4171875 0.540625 0.4171875 0.5359375 0.428125 0.525 0.4375 0.521875 0.459375 0.5203125
6 0.53125 0.5046875 0.55 0.5125 0.5515625 0.515625 0.5515625 0.5265625 0.5390625 0.5328125 0.5125 0.53125 0.4953125 0.525 0.4890625 0.5203125 0.4890625 0.515625 0.4953125 0.5109375 0.5125 0.50625 0.5296875 0.5046875
6 0.915625 0.5625 0.928125 0.5671875 0.9328125 0.571875 0.93125 0.58125 0.9265625 0.5859375 0.91875 0.5890625 0.89375 0.5890625 0.8875 0.5859375 0.8796875 0.5859375 0.8703125 0.5796875 0.865625 0.5734375 0.86875 0.5671875 0.8859375 0.5609375 0.9125 0.5609375 0.9140625 0.5625
6 0.6265625 0.5578125 0.64375 0.5640625 0.6609375 0.5734375 0.665625 0.5765625 0.665625 0.5796875 0.6734375 0.5875 0.6734375 0.5984375 0.6671875 0.60625 0.659375 0.609375 0.6375 0.609375 0.6328125 0.60625 0.625 0.60625 0.615625 0.6 0.5984375 0.58125 0.596875 0.5734375 0.6 0.565625 0.6046875 0.5609375 0.6140625 0.5578125 0.625 0.5578125
6 0.95625 0.5390625 0.959375 0.5453125 0.9578125 0.553125 0.946875 0.5625 0.9421875 0.5625 0.9375 0.565625 0.928125 0.565625 0.909375 0.5578125 0.9046875 0.5546875 0.90625 0.55 0.9140625 0.5453125 0.934375 0.54375 0.9484375 0.5375 0.9546875 0.5390625
6 0.734375 0.475 0.721875 0.4703125 0.7203125 0.4671875 0.721875 0.45625 0.7296875 0.4484375 0.7421875 0.4453125 0.7546875 0.446875 0.765625 0.453125 0.7640625 0.4578125 0.765625 0.4734375 0.7640625 0.475 0.7359375 0.4734375
6 0.5125 0.590625 0.534375 0.6015625 0.5546875 0.6234375 0.5546875 0.6296875 0.55 0.6328125 0.534375 0.6359375 0.5296875 0.6359375 0.5125 0.625 0.490625 0.60625 0.4921875 0.5953125 0.5109375 0.590625
6 0.996875 0.5828125 0.9984375 0.584375 0.9984375 0.6046875 0.9703125 0.6140625 0.9484375 0.6140625 0.9375 0.609375 0.9375 0.590625 0.9546875 0.5828125 0.9703125 0.58125 0.9953125 0.5828125
6 0.434375 0.3765625 0.44375 0.3859375 0.4421875 0.4078125 0.421875 0.41875 0.409375 0.421875 0.4015625 0.421875 0.3984375 0.41875 0.396875 0.4109375 0.390625 0.4046875 0.3921875 0.3921875 0.4015625 0.38125 0.409375 0.3765625 0.4171875 0.375 0.4328125 0.3765625
6 0.60625 0.5375 0.6140625 0.5390625 0.6203125 0.5453125 0.6203125 0.55 0.615625 0.5546875 0.603125 0.559375 0.5796875 0.553125 0.5515625 0.5546875 0.5515625 0.5484375 0.553125 0.54375 0.5640625 0.5359375 0.6046875 0.5375
6 0.5296875 0.4703125 0.540625 0.475 0.54375 0.4796875 0.54375 0.484375 0.5296875 0.496875 0.5171875 0.5015625 0.5109375 0.5015625 0.5109375 0.4890625 0.5140625 0.484375 0.5140625 0.475 0.5203125 0.4703125 0.528125 0.4703125
6 0.3125 0.4859375 0.325 0.484375 0.3375 0.4875 0.3421875 0.49375 0.346875 0.5171875 0.35 0.521875 0.3484375 0.5265625 0.3390625 0.5328125 0.3140625 0.53125 0.3046875 0.5265625 0.3 0.5171875 0.3 0.5 0.3125 0.4875
6 0.5828125 0.428125 0.596875 0.434375 0.61875 0.4375 0.6328125 0.44375 0.6390625 0.45 0.640625 0.4578125 0.6375 0.4625 0.6296875 0.465625 0.6234375 0.4640625 0.6140625 0.45625 0.603125 0.453125 0.5921875 0.45625 0.5796875 0.4546875 0.5734375 0.4484375 0.5703125 0.4421875 0.5703125 0.4359375 0.5734375 0.4296875 0.58125 0.428125
6 0.825 0.5921875 0.8421875 0.5953125 0.853125 0.603125 0.8546875 0.6125 0.85 0.6171875 0.84375 0.61875 0.803125 0.6171875 0.7953125 0.6140625 0.7828125 0.603125 0.7859375 0.5953125 0.796875 0.5890625 0.8109375 0.5890625 0.8234375 0.5921875
6 0.4859375 0.375 0.4890625 0.3765625 0.490625 0.3875 0.4828125 0.4015625 0.48125 0.4109375 0.478125 0.415625 0.4671875 0.41875 0.4484375 0.409375 0.4453125 0.4015625 0.4453125 0.390625 0.45 0.3796875 0.4546875 0.3765625 0.46875 0.3734375 0.484375 0.375
6 0.684375 0.4671875 0.7078125 0.4671875 0.7203125 0.4734375 0.7203125 0.4765625 0.715625 0.48125 0.6875 0.478125 0.678125 0.4765625 0.6796875 0.475 0.678125 0.4703125 0.684375 0.46875
6 0.8296875 0.384375 0.8390625 0.390625 0.8484375 0.4015625 0.8421875 0.40625 0.821875 0.4125 0.8125 0.4125 0.803125 0.40625 0.7953125 0.384375 0.7984375 0.38125 0.815625 0.38125 0.828125 0.384375
6 0.846875 0.5015625 0.86875 0.5125 0.86875 0.5171875 0.8640625 0.5203125 0.846875 0.525 0.834375 0.5234375 0.8234375 0.515625 0.825 0.50625 0.8359375 0.5 0.8453125 0.5015625
6 0.86875 0.6125 0.8875 0.6203125 0.884375 0.6265625 0.8859375 0.628125 0.884375 0.6390625 0.8734375 0.6453125 0.8640625 0.646875 0.8546875 0.64375 0.85625 0.6421875 0.8546875 0.6296875 0.846875 0.621875 0.8546875 0.6140625 0.8671875 0.6125
6 0.884375 0.5875 0.89375 0.590625 0.9109375 0.590625 0.925 0.59375 0.934375 0.6015625 0.9359375 0.60625 0.934375 0.609375 0.9234375 0.6140625 0.9125 0.6140625 0.903125 0.6171875 0.8859375 0.6171875 0.8671875 0.6109375 0.8546875 0.6015625 0.8546875 0.5953125 0.859375 0.590625 0.865625 0.5875 0.8828125 0.5875
6 0.759375 0.415625 0.7671875 0.4171875 0.778125 0.4234375 0.7765625 0.428125 0.765625 0.43125 0.75 0.43125 0.7390625 0.428125 0.7375 0.421875 0.740625 0.415625 0.7578125 0.415625
6 0.5828125 0.4921875 0.590625 0.4953125 0.5953125 0.5 0.6 0.5140625 0.5921875 0.5265625 0.5796875 0.53125 0.5640625 0.5296875 0.55625 0.5234375 0.553125 0.5171875 0.553125 0.5015625 0.5625 0.49375 0.58125 0.4921875
6 0.415625 0.490625 0.4453125 0.496875 0.4515625 0.5046875 0.4515625 0.5125 0.44375 0.51875 0.4015625 0.5171875 0.3890625 0.5125 0.384375 0.5046875 0.384375 0.4984375 0.3875 0.4953125 0.403125 0.490625 0.4140625 0.490625
6 0.384375 0.465625 0.3859375 0.46875 0.3953125 0.46875 0.4046875 0.471875 0.409375 0.484375 0.4046875 0.4890625 0.3875 0.49375 0.3828125 0.4984375 0.371875 0.5 0.359375 0.5 0.3453125 0.496875 0.3375 0.484375 0.3484375 0.4734375 0.353125 0.4734375 0.365625 0.4671875 0.3828125 0.465625
6 0.7515625 0.4734375 0.7703125 0.4796875 0.78125 0.490625 0.778125 0.5015625 0.7609375 0.5046875 0.7421875 0.5015625 0.71875 0.48125 0.7265625 0.475 0.75 0.4734375
6 0.5671875 0.6015625 0.5671875 0.6046875 0.5796875 0.6234375 0.578125 0.6265625 0.5625 0.628125 0.553125 0.621875 0.5484375 0.615625 0.546875 0.6078125 0.55 0.6046875 0.546875 0.603125 0.565625 0.603125
6 0.515625 0.3875 0.5265625 0.396875 0.5265625 0.4125 0.525 0.4265625 0.5203125 0.43125 0.5125 0.434375 0.503125 0.434375 0.490625 0.428125 0.4828125 0.41875 0.4828125 0.40625 0.4921875 0.3921875 0.503125 0.3875 0.5140625 0.3875
6 0.5640625 0.4859375 0.56875 0.490625 0.553125 0.5 0.5515625 0.5109375 0.534375 0.5046875 0.53125 0.4984375 0.5421875 0.4875 0.5484375 0.4875 0.553125 0.484375 0.5625 0.4859375
6 0.9421875 0.496875 0.9546875 0.5 0.9625 0.5046875 0.9671875 0.509375 0.9671875 0.5140625 0.9515625 0.5328125 0.9328125 0.5421875 0.921875 0.54375 0.9109375 0.540625 0.90625 0.5359375 0.90625 0.5328125 0.9 0.5265625 0.9 0.5203125 0.9078125 0.5109375 0.9171875 0.5046875 0.91875 0.5 0.9265625 0.496875 0.940625 0.496875
6 0.79375 0.4453125 0.8015625 0.4484375 0.8265625 0.4703125 0.8265625 0.475 0.821875 0.48125 0.809375 0.4859375 0.7984375 0.4859375 0.78125 0.4796875 0.771875 0.4734375 0.765625 0.4625 0.7671875 0.45625 0.771875 0.4515625 0.7921875 0.4453125
6 0.890625 0.6265625 0.90625 0.61875 0.9265625 0.6140625 0.9609375 0.615625 0.9671875 0.61875 0.9671875 0.625 0.95625 0.634375 0.9265625 0.6484375 0.9015625 0.6484375 0.890625 0.640625 0.8890625 0.6375 0.890625 0.628125
6 0.6859375 0.3203125 0.70625 0.328125 0.7125 0.334375 0.7125 0.3421875 0.690625 0.3390625 0.6671875 0.340625 0.6421875 0.33125 0.6390625 0.328125 0.6421875 0.3234375 0.6484375 0.3203125 0.684375 0.3203125
6 0.3421875 0.4625 0.3515625 0.4671875 0.3515625 0.4703125 0.3453125 0.4734375 0.3359375 0.484375 0.3296875 0.484375 0.3234375 0.48125 0.3234375 0.46875 0.3296875 0.4625 0.334375 0.4609375 0.340625 0.4625
6 0.634375 0.3890625 0.64375 0.39375 0.653125 0.4046875 0.6546875 0.41875 0.65 0.4234375 0.640625 0.4234375 0.640625 0.41875 0.63125 0.4078125 0.621875 0.4 0.6078125 0.39375 0.621875 0.3890625 0.6328125 0.3890625
6 0.6703125 0.425 0.6921875 0.4359375 0.696875 0.440625 0.7 0.4484375 0.6953125 0.4578125 0.6828125 0.4625 0.646875 0.4609375 0.6375 0.446875 0.6359375 0.4359375 0.640625 0.4296875 0.646875 0.4265625 0.66875 0.425
6 0.675 0.4703125 0.6765625 0.48125 0.671875 0.4859375 0.6703125 0.4921875 0.6390625 0.4953125 0.6328125 0.4984375 0.615625 0.4984375 0.615625 0.4859375 0.625 0.4765625 0.63125 0.4765625 0.6453125 0.46875 0.6734375 0.4703125
6 0.3828125 0.4046875 0.3953125 0.4109375 0.3953125 0.4203125 0.403125 0.434375 0.403125 0.44375 0.384375 0.453125 0.3578125 0.4484375 0.35 0.440625 0.35 0.43125 0.3546875 0.4234375 0.35625 0.4125 0.3703125 0.4046875 0.38125 0.4046875
6 0.6859375 0.478125 0.7171875 0.4828125 0.725 0.4875 0.7359375 0.5 0.7390625 0.50625 0.7390625 0.5125 0.734375 0.5171875 0.7265625 0.5171875 0.709375 0.509375 0.6875 0.50625 0.6828125 0.5 0.678125 0.4984375 0.6734375 0.490625 0.678125 0.4796875 0.684375 0.4796875
6 0.828125 0.5609375 0.8625 0.5734375 0.8640625 0.584375 0.85 0.5921875 0.821875 0.5890625 0.803125 0.58125 0.8015625 0.578125 0.803125 0.5671875 0.8078125 0.5625 0.8140625 0.559375 0.8265625 0.5609375
6 0.5984375 0.5859375 0.603125 0.5875 0.6203125 0.6046875 0.63125 0.6234375 0.6296875 0.63125 0.6234375 0.6375 0.61875 0.6390625 0.60625 0.6390625 0.59375 0.634375 0.584375 0.6265625 0.584375 0.6234375 0.5734375 0.6125 0.5703125 0.6046875 0.571875 0.590625 0.584375 0.584375 0.596875 0.5859375
6 0.71875 0.39375 0.75 0.3921875 0.7765625 0.403125 0.7828125 0.409375 0.7828125 0.4171875 0.7796875 0.4203125 0.759375 0.4140625 0.721875 0.4109375 0.7171875 0.40625 0.71875 0.3953125
6 0.428125 0.5390625 0.4484375 0.528125 0.46875 0.5234375 0.4890625 0.5234375 0.496875 0.525 0.5 0.528125 0.5 0.534375 0.4953125 0.5421875 0.4875 0.546875 0.4828125 0.546875 0.453125 0.5578125 0.4359375 0.5578125 0.428125 0.5546875 0.425 0.55 0.425 0.54375 0.428125 0.540625
6 0.7265625 0.640625 0.7390625 0.6453125 0.7390625 0.65625 0.709375 0.6640625 0.6859375 0.6625 0.6796875 0.65625 0.6796875 0.6484375 0.684375 0.64375 0.7125 0.64375 0.725 0.640625
6 0.8921875 0.478125 0.9046875 0.48125 0.915625 0.490625 0.91875 0.5 0.915625 0.50625 0.909375 0.5109375 0.8765625 0.509375 0.85 0.5015625 0.84375 0.4984375 0.840625 0.49375 0.8390625 0.4859375 0.8515625 0.4765625 0.88125 0.475 0.890625 0.478125
26 0 0.2607033639143731 0 0.5084097859327217 0.03532608695652174 0.5435779816513762 0.07065217391304349 0.5672782874617737 0.1263586956521739 0.5963302752293578 0.1644021739130435 0.6062691131498471 0.19293478260869565 0.5833333333333333 0.2078804347826087 0.5642201834862386 0.2608695652173913 0.536697247706422 0.2839673913043478 0.4954128440366972 0.3233695652173913 0.4633027522935779 0.327445652173913 0.44571865443425074 0.3505434782608695 0.4143730886850153 0.3817934782608695 0.3830275229357798 0.4103260869565217 0.36314984709480125 0.44565217391304346 0.35015290519877673 0.4483695652173913 0.3409785932721713 0.43885869565217395 0.327217125382263 0.43478260869565216 0.2892454128440367 0.43885869565217395 0.2408256880733945 0.42527173913043476 0.22782874617737003 0.4008152173913043 0.22247706422018348 0.4008152173913043 0.2110091743119266 0.3858695652173913 0.20489296636085624 0.36820652173913043 0.18960244648318042 0.34782608695652173 0.15749235474006115 0.3355978260869565 0.1551987767584098 0.2391304347826087 0.16437308868501527 0.09918478260869565 0.19036697247706422 0.05298913043478261 0.20795107033639143 0.03260869565217391 0.22171253822629972 0.010869565217391304 0.24464831804281345 0 0.2607033639143731
49 0.4755434782608695 0.154434250764526 0.5067934782608695 0.2385321100917431 0.5163043478260869 0.2545871559633027 0.529891304347826 0.26376146788990823 0.7445652173913043 0.3448012232415902 0.764945652173913 0.3662079510703364 0.8328804347826086 0.3814984709480122 0.8505434782608695 0.3937308868501529 0.8654891304347826 0.39449541284403666 0.9211956521739131 0.3853211009174312 0.9741847826086957 0.32951070336391436 0.9986413043478259 0.3134556574923547 0.9986413043478259 0.209480122324159 0.9782608695652174 0.20489296636085624 0.8519021739130433 0.154434250764526 0.5842391304347826 0.07568807339449542 0.5570652173913043 0.07492354740061162 0.5407608695652174 0.07874617737003058 0.5176630434782609 0.09862385321100917 0.4782608695652174 0.1444954128440367 0.4755434782608695 0.154434250764526