7 0.8453125 0.4265625 0.865625 0.4328125 0.884375 0.4328125 0.8984375 0.4296875 0.9046875 0.43125 0.9140625 0.44375 0.9140625 0.4609375 0.909375 0.4703125 0.909375 0.4765625 0.903125 0.4875 0.8984375 0.4921875 0.8859375 0.4953125 0.8703125 0.503125 0.8640625 0.515625 0.8578125 0.51875 0.85625 0.521875 0.8421875 0.528125 0.8328125 0.528125 0.8171875 0.5328125 0.8015625 0.5328125 0.7828125 0.5375 0.765625 0.5359375 0.75625 0.5296875 0.7421875 0.5296875 0.6953125 0.5421875 0.6140625 0.5421875 0.6125 0.54375 0.5890625 0.540625 0.5671875 0.540625 0.5609375 0.5375 0.54375 0.5375 0.5421875 0.5359375 0.503125 0.5359375 0.484375 0.5390625 0.38125 0.5421875 0.3796875 0.54375 0.3484375 0.54375 0.346875 0.5421875 0.3140625 0.540625 0.30625 0.5359375 0.29375 0.5359375 0.28125 0.5265625 0.275 0.5109375 0.2578125 0.490625 0.2578125 0.4859375 0.2515625 0.478125 0.2484375 0.4671875 0.2578125 0.4640625 0.2828125 0.4640625 0.2890625 0.4671875 0.3 0.465625 0.34375 0.4671875 0.3734375 0.4609375 0.4171875 0.4625 0.4421875 0.45625 0.45625 0.45625 0.475 0.45 0.490625 0.4515625 0.54375 0.44375 0.6140625 0.4421875 0.6296875 0.4375 0.6390625 0.4375 0.6484375 0.4328125 0.671875 0.4328125 0.6890625 0.4296875 0.734375 0.43125 0.746875 0.434375 0.76875 0.434375 0.775 0.4375 0.7875 0.4375 0.79375 0.434375 0.815625 0.43125 0.8265625 0.4265625 0.84375 0.4265625
7 0.76875 0.8546875 0.7703125 0.8640625 0.7625 0.88125 0.7578125 0.9015625 0.74375 0.9203125 0.7421875 0.928125 0.7359375 0.9359375 0.7359375 0.9390625 0.7109375 0.9640625 0.6765625 0.9765625 0.6609375 0.978125 0.653125 0.9828125 0.6328125 0.9859375 0.615625 0.9859375 0.5921875 0.9953125 0.54375 0.9953125 0.5421875 0.9921875 0.53125 0.9890625 0.5125 0.9890625 0.5109375 0.9875 0.4953125 0.9890625 0.4828125 0.9953125 0.4671875 0.984375 0.4578125 0.98125 0.45625 0.978125 0.4421875 0.96875 0.421875 0.9640625 0.4203125 0.9609375 0.40625 0.95625 0.3859375 0.94375 0.371875 0.940625 0.36875 0.9359375 0.3453125 0.928125 0.3390625 0.921875 0.3421875 0.91875 0.403125 0.9078125 0.434375 0.90625 0.4734375 0.89375 0.515625 0.890625 0.5265625 0.8828125 0.5421875 0.8828125 0.553125 0.8859375 0.571875 0.8734375 0.60625 0.871875 0.6125 0.86875 0.634375 0.86875 0.646875 0.865625 0.6578125 0.859375 0.6765625 0.859375 0.6890625 0.8625 0.728125 0.853125 0.7484375 0.8515625 0.7671875 0.8546875
7 0.31875 0.8265625 0.3328125 0.8296875 0.3671875 0.828125 0.36875 0.8265625 0.375 0.828125 0.378125 0.8265625 0.409375 0.8265625 0.4109375 0.828125 0.4421875 0.828125 0.465625 0.83125 0.475 0.83125 0.4828125 0.828125 0.4875 0.8296875 0.5 0.828125 0.54375 0.8296875 0.55 0.8265625 0.5609375 0.828125 0.5828125 0.8265625 0.6046875 0.8296875 0.6359375 0.828125 0.6375 0.8296875 0.6890625 0.83125 0.6953125 0.834375 0.6953125 0.8390625 0.6890625 0.8515625 0.6828125 0.85625 0.6640625 0.8546875 0.6359375 0.8640625 0.6171875 0.8640625 0.596875 0.86875 0.5703125 0.8703125 0.5515625 0.878125 0.528125 0.878125 0.5140625 0.8859375 0.4703125 0.890625 0.434375 0.9015625 0.415625 0.9015625 0.3984375 0.9046875 0.390625 0.903125 0.3234375 0.9046875 0.321875 0.90625 0.3015625 0.90625 0.2921875 0.9109375 0.24375 0.9015625 0.21875 0.8890625 0.2109375 0.88125 0.2 0.878125 0.196875 0.8734375 0.1828125 0.86875 0.18125 0.8671875 0.1828125 0.8546875 0.175 0.8390625 0.2 0.83125 0.26875 0.8328125 0.290625 0.828125 0.3171875 0.8265625
7 0.3984375 0.6609375 0.4 0.6625 0.4015625 0.6609375 0.4078125 0.6625 0.409375 0.6609375 0.415625 0.6625 0.4359375 0.6609375 0.4546875 0.6640625 0.475 0.6625 0.4890625 0.665625 0.5328125 0.665625 0.5484375 0.6671875 0.5640625 0.671875 0.5859375 0.6703125 0.6 0.6734375 0.646875 0.6734375 0.6484375 0.675 0.665625 0.6734375 0.6921875 0.68125 0.7078125 0.68125 0.715625 0.684375 0.75 0.6890625 0.7734375 0.6984375 0.7859375 0.7 0.8296875 0.715625 0.85625 0.7171875 0.8640625 0.725 0.865625 0.7296875 0.865625 0.7484375 0.8625 0.75625 0.8578125 0.7609375 0.85625 0.7765625 0.84375 0.7828125 0.8234375 0.7828125 0.821875 0.784375 0.7203125 0.7828125 0.71875 0.78125 0.6921875 0.78125 0.678125 0.7765625 0.584375 0.7828125 0.5734375 0.7765625 0.5453125 0.7765625 0.5421875 0.7734375 0.521875 0.7734375 0.5203125 0.771875 0.5140625 0.7734375 0.4828125 0.7703125 0.4625 0.771875 0.459375 0.7609375 0.45625 0.7625 0.4546875 0.7671875 0.4421875 0.765625 0.4390625 0.7671875 0.4296875 0.765625 0.415625 0.759375 0.3765625 0.7609375 0.3703125 0.75625 0.3453125 0.75 0.3359375 0.7484375 0.325 0.75 0.3140625 0.74375 0.2515625 0.7453125 0.2359375 0.740625 0.228125 0.740625 0.2234375 0.7390625 0.2171875 0.73125 0.215625 0.725 0.2078125 0.7171875 0.203125 0.7046875 0.2 0.675 0.209375 0.66875 0.2359375 0.665625 0.2453125 0.6625 0.396875 0.6609375
7 0.5671875 0.0640625 0.5921875 0.075 0.6015625 0.0875 0.6203125 0.0984375 0.6515625 0.13125 0.6734375 0.1421875 0.7 0.15 0.721875 0.1609375 0.7390625 0.1671875 0.75 0.16875 0.76875 0.178125 0.78125 0.1890625 0.7796875 0.190625 0.7609375 0.190625 0.73125 0.196875 0.6578125 0.1984375 0.6421875 0.203125 0.6296875 0.2015625 0.61875 0.2046875 0.5265625 0.20625 0.5109375 0.203125 0.440625 0.2 0.43125 0.196875 0.4109375 0.2 0.353125 0.196875 0.3421875 0.1953125 0.3375 0.190625 0.33125 0.190625 0.3265625 0.184375 0.315625 0.1828125 0.3109375 0.1875 0.303125 0.1859375 0.3 0.1890625 0.2921875 0.190625 0.2875 0.190625 0.28125 0.1859375 0.2765625 0.1890625 0.2609375 0.190625 0.25625 0.196875 0.246875 0.1984375 0.234375 0.196875 0.2328125 0.1984375 0.2109375 0.1984375 0.196875 0.203125 0.171875 0.203125 0.165625 0.1890625 0.165625 0.1828125 0.171875 0.1734375 0.178125 0.1546875 0.184375 0.1484375 0.196875 0.1265625 0.2078125 0.1171875 0.2125 0.1078125 0.2171875 0.103125 0.225 0.1 0.240625 0.0984375 0.2421875 0.1 0.2734375 0.1 0.290625 0.103125 0.2953125 0.1 0.3109375 0.1015625 0.31875 0.0984375 0.3328125 0.1171875 0.3375 0.14375 0.334375 0.1546875 0.3390625 0.1578125 0.340625 0.15625 0.346875 0.1578125 0.35 0.1671875 0.35625 0.1734375 0.3625 0.175 0.3734375 0.1703125 0.378125 0.165625 0.3890625 0.1625 0.3984375 0.1625 0.40625 0.153125 0.4171875 0.153125 0.4234375 0.15 0.43125 0.1453125 0.4359375 0.140625 0.4359375 0.1375 0.440625 0.1359375 0.446875 0.1296875 0.45 0.1109375 0.446875 0.0921875 0.45 0.0859375 0.4578125 0.0828125 0.4765625 0.0828125 0.4859375 0.0796875 0.5140625 0.0765625 0.5296875 0.06875 0.565625 0.065625
7 0.796875 0.3484375 0.803125 0.359375 0.8 0.3703125 0.7796875 0.3859375 0.775 0.403125 0.7703125 0.4078125 0.7609375 0.4109375 0.740625 0.4109375 0.7171875 0.4203125 0.6984375 0.421875 0.6890625 0.4265625 0.6515625 0.428125 0.6375 0.43125 0.628125 0.4359375 0.6171875 0.4359375 0.609375 0.4390625 0.575 0.4390625 0.5734375 0.440625 0.5515625 0.4390625 0.515625 0.44375 0.5078125 0.446875 0.4921875 0.446875 0.490625 0.4484375 0.4734375 0.446875 0.4546875 0.453125 0.4265625 0.4546875 0.409375 0.459375 0.371875 0.4578125 0.3421875 0.4640625 0.33125 0.4640625 0.3234375 0.4609375 0.296875 0.4609375 0.2953125 0.4625 0.2421875 0.4609375 0.2359375 0.4578125 0.215625 0.459375 0.1546875 0.453125 0.1296875 0.43125 0.11875 0.415625 0.115625 0.4046875 0.115625 0.384375 0.1140625 0.3828125 0.115625 0.3765625 0.1296875 0.3765625 0.1515625 0.38125 0.1703125 0.38125 0.1984375 0.3859375 0.23125 0.3859375 0.2421875 0.3890625 0.2609375 0.3875 0.2671875 0.390625 0.2796875 0.390625 0.2828125 0.3875 0.3 0.3875 0.3015625 0.3859375 0.334375 0.3859375 0.3421875 0.3828125 0.3640625 0.3828125 0.365625 0.38125 0.3984375 0.38125 0.4 0.3828125 0.4328125 0.384375 0.4421875 0.38125 0.4859375 0.38125 0.5203125 0.3765625 0.58125 0.375 0.5921875 0.371875 0.60625 0.3734375 0.61875 0.3703125 0.653125 0.36875 0.6609375 0.365625 0.678125 0.365625 0.6859375 0.3625 0.7703125 0.3578125 0.7828125 0.3484375 0.7890625 0.346875 0.7953125 0.3484375
7 0.2109375 0.728125 0.221875 0.7421875 0.2515625 0.75 0.303125 0.7453125 0.3171875 0.746875 0.325 0.7515625 0.3375 0.75 0.34375 0.753125 0.3609375 0.7546875 0.3734375 0.7609375 0.4203125 0.7625 0.4359375 0.76875 0.4421875 0.7671875 0.4515625 0.76875 0.45625 0.765625 0.45625 0.7609375 0.459375 0.7609375 0.4609375 0.7671875 0.46875 0.771875 0.5109375 0.7734375 0.5125 0.775 0.521875 0.7734375 0.5328125 0.7765625 0.5390625 0.775 0.54375 0.778125 0.5734375 0.778125 0.5890625 0.7859375 0.6 0.7828125 0.6453125 0.78125 0.646875 0.7796875 0.675 0.7796875 0.6796875 0.7828125 0.746875 0.7859375 0.7546875 0.790625 0.7546875 0.7953125 0.75 0.8078125 0.7484375 0.8265625 0.7421875 0.8421875 0.7265625 0.8421875 0.721875 0.8390625 0.7140625 0.8390625 0.7109375 0.8359375 0.7015625 0.834375 0.6953125 0.8296875 0.684375 0.828125 0.665625 0.828125 0.6640625 0.8265625 0.6453125 0.828125 0.6234375 0.825 0.6046875 0.8265625 0.5828125 0.8234375 0.5671875 0.825 0.553125 0.8234375 0.546875 0.8265625 0.5296875 0.8265625 0.528125 0.828125 0.521875 0.8265625 0.5203125 0.828125 0.5140625 0.8265625 0.4546875 0.828125 0.434375 0.825 0.3921875 0.8234375 0.390625 0.821875 0.375 0.8234375 0.3734375 0.821875 0.371875 0.8234375 0.3421875 0.8234375 0.3359375 0.8265625 0.315625 0.8234375 0.309375 0.8265625 0.2796875 0.8265625 0.26875 0.8296875 0.2171875 0.828125 0.2078125 0.81875 0.2 0.8046875 0.1796875 0.790625 0.1703125 0.790625 0.153125 0.796875 0.140625 0.796875 0.134375 0.79375 0.13125 0.7859375 0.1234375 0.778125 0.1265625 0.765625 0.11875 0.7515625 0.1203125 0.7453125 0.1265625 0.7421875 0.1421875 0.7421875 0.1484375 0.7375 0.146875 0.7328125 0.1625 0.728125 0.1734375 0.721875 0.19375 0.721875 0.20625 0.725 0.209375 0.728125
7 0.5296875 0.5390625 0.5609375 0.5421875 0.5671875 0.5453125 0.6515625 0.5484375 0.6625 0.553125 0.678125 0.553125 0.6921875 0.5578125 0.7171875 0.559375 0.7421875 0.565625 0.7984375 0.5703125 0.8078125 0.5734375 0.8265625 0.575 0.83125 0.578125 0.884375 0.584375 0.909375 0.5921875 0.9203125 0.5984375 0.94375 0.603125 0.946875 0.609375 0.9375 0.6296875 0.9265625 0.6375 0.9109375 0.6578125 0.903125 0.6609375 0.8984375 0.665625 0.88125 0.6703125 0.85625 0.684375 0.8421875 0.6859375 0.834375 0.6890625 0.8 0.6890625 0.7796875 0.6828125 0.7375 0.6828125 0.7171875 0.678125 0.7125 0.675 0.6859375 0.6734375 0.675 0.6703125 0.615625 0.6703125 0.6140625 0.66875 0.55 0.665625 0.5375 0.6609375 0.515625 0.659375 0.509375 0.65625 0.5015625 0.65625 0.49375 0.659375 0.371875 0.6578125 0.3703125 0.65625 0.34375 0.65625 0.3265625 0.6515625 0.31875 0.6515625 0.2984375 0.6328125 0.2953125 0.6125 0.2875 0.590625 0.2859375 0.578125 0.2890625 0.5703125 0.2890625 0.55625 0.2921875 0.5453125 0.2953125 0.5421875 0.3 0.540625 0.321875 0.5453125 0.3703125 0.546875 0.371875 0.5453125 0.4171875 0.5453125 0.446875 0.5421875 0.4953125 0.5421875 0.528125 0.5390625
7 0.10962962962962963 0.315 0.09777777777777778 0.32166666666666666 0.11851851851851851 0.36416666666666664 0.1348148148148148 0.37333333333333335 0.14962962962962964 0.37666666666666665 0.2414814814814815 0.38666666666666666 0.31703703703703706 0.38416666666666666 0.3614814814814815 0.3775 0.47703703703703704 0.38 0.49037037037037035 0.37666666666666665 0.5792592592592593 0.3725 0.7466666666666667 0.35666666666666663 0.7511111111111111 0.3525 0.7881481481481483 0.3441666666666666 0.8044444444444444 0.32999999999999996 0.7970370370370371 0.30083333333333334 0.7792592592592593 0.29333333333333333 0.7718518518518519 0.2841666666666667 0.7585185185185186 0.28250000000000003 0.7407407407407407 0.2891666666666667 0.7303703703703703 0.28833333333333333 0.7007407407407408 0.29500000000000004 0.6859259259259259 0.29416666666666663 0.6666666666666667 0.30083333333333334 0.45925925925925926 0.31083333333333335 0.3674074074074074 0.3075 0.362962962962963 0.30333333333333334 0.3318518518518519 0.30166666666666664 0.3274074074074074 0.2975 0.3037037037037037 0.2925 0.2859259259259259 0.29166666666666663 0.2696296296296296 0.29833333333333334 0.2577777777777778 0.28833333333333333 0.24888888888888888 0.2875 0.24444444444444446 0.2683333333333333 0.11703703703703705 0.2816666666666666 0.10962962962962963 0.315
7 0.1125925925925926 0.23583333333333334 0.11407407407407408 0.25166666666666665 0.12592592592592594 0.26416666666666666 0.12592592592592594 0.2758333333333333 0.4133333333333334 0.25916666666666666 0.4162962962962963 0.25 0.43851851851851853 0.25416666666666665 0.5170370370370371 0.25416666666666665 0.5392592592592592 0.25916666666666666 0.6118518518518519 0.2525 0.6355555555555557 0.2558333333333333 0.6874074074074075 0.24500000000000002 0.7762962962962964 0.24666666666666667 0.7881481481481483 0.2375 0.7703703703703704 0.22083333333333335 0.7525925925925926 0.215 0.6740740740740742 0.21166666666666667 0.6607407407407407 0.20750000000000002 0.5451851851851852 0.21083333333333334 0.5155555555555555 0.20916666666666667 0.49333333333333335 0.20083333333333334 0.45777777777777784 0.20416666666666666 0.4325925925925926 0.2 0.34370370370370373 0.2 0.3244444444444444 0.19166666666666668 0.31407407407407406 0.1775 0.3037037037037037 0.18 0.3037037037037037 0.19 0.28888888888888886 0.195 0.2785185185185185 0.19583333333333333 0.2725925925925926 0.1925 0.2548148148148148 0.20083333333333334 0.1451851851851852 0.21083333333333334 0.12296296296296297 0.21833333333333332 0.11851851851851851 0.22416666666666668 0.1125925925925926 0.23583333333333334
7 0.10962962962962963 0.2758333333333333 0.11703703703703705 0.2866666666666667 0.11555555555555556 0.30333333333333334 0.1362962962962963 0.3075 0.16296296296296298 0.30083333333333334 0.21037037037037037 0.2991666666666667 0.41925925925925933 0.3058333333333333 0.4725925925925926 0.31 0.49037037037037035 0.3158333333333333 0.6503703703703704 0.30166666666666664 0.6933333333333334 0.29083333333333333 0.7481481481481482 0.2866666666666667 0.7777777777777778 0.2791666666666667 0.8044444444444444 0.2633333333333333 0.802962962962963 0.25833333333333336 0.7881481481481483 0.25 0.7570370370370371 0.2425 0.6681481481481482 0.24500000000000002 0.6503703703703704 0.25416666666666665 0.6222222222222222 0.25 0.5955555555555556 0.255 0.5807407407407408 0.25166666666666665 0.5733333333333334 0.24333333333333332 0.5674074074074074 0.2525 0.5496296296296297 0.25666666666666665 0.4340740740740741 0.25083333333333335 0.40740740740740744 0.24416666666666664 0.4133333333333334 0.23833333333333334 0.4103703703703704 0.23500000000000001 0.402962962962963 0.2375 0.4059259259259259 0.2425 0.39555555555555555 0.24666666666666667 0.3762962962962963 0.24666666666666667 0.36 0.24416666666666664 0.35555555555555557 0.24 0.33333333333333337 0.24083333333333332 0.3288888888888889 0.23333333333333334 0.33037037037037037 0.20916666666666667 0.31851851851851853 0.21000000000000002 0.30962962962962964 0.20249999999999999 0.2859259259259259 0.21000000000000002 0.2725925925925926 0.20666666666666664 0.27555555555555555 0.20083333333333334 0.25925925925925924 0.2 0.14370370370370372 0.2125 0.12148148148148148 0.22000000000000003 0.11111111111111112 0.23583333333333334 0.10962962962962963 0.2758333333333333