7 0.06929347826086957 0.5667686034658512 0.05298913043478261 0.5840978593272171 0.04619565217391304 0.601427115188583 0.0625 0.598369011213048 0.19429347826086957 0.6625891946992865 0.22010869565217392 0.6788990825688074 0.2703804347826087 0.6941896024464832 0.41847826086956524 0.7094801223241591 0.45652173913043476 0.72579001019368 0.514945652173913 0.7431192660550459 0.65625 0.7543323139653415 0.6915760869565217 0.7359836901121305 0.7228260869565217 0.7074413863404689 0.7527173913043479 0.6901121304791029 0.7758152173913043 0.6636085626911316 0.78125 0.6422018348623854 0.7907608695652174 0.6289500509683996 0.8138586956521738 0.6320081549439347 0.826086956521739 0.6258919469928644 0.8192934782608695 0.5932721712538227 0.8111413043478259 0.582059123343527 0.8125 0.5484199796126401 0.8233695652173912 0.5127420998980632 0.84375 0.49235474006116214 0.8464673913043479 0.4831804281345565 0.8369565217391305 0.4709480122324159 0.8165760869565217 0.4678899082568807 0.7894021739130435 0.4801223241590214 0.7690217391304348 0.4801223241590214 0.7432065217391304 0.4882772680937819 0.733695652173913 0.5005096839959225 0.7228260869565217 0.5045871559633028 0.7214673913043479 0.5127420998980632 0.7119565217391304 0.5198776758409787 0.501358695652174 0.4566768603465851 0.5067934782608695 0.44240570846075433 0.5040760869565217 0.4240570846075434 0.48641304347826086 0.4281345565749236 0.45108695652173914 0.41794087665647306 0.43614130434782605 0.42609582059123347 0.328804347826087 0.40061162079510704 0.30027173913043476 0.37716615698267075 0.2391304347826087 0.37512742099898067 0.22418478260869565 0.381243628950051 0.1956521739130435 0.382262996941896 0.1671195652173913 0.39245667686034663 0.125 0.4189602446483181 0.10461956521739131 0.4393476044852192 0.06657608695652174 0.5168195718654435 0.06929347826086957 0.5667686034658512
34 0.33695652173913043 0.40061162079510704 0.34103260869565216 0.4046890927624872 0.3654891304347826 0.4057084607543323 0.4375 0.42303771661569833 0.45244565217391297 0.41794087665647306 0.4796195652173913 0.42609582059123347 0.5081521739130435 0.4209989806320082 0.514945652173913 0.4413863404689093 0.5040760869565217 0.4658511722731906 0.532608695652174 0.4770642201834862 0.5679347826086956 0.48114169215086644 0.5910326086956521 0.4882772680937819 0.6032608695652174 0.4882772680937819 0.7377717391304348 0.4444444444444445 0.7540760869565217 0.4444444444444445 0.763586956521739 0.4393476044852192 0.7676630434782609 0.4301732925586137 0.7676630434782609 0.4148827726809379 0.7608695652173914 0.40061162079510704 0.763586956521739 0.3904179408766565 0.7445652173913043 0.3486238532110092 0.733695652173913 0.34046890927624873 0.657608695652174 0.3068297655453619 0.5760869565217391 0.2996941896024465 0.5529891304347826 0.29357798165137616 0.5407608695652174 0.2854230377166157 0.5285326086956521 0.28440366972477066 0.5095108695652174 0.290519877675841 0.4891304347826087 0.28950050968399593 0.4850543478260869 0.29663608562691135 0.46603260869565216 0.3007135575942915 0.4592391304347826 0.29867482161060144 0.45652173913043476 0.2864424057084608 0.44565217391304346 0.28236493374108057 0.4320652173913043 0.290519877675841 0.4116847826086956 0.28236493374108057 0.3845108695652174 0.28440366972477066 0.36820652173913043 0.3017329255861366 0.3641304347826087 0.32925586136595314 0.3532608695652174 0.34046890927624873 0.3505434782608695 0.36187563710499493 0.33967391304347827 0.38328236493374107 0.33695652173913043 0.40061162079510704
1 0.7105978260869565 0.4597349643221203 0.7445652173913043 0.4831804281345565 0.764945652173913 0.4750254841997961 0.796195652173913 0.472986748216106 0.8029891304347826 0.46687054026503566 0.8029891304347826 0.46279306829765543 0.7839673913043478 0.45769622833843016 0.7350543478260869 0.45158002038735984 0.7160326086956521 0.45361875637105 0.7105978260869565 0.4597349643221203
1 0.8383152173913043 0.46992864424057085 0.8505434782608695 0.4852191641182467 0.8423913043478259 0.5025484199796126 0.9035326086956521 0.5127420998980632 0.9076086956521738 0.5015290519877676 0.9021739130434783 0.4862385321100918 0.8478260869565217 0.46992864424057085 0.8383152173913043 0.46992864424057085
1 0.7581521739130435 0.38022426095820594 0.7717391304347826 0.4209989806320082 0.78125 0.4189602446483181 0.8586956521739131 0.43730886850152906 0.8980978260869564 0.4413863404689093 0.90625 0.43832823649337416 0.9089673913043479 0.41080530071355764 0.8152173913043479 0.39551478083588176 0.764945652173913 0.37920489296636084 0.7581521739130435 0.38022426095820594
1 0.7703804347826086 0.43527013251783897 0.7608695652173914 0.4454638124362895 0.7690217391304348 0.44954128440366975 0.90625 0.4841997961264016 0.9184782608695652 0.4821610601427115 0.9225543478260869 0.46687054026503566 0.9157608695652174 0.45769622833843016 0.875 0.44342507645259943 0.7717391304347826 0.41794087665647306 0.7703804347826086 0.43527013251783897
1 0.24184782608695649 0.3037716615698267 0.20923913043478262 0.30988786952089703 0.19157608695652173 0.32925586136595314 0.21875 0.3414882772680938 0.34103260869565216 0.3700305810397554 0.3505434782608695 0.3557594291539246 0.3464673913043478 0.3486238532110092 0.360054347826087 0.33231396534148827 0.360054347826087 0.32008154943934763 0.3233695652173913 0.31396534148827726 0.27445652173913043 0.2976554536187564 0.2554347826086957 0.2854230377166157 0.2296195652173913 0.28236493374108057 0.24184782608695649 0.3037716615698267
1 0.25135869565217395 0.20998980632008157 0.25679347826086957 0.22018348623853212 0.28125 0.24464831804281348 0.30978260869565216 0.26605504587155965 0.34103260869565216 0.2813455657492355 0.3505434782608695 0.2915392456676861 0.3695652173913043 0.29867482161060144 0.37907608695652173 0.28440366972477066 0.3668478260869565 0.273190621814475 0.3070652173913043 0.2324159021406728 0.2554347826086957 0.20591233435270134 0.25135869565217395 0.20998980632008157
1 0.3546195652173913 0.24770642201834864 0.389945652173913 0.2762487257900102 0.42527173913043476 0.2884811416921509 0.4320652173913043 0.2884811416921509 0.44565217391304346 0.27930682976554533 0.3967391304347826 0.23955147808358818 0.37907608695652173 0.236493374108053 0.358695652173913 0.22426095820591235 0.33967391304347827 0.22222222222222224 0.3546195652173913 0.24770642201834864
1 0.6073369565217391 0.49439347604485223 0.6508152173913043 0.5096839959225281 0.6793478260869565 0.5290519877675841 0.7051630434782609 0.5331294597349643 0.7092391304347826 0.508664627930683 0.6902173913043479 0.4954128440366973 0.6440217391304348 0.47910295616717635 0.6331521739130435 0.47910295616717635 0.6059782608695652 0.48929663608562696 0.6073369565217391 0.49439347604485223
1 0.6616847826086956 0.47910295616717635 0.688858695652174 0.490316004077472 0.7092391304347826 0.5056065239551478 0.7282608695652174 0.49847094801223246 0.7404891304347826 0.48725790010193687 0.7269021739130435 0.47196738022426094 0.6983695652173914 0.45769622833843016 0.6820652173913043 0.4597349643221203 0.6589673913043479 0.4709480122324159 0.6616847826086956 0.47910295616717635