22 0.2296195652173913 0.43960244648318036 0.23777173913043476 0.4633027522935779 0.2595108695652174 0.4892966360856269 0.30027173913043476 0.5168195718654435 0.34239130434782605 0.5313455657492355 0.3858695652173913 0.5374617737003058 0.42119565217391297 0.5344036697247707 0.45108695652173914 0.5206422018348624 0.47010869565217395 0.5007645259938838 0.48097826086956524 0.4701834862385321 0.4796195652173913 0.44342507645259943 0.4633152173913043 0.4097859327217125 0.4429347826086956 0.3906727828746177 0.42119565217391297 0.3776758409785933 0.3967391304347826 0.36697247706422015 0.37364130434782605 0.36314984709480125 0.3383152173913043 0.3623853211009174 0.3043478260869565 0.3662079510703364 0.25 0.386085626911315 0.23097826086956524 0.4090214067278287 0.2296195652173913 0.43960244648318036
22 0.024456521739130436 0.5107033639143731 0.03804347826086956 0.5290519877675841 0.06793478260869565 0.5489296636085628 0.1331521739130435 0.5756880733944955 0.1480978260869565 0.577217125382263 0.21059782608695649 0.5573394495412843 0.2703804347826087 0.5496941896024465 0.27717391304347827 0.5298165137614679 0.27445652173913043 0.5053516819571866 0.25407608695652173 0.48776758409785936 0.23369565217391303 0.4602446483180428 0.18614130434782608 0.4388379204892966 0.12771739130434784 0.43119266055045874 0.09782608695652174 0.4350152905198777 0.05298913043478261 0.4579510703363915 0.024456521739130436 0.48776758409785936 0.024456521739130436 0.5107033639143731
22 0.11548913043478262 0.6406727828746177 0.12907608695652173 0.6536697247706422 0.15625 0.6674311926605505 0.22418478260869565 0.6850152905198776 0.2554347826086957 0.6880733944954128 0.30570652173913043 0.6857798165137614 0.3668478260869565 0.672782874617737 0.3953804347826087 0.6597859327217125 0.4130434782608695 0.6383792048929664 0.4225543478260869 0.5978593272171253 0.42119565217391297 0.591743119266055 0.40489130434782605 0.5787461773700306 0.3817934782608695 0.5657492354740061 0.327445652173913 0.555045871559633 0.2622282608695652 0.5527522935779816 0.21603260869565216 0.5581039755351682 0.14945652173913043 0.5779816513761468 0.12228260869565218 0.5986238532110091 0.11141304347826086 0.6154434250764526 0.11548913043478262 0.6406727828746177
22 0.4225543478260869 0.6215596330275229 0.4103260869565217 0.654434250764526 0.4279891304347826 0.6681957186544343 0.46875 0.6827217125382263 0.5448369565217391 0.6896024464831804 0.592391304347826 0.6857798165137614 0.6453804347826086 0.6681957186544343 0.6644021739130435 0.6536697247706422 0.6725543478260869 0.6406727828746177 0.6752717391304348 0.5986238532110091 0.65625 0.5795107033639144 0.6154891304347826 0.5619266055045872 0.5815217391304348 0.5573394495412843 0.5081521739130435 0.5581039755351682 0.4646739130434782 0.5695718654434251 0.42391304347826086 0.591743119266055 0.4225543478260869 0.6215596330275229
22 0.4728260869565217 0.5152905198776758 0.4796195652173913 0.5290519877675841 0.5108695652173914 0.5512232415902141 0.532608695652174 0.5558103975535168 0.5584239130434783 0.5565749235474006 0.608695652173913 0.5504587155963303 0.657608695652174 0.5313455657492355 0.6875 0.5129969418960244 0.701086956521739 0.49923547400611623 0.71875 0.4663608562691131 0.717391304347826 0.44648318042813456 0.7092391304347826 0.4319571865443425 0.688858695652174 0.41590214067278286 0.6521739130434783 0.40443425076452594 0.6154891304347826 0.40214067278287463 0.5855978260869565 0.40672782874617736 0.5434782608695652 0.41972477064220187 0.5122282608695652 0.4388379204892966 0.4850543478260869 0.46712538226299694 0.4741847826086956 0.49617737003058104 0.4728260869565217 0.5152905198776758
22 0.6902173913043479 0.5328746177370031 0.6970108695652174 0.5527522935779816 0.7228260869565217 0.5787461773700306 0.7445652173913043 0.5886850152905199 0.7717391304347826 0.5948012232415902 0.794836956521739 0.595565749235474 0.8288043478260869 0.5909785932721713 0.8519021739130433 0.5856269113149847 0.8763586956521738 0.5741590214067278 0.8953804347826086 0.5611620795107034 0.919836956521739 0.5344036697247707 0.9307065217391305 0.4969418960244648 0.9184782608695652 0.4678899082568807 0.9048913043478259 0.4548929663608563 0.8654891304347826 0.43730886850152906 0.8057065217391305 0.4327217125382263 0.7758152173913043 0.43654434250764523 0.7527173913043479 0.44342507645259943 0.732336956521739 0.4548929663608563 0.6915760869565217 0.5198776758409787 0.6902173913043479 0.5328746177370031
22 0.389945652173913 0.3318042813455657 0.40353260869565216 0.36697247706422015 0.4334239130434782 0.3814984709480122 0.4646739130434782 0.40825688073394495 0.4932065217391304 0.4181957186544342 0.5339673913043479 0.422782874617737 0.5625 0.41131498470948014 0.6222826086956521 0.3983180428134557 0.639945652173913 0.3891437308868501 0.654891304347826 0.3746177370030581 0.6589673913043479 0.36162079510703365 0.65625 0.34174311926605505 0.6426630434782609 0.3226299694189602 0.6059782608695652 0.30045871559633025 0.5706521739130435 0.2897553516819572 0.5081521739130435 0.28287461773700306 0.45244565217391297 0.2882262996941896 0.41983695652173914 0.2981651376146789 0.39266304347826086 0.32033639143730885 0.389945652173913 0.3318042813455657
22 0.702445652173913 0.3814984709480122 0.7241847826086956 0.40443425076452594 0.7567934782608695 0.4212538226299694 0.7989130434782609 0.4319571865443425 0.8627717391304348 0.4350152905198777 0.9021739130434783 0.42660550458715596 0.9375 0.4090214067278287 0.9605978260869564 0.37844036697247707 0.9605978260869564 0.35856269113149847 0.9415760869565217 0.33409785932721714 0.9008152173913043 0.3134556574923547 0.8519021739130433 0.30428134556574926 0.8070652173913043 0.30198776758409784 0.764945652173913 0.30963302752293576 0.717391304347826 0.33027522935779813 0.6997282608695652 0.35397553516819574 0.702445652173913 0.3814984709480122
22 0.59375 0.2515290519877676 0.595108695652174 0.26987767584097855 0.6154891304347826 0.30198776758409784 0.639945652173913 0.3188073394495413 0.671195652173913 0.32798165137614677 0.7133152173913043 0.32798165137614677 0.7690217391304348 0.30657492354740057 0.7934782608695652 0.2798165137614679 0.8043478260869564 0.2301223241590214 0.7894021739130435 0.20565749235474007 0.763586956521739 0.18730886850152906 0.7241847826086956 0.17584097859327216 0.6739130434782609 0.17660550458715596 0.6372282608695652 0.18960244648318042 0.6046195652173914 0.21559633027522937 0.59375 0.2515290519877676
22 0.33016304347826086 0.2308868501529052 0.35733695652173914 0.26452599388379205 0.391304347826087 0.2805810397553517 0.42934782608695654 0.290519877675841 0.5054347826086956 0.2821100917431193 0.561141304347826 0.2851681957186544 0.5883152173913043 0.25840978593272174 0.5991847826086956 0.2209480122324159 0.595108695652174 0.20183486238532108 0.5665760869565217 0.18042813455657492 0.5244565217391304 0.16743119266055045 0.4755434782608695 0.1636085626911315 0.4130434782608695 0.16666666666666669 0.36277173913043476 0.18272171253822628 0.34103260869565216 0.19648318042813456 0.328804347826087 0.21330275229357798 0.33016304347826086 0.2308868501529052
22 0.2391304347826087 0.3394495412844037 0.24592391304347827 0.3486238532110092 0.2595108695652174 0.3562691131498471 0.30027173913043476 0.363914373088685 0.35190217391304346 0.36085626911314983 0.3980978260869565 0.3662079510703364 0.3872282608695652 0.3256880733944954 0.4021739130434782 0.3073394495412844 0.4266304347826087 0.29281345565749234 0.36277173913043476 0.2706422018348624 0.34510869565217395 0.2706422018348624 0.27989130434782605 0.2882262996941896 0.25407608695652173 0.30198776758409784 0.23777173913043476 0.3180428134556575 0.2391304347826087 0.3394495412844037
22 0.16168478260869565 0.4319571865443425 0.20516304347826084 0.44342507645259943 0.23097826086956524 0.45642201834862384 0.22690217391304346 0.43577981651376146 0.23097826086956524 0.4029051987767584 0.2527173913043478 0.3830275229357798 0.3016304347826087 0.3662079510703364 0.28804347826086957 0.36085626911314983 0.2554347826086957 0.3570336391437309 0.21739130434782608 0.3623853211009174 0.18070652173913043 0.37920489296636084 0.1576086956521739 0.4051987767584098 0.16168478260869565 0.4319571865443425
22 0.2758152173913043 0.5512232415902141 0.327445652173913 0.5535168195718654 0.38315217391304346 0.5642201834862386 0.42119565217391297 0.5894495412844036 0.47146739130434784 0.5657492354740061 0.5067934782608695 0.5565749235474006 0.5081521739130435 0.5535168195718654 0.4850543478260869 0.5374617737003058 0.47010869565217395 0.5160550458715596 0.4646739130434782 0.514525993883792 0.4334239130434782 0.5313455657492355 0.4021739130434782 0.5382262996941896 0.3491847826086957 0.5344036697247707 0.3233695652173913 0.5275229357798165 0.2866847826086957 0.5114678899082569 0.27989130434782605 0.518348623853211 0.2758152173913043 0.5512232415902141
22 0.639945652173913 0.5412844036697247 0.5964673913043479 0.5535168195718654 0.5978260869565217 0.5565749235474006 0.626358695652174 0.5634556574923547 0.6603260869565217 0.5802752293577982 0.6779891304347826 0.5978593272171253 0.7160326086956521 0.5779816513761468 0.6956521739130435 0.555045871559633 0.6875 0.5298165137614679 0.688858695652174 0.5160550458715596 0.6847826086956521 0.5168195718654435 0.639945652173913 0.5412844036697247
22 0.625 0.40061162079510704 0.6535326086956521 0.40366972477064217 0.6915760869565217 0.41590214067278286 0.7160326086956521 0.4388379204892966 0.7228260869565217 0.45871559633027525 0.75 0.44342507645259943 0.7894021739130435 0.4319571865443425 0.7445652173913043 0.41743119266055045 0.720108695652174 0.4029051987767584 0.702445652173913 0.3853211009174312 0.6480978260869565 0.38685015290519875 0.6277173913043479 0.3983180428134557 0.625 0.40061162079510704
22 0.6467391304347826 0.327217125382263 0.657608695652174 0.3440366972477064 0.6589673913043479 0.3646788990825688 0.6494565217391304 0.3837920489296636 0.6942934782608695 0.3830275229357798 0.6997282608695652 0.3799694189602446 0.6997282608695652 0.3470948012232416 0.7133152173913043 0.33103975535168195 0.7092391304347826 0.32874617737003053 0.6793478260869565 0.32951070336391436 0.6494565217391304 0.32339449541284404 0.6467391304347826 0.327217125382263