6 0.353125 0.678125 0.3484375 0.68125 0.3390625 0.68125 0.3375 0.6828125 0.3390625 0.684375 0.3453125 0.6859375 0.3359375 0.684375 0.328125 0.6875 0.3359375 0.6984375 0.353125 0.6984375 0.3546875 0.696875 0.35 0.69375 0.3515625 0.6921875 0.35625 0.6921875 0.3625 0.696875 0.353125 0.7015625 0.34375 0.703125 0.346875 0.7140625 0.3359375 0.734375 0.3359375 0.7390625 0.3234375 0.7484375 0.315625 0.7515625 0.2984375 0.7484375 0.2953125 0.74375 0.2953125 0.7328125 0.3 0.728125 0.303125 0.71875 0.30625 0.7171875 0.30625 0.7125 0.31875 0.7015625 0.33125 0.696875 0.328125 0.69375 0.328125 0.6859375 0.3328125 0.68125 0.3375 0.678125 0.3515625 0.678125
6 0.7171875 0.53125 0.7359375 0.5421875 0.7421875 0.553125 0.7421875 0.559375 0.734375 0.5671875 0.7203125 0.5671875 0.7109375 0.5640625 0.6984375 0.5515625 0.696875 0.54375 0.7 0.5359375 0.7078125 0.53125 0.715625 0.53125
6 0.4078125 0.4 0.4203125 0.4046875 0.421875 0.4078125 0.4203125 0.421875 0.4109375 0.428125 0.3953125 0.428125 0.3859375 0.425 0.3796875 0.41875 0.38125 0.40625 0.39375 0.4015625 0.40625 0.4015625
6 0.2828125 0.79296875 0.0515625 0.05
6 0.36875 0.46875 0.375 0.4765625 0.375 0.4875 0.3640625 0.503125 0.3546875 0.5109375 0.3453125 0.509375 0.3375 0.503125 0.3359375 0.496875 0.3375 0.4859375 0.353125 0.4703125 0.3671875 0.46875
6 0.8 0.4546875 0.809375 0.4625 0.8078125 0.478125 0.796875 0.4875 0.7875 0.490625 0.7703125 0.4890625 0.765625 0.484375 0.7625 0.4765625 0.771875 0.4609375 0.7921875 0.453125 0.7984375 0.4546875
6 0.709375 0.2953125 0.715625 0.3 0.7203125 0.3109375 0.71875 0.321875 0.7109375 0.3328125 0.6953125 0.3328125 0.6875 0.3203125 0.6875 0.3140625 0.6953125 0.296875 0.7078125 0.2953125
6 0.54375 0.784375 0.5609375 0.7921875 0.5671875 0.8 0.5671875 0.8109375 0.5609375 0.8203125 0.5453125 0.8265625 0.51875 0.8265625 0.5109375 0.821875 0.5078125 0.8140625 0.5078125 0.803125 0.515625 0.7921875 0.5265625 0.7859375 0.5421875 0.784375
6 0.6578125 0.5015625 0.6625 0.50625 0.6625 0.521875 0.6578125 0.528125 0.646875 0.53125 0.6296875 0.5296875 0.621875 0.51875 0.621875 0.5140625 0.6328125 0.503125 0.64375 0.5 0.65625 0.5015625
6 0.75 0.4140625 0.759375 0.41875 0.7609375 0.428125 0.7578125 0.4359375 0.746875 0.4421875 0.7390625 0.4421875 0.725 0.4375 0.7203125 0.434375 0.7203125 0.4296875 0.7296875 0.4171875 0.734375 0.4171875 0.7375 0.4140625 0.7484375 0.4140625
6 0.5625 0.428125 0.56875 0.425 0.5765625 0.425 0.58125 0.428125 0.5828125 0.4328125 0.58125 0.4640625 0.575 0.4703125 0.5640625 0.4703125 0.559375 0.4671875 0.55625 0.4578125 0.5578125 0.4375 0.5625 0.4296875
6 0.175 0.7296875 0.184375 0.71875 0.1984375 0.709375 0.2125 0.709375 0.2171875 0.715625 0.2171875 0.73125 0.2140625 0.7375 0.2046875 0.7484375 0.1984375 0.7515625 0.1859375 0.7546875 0.1796875 0.753125 0.1734375 0.746875 0.171875 0.740625 0.175 0.73125
6 0.609375 0.3296875 0.6265625 0.3375 0.6296875 0.34375 0.6296875 0.3515625 0.6203125 0.359375 0.6078125 0.3625 0.6 0.3625 0.5796875 0.353125 0.5765625 0.3453125 0.5765625 0.334375 0.5796875 0.33125 0.5859375 0.328125 0.6078125 0.3296875
6 0.6234375 0.625 0.63125 0.63125 0.6375 0.6453125 0.63125 0.6546875 0.6171875 0.6546875 0.6 0.6453125 0.5921875 0.6359375 0.5921875 0.6296875 0.5953125 0.625 0.6046875 0.621875 0.621875 0.625
6 0.5953125 0.74375 0.603125 0.75 0.60625 0.759375 0.60625 0.7703125 0.5984375 0.7875 0.5921875 0.7890625 0.58125 0.7890625 0.571875 0.784375 0.565625 0.7765625 0.565625 0.765625 0.5703125 0.753125 0.5796875 0.740625 0.590625 0.740625 0.59375 0.74375
6 0.5984375 0.3828125 0.60625 0.3859375 0.6078125 0.3890625 0.60625 0.4046875 0.6109375 0.4125 0.609375 0.4265625 0.6015625 0.4328125 0.5890625 0.4328125 0.5796875 0.4265625 0.5765625 0.4171875 0.5765625 0.4046875 0.5796875 0.396875 0.5890625 0.3859375 0.596875 0.3828125
6 0.4921875 0.6921875 0.503125 0.7015625 0.5125 0.7203125 0.5140625 0.7296875 0.5125 0.740625 0.5046875 0.7484375 0.496875 0.746875 0.4875 0.7375 0.475 0.7125 0.475 0.6953125 0.48125 0.690625 0.490625 0.6921875
6 0.428125 0.3265625 0.440625 0.3328125 0.4453125 0.3375 0.446875 0.3453125 0.440625 0.35625 0.4203125 0.3625 0.4015625 0.3609375 0.4 0.35625 0.3953125 0.353125 0.3921875 0.34375 0.4 0.334375 0.4109375 0.328125 0.4265625 0.3265625
6 0.5828125 0.5109375 0.584375 0.5203125 0.578125 0.525 0.578125 0.528125 0.5671875 0.5390625 0.5578125 0.5421875 0.5390625 0.540625 0.5359375 0.534375 0.5375 0.525 0.55625 0.5109375 0.5671875 0.5078125 0.578125 0.5078125 0.58125 0.5109375
6 0.4890625 0.446875 0.49375 0.45 0.49375 0.465625 0.4890625 0.46875 0.4828125 0.478125 0.4734375 0.4828125 0.4609375 0.4828125 0.4578125 0.4796875 0.459375 0.4609375 0.4640625 0.4578125 0.4640625 0.4546875 0.4734375 0.4484375 0.4875 0.446875
6 0.325 0.6625 0.33125 0.6703125 0.33125 0.678125 0.325 0.684375 0.325 0.6890625 0.3140625 0.6921875 0.290625 0.6859375 0.2859375 0.678125 0.2859375 0.6734375 0.290625 0.6671875 0.303125 0.6609375 0.3171875 0.659375 0.3234375 0.6625
6 0.63125 0.68125 0.6390625 0.6875 0.640625 0.69375 0.646875 0.7 0.6484375 0.7046875 0.646875 0.7171875 0.634375 0.725 0.621875 0.725 0.6109375 0.721875 0.60625 0.7171875 0.6015625 0.7171875 0.596875 0.7140625 0.590625 0.7078125 0.590625 0.6890625 0.5921875 0.6875 0.6015625 0.68125 0.6125 0.678125 0.6234375 0.678125 0.6296875 0.68125
6 0.575 0.6375 0.59375 0.646875 0.5984375 0.646875 0.609375 0.6546875 0.6125 0.6625 0.609375 0.675 0.6 0.678125 0.590625 0.678125 0.575 0.6734375 0.559375 0.6625 0.5578125 0.65625 0.559375 0.64375 0.565625 0.6390625 0.5734375 0.6375
6 0.8140625 0.496875 0.821875 0.496875 0.83125 0.5046875 0.83125 0.509375 0.8390625 0.51875 0.840625 0.525 0.85 0.5390625 0.85 0.546875 0.846875 0.5484375 0.8421875 0.5484375 0.8328125 0.540625 0.83125 0.5359375 0.8234375 0.528125 0.821875 0.521875 0.8140625 0.5140625 0.8125 0.50625 0.8140625 0.4984375
6 0.4765625 0.6515625 0.484375 0.646875 0.4953125 0.646875 0.5 0.6515625 0.503125 0.6640625 0.503125 0.678125 0.5 0.6859375 0.4921875 0.6890625 0.4765625 0.6875 0.471875 0.6765625 0.471875 0.6625 0.4765625 0.653125
6 0.6015625 0.4875 0.6078125 0.490625 0.615625 0.5046875 0.6140625 0.5140625 0.609375 0.51875 0.596875 0.5171875 0.590625 0.5140625 0.5828125 0.5078125 0.5796875 0.5015625 0.58125 0.490625 0.5890625 0.4875 0.6 0.4875
6 0.6609375 0.4671875 0.678125 0.471875 0.6859375 0.4828125 0.6859375 0.4921875 0.6828125 0.496875 0.6828125 0.5015625 0.6734375 0.5078125 0.6640625 0.50625 0.6578125 0.4984375 0.653125 0.4984375 0.6484375 0.4953125 0.640625 0.4859375 0.6421875 0.471875 0.6453125 0.46875 0.659375 0.4671875
6 0.4484375 0.275 0.4640625 0.28125 0.46875 0.2890625 0.46875 0.2984375 0.4625 0.3109375 0.446875 0.321875 0.4390625 0.321875 0.4328125 0.3125 0.4359375 0.28125 0.446875 0.275
6 0.5890625 0.565625 0.59375 0.5671875 0.5984375 0.5734375 0.6 0.578125 0.5984375 0.5859375 0.584375 0.5953125 0.5734375 0.596875 0.5625 0.603125 0.5546875 0.603125 0.5484375 0.6 0.5453125 0.5921875 0.5453125 0.584375 0.5484375 0.5828125 0.5484375 0.578125 0.56875 0.5671875 0.5875 0.565625
6 0.7796875 0.6390625 0.79375 0.6375 0.80625 0.646875 0.8046875 0.65625 0.790625 0.6765625 0.7828125 0.6828125 0.7703125 0.6828125 0.759375 0.6765625 0.759375 0.6625 0.7609375 0.6578125 0.7796875 0.640625
6 0.759375 0.353125 0.7546875 0.340625 0.7546875 0.3234375 0.7609375 0.3125 0.771875 0.309375 0.7765625 0.309375 0.78125 0.315625 0.7859375 0.3484375 0.784375 0.353125 0.778125 0.359375 0.76875 0.359375 0.7609375 0.353125
6 0.25625 0.29375 0.2609375 0.2953125 0.2625 0.2984375 0.2625 0.3171875 0.25 0.3296875 0.2390625 0.3296875 0.2328125 0.325 0.23125 0.309375 0.2328125 0.303125 0.2390625 0.296875 0.24375 0.29375 0.2546875 0.29375
6 0.4421875 0.7421875 0.45 0.7421875 0.4609375 0.746875 0.4671875 0.753125 0.4734375 0.765625 0.4734375 0.7875 0.465625 0.7921875 0.453125 0.790625 0.4390625 0.7671875 0.4375 0.75 0.4421875 0.74375
6 0.5453125 0.3875 0.5515625 0.396875 0.55 0.4078125 0.546875 0.4125 0.5296875 0.415625 0.51875 0.4125 0.5140625 0.4046875 0.5140625 0.4 0.5171875 0.39375 0.528125 0.3859375 0.54375 0.3875
6 0.4484375 0.7046875 0.453125 0.709375 0.45625 0.709375 0.465625 0.7171875 0.4734375 0.7203125 0.4796875 0.7296875 0.478125 0.7390625 0.4703125 0.74375 0.4578125 0.74375 0.4421875 0.7390625 0.434375 0.73125 0.4328125 0.7078125 0.4375 0.703125 0.446875 0.7046875
6 0.4171875 0.3671875 0.43125 0.36875 0.440625 0.3734375 0.44375 0.378125 0.440625 0.3921875 0.425 0.4 0.4 0.3953125 0.3921875 0.3859375 0.3921875 0.375 0.4 0.36875 0.415625 0.3671875
6 0.61875 0.3 0.634375 0.3140625 0.6375 0.321875 0.6359375 0.33125 0.6265625 0.3375 0.6203125 0.3328125 0.6109375 0.33125 0.6015625 0.3203125 0.5984375 0.3109375 0.5984375 0.3046875 0.603125 0.3 0.6078125 0.2984375 0.6171875 0.3
6 0.7734375 0.6046875 0.7875 0.603125 0.796875 0.60625 0.809375 0.615625 0.8140625 0.6265625 0.8078125 0.6375 0.784375 0.63125 0.7796875 0.628125 0.7796875 0.625 0.771875 0.615625 0.7734375 0.60625
6 0.4625 0.796875 0.4703125 0.8 0.471875 0.803125 0.471875 0.8171875 0.4546875 0.8421875 0.434375 0.8421875 0.425 0.8328125 0.425 0.825 0.4296875 0.8125 0.4375 0.803125 0.446875 0.7984375 0.4609375 0.796875
6 0.440625 0.4296875 0.4515625 0.4328125 0.45625 0.440625 0.45625 0.4453125 0.4484375 0.4578125 0.44375 0.4578125 0.428125 0.4671875 0.4109375 0.4671875 0.4046875 0.4640625 0.4 0.459375 0.4 0.45 0.415625 0.434375 0.428125 0.4296875 0.4390625 0.4296875
6 0.5953125 0.51875 0.6125 0.5234375 0.625 0.5359375 0.6234375 0.5484375 0.609375 0.5578125 0.596875 0.5578125 0.5890625 0.5546875 0.58125 0.5484375 0.5765625 0.5390625 0.575 0.53125 0.5796875 0.521875 0.5859375 0.51875 0.59375 0.51875
6 0.3296875 0.4578125 0.3359375 0.459375 0.3390625 0.4640625 0.340625 0.4765625 0.3359375 0.484375 0.3328125 0.4984375 0.325 0.50625 0.315625 0.50625 0.30625 0.5015625 0.3 0.490625 0.3 0.4796875 0.303125 0.4703125 0.3109375 0.4625 0.3203125 0.4578125 0.328125 0.4578125
6 0.1921875 0.5671875 0.190625 0.5546875 0.2125 0.5359375 0.225 0.5328125 0.2296875 0.5328125 0.2328125 0.5375 0.2296875 0.5546875 0.20625 0.5703125 0.2 0.5703125 0.19375 0.5671875
6 0.7578125 0.48125 0.7671875 0.490625 0.7703125 0.503125 0.7703125 0.5125 0.7671875 0.521875 0.7578125 0.5296875 0.7375 0.5296875 0.734375 0.5265625 0.734375 0.509375 0.7328125 0.5078125 0.7328125 0.49375 0.7375 0.4859375 0.75 0.4796875 0.75625 0.48125
6 0.4421875 0.490625 0.446875 0.490625 0.45625 0.484375 0.46875 0.4828125 0.4828125 0.4828125 0.4859375 0.490625 0.4859375 0.496875 0.4828125 0.503125 0.4765625 0.509375 0.465625 0.5140625 0.453125 0.5140625 0.4421875 0.509375 0.440625 0.4984375 0.4421875 0.4921875
6 0.7234375 0.6796875 0.73125 0.6890625 0.7296875 0.7 0.725 0.70625 0.7015625 0.7140625 0.684375 0.7140625 0.678125 0.7078125 0.6765625 0.703125 0.678125 0.69375 0.6875 0.6828125 0.696875 0.678125 0.7203125 0.678125 0.721875 0.6796875
6 0.284375 0.4546875 0.2953125 0.459375 0.3015625 0.465625 0.3015625 0.475 0.2984375 0.4859375 0.2890625 0.490625 0.2578125 0.4890625 0.246875 0.478125 0.246875 0.46875 0.2546875 0.4578125 0.2625 0.4546875 0.2828125 0.4546875
6 0.4 0.6515625 0.4109375 0.65625 0.4171875 0.65625 0.43125 0.6671875 0.4359375 0.678125 0.4359375 0.6859375 0.43125 0.69375 0.428125 0.6953125 0.4125 0.69375 0.390625 0.6828125 0.3859375 0.6734375 0.3859375 0.6625 0.3890625 0.65625 0.3984375 0.653125
6 0.2609375 0.365625 0.26875 0.3765625 0.2703125 0.39375 0.265625 0.4046875 0.2578125 0.4125 0.246875 0.4125 0.2421875 0.4078125 0.240625 0.3734375 0.24375 0.365625 0.25 0.3640625 0.259375 0.365625
6 0.4796875 0.584375 0.4828125 0.5890625 0.4828125 0.603125 0.4625 0.6234375 0.4453125 0.6234375 0.4421875 0.6203125 0.440625 0.6140625 0.4421875 0.59375 0.4546875 0.584375 0.46875 0.5828125 0.478125 0.584375
6 0.2421875 0.6671875 0.253125 0.6640625 0.2640625 0.6671875 0.2640625 0.6734375 0.253125 0.6890625 0.25 0.703125 0.240625 0.7078125 0.2234375 0.70625 0.221875 0.690625 0.2296875 0.678125 0.2421875 0.66875
6 0.3828125 0.690625 0.396875 0.6953125 0.4015625 0.6984375 0.40625 0.70625 0.4078125 0.7125 0.40625 0.7265625 0.3984375 0.7375 0.3984375 0.740625 0.3796875 0.7453125 0.3640625 0.7390625 0.35625 0.728125 0.35625 0.7203125 0.359375 0.715625 0.359375 0.7078125 0.3625 0.7 0.3734375 0.6921875 0.38125 0.6921875
6 0.359375 0.425 0.378125 0.4234375 0.3890625 0.428125 0.3984375 0.4375 0.3984375 0.45 0.3921875 0.45625 0.36875 0.4578125 0.359375 0.446875 0.3546875 0.4359375 0.3546875 0.43125 0.359375 0.4265625
6 0.8 0.559375 0.809375 0.565625 0.8078125 0.5796875 0.7984375 0.5921875 0.7859375 0.6 0.7703125 0.5984375 0.7640625 0.5890625 0.7640625 0.5828125 0.76875 0.5734375 0.78125 0.5625 0.7984375 0.559375
6 0.72890625 0.2875 0.04453125 0.02578125
6 0.4109375 0.7484375 0.41875 0.75 0.43125 0.7625 0.4390625 0.7796875 0.4390625 0.796875 0.428125 0.8078125 0.4203125 0.8078125 0.4 0.79375 0.390625 0.7765625 0.3890625 0.7703125 0.390625 0.753125 0.3984375 0.7484375 0.409375 0.7484375
6 0.2234375 0.421875 0.2359375 0.428125 0.25 0.4484375 0.2515625 0.4578125 0.2421875 0.471875 0.2328125 0.4703125 0.2078125 0.446875 0.20625 0.4375 0.2109375 0.4265625 0.221875 0.421875
6 0.1546875 0.6609375 0.159375 0.6671875 0.1625 0.678125 0.1625 0.7 0.159375 0.7078125 0.153125 0.7125 0.1390625 0.7125 0.13125 0.7078125 0.128125 0.703125 0.125 0.6890625 0.1265625 0.66875 0.1296875 0.6640625 0.1390625 0.6578125 0.146875 0.6578125 0.153125 0.6609375
6 0.4671875 0.5390625 0.4734375 0.54375 0.4734375 0.5484375 0.4625 0.5609375 0.434375 0.559375 0.4265625 0.5515625 0.4265625 0.5421875 0.4359375 0.5328125 0.45625 0.5328125 0.465625 0.5390625
6 0.2984375 0.396875 0.303125 0.3953125 0.315625 0.396875 0.325 0.40625 0.325 0.4109375 0.3296875 0.4171875 0.33125 0.425 0.33125 0.4296875 0.328125 0.4359375 0.325 0.4375 0.3140625 0.4390625 0.3078125 0.4359375 0.2953125 0.41875 0.2953125 0.403125 0.2984375 0.3984375
6 0.6328125 0.553125 0.6609375 0.553125 0.6765625 0.5625 0.678125 0.565625 0.678125 0.5734375 0.671875 0.58125 0.65625 0.5828125 0.6328125 0.5703125 0.6296875 0.5625 0.6328125 0.5546875
6 0.484375 0.359375 0.503125 0.359375 0.509375 0.3625 0.51875 0.3703125 0.525 0.38125 0.5203125 0.3921875 0.515625 0.3953125 0.50625 0.3953125 0.4921875 0.3859375 0.4859375 0.384375 0.4765625 0.371875 0.478125 0.365625 0.484375 0.3609375
6 0.7421875 0.625 0.7546875 0.6296875 0.7625 0.6390625 0.7625 0.6453125 0.75625 0.6515625 0.7421875 0.6546875 0.7265625 0.653125 0.709375 0.6453125 0.7078125 0.6421875 0.7078125 0.63125 0.7109375 0.628125 0.7171875 0.625 0.740625 0.625
6 0.5140625 0.6078125 0.04921875 0.03359375
6 0.578125 0.603125 0.5859375 0.609375 0.5921875 0.6203125 0.5890625 0.6296875 0.58125 0.634375 0.5609375 0.6328125 0.5484375 0.628125 0.5453125 0.6234375 0.5390625 0.6203125 0.5390625 0.6125 0.5421875 0.60625 0.546875 0.603125 0.553125 0.6046875 0.5640625 0.6046875 0.5703125 0.6015625 0.5765625 0.603125
6 0.2828125 0.4203125 0.296875 0.425 0.303125 0.43125 0.303125 0.4421875 0.3 0.446875 0.296875 0.446875 0.2921875 0.4515625 0.2734375 0.4515625 0.271875 0.45 0.2546875 0.4515625 0.2484375 0.440625 0.2484375 0.4296875 0.2546875 0.4203125 0.2625 0.41875 0.28125 0.4203125
6 0.3390625 0.3203125 0.34375 0.3234375 0.35625 0.3234375 0.3609375 0.334375 0.3578125 0.3640625 0.3390625 0.36875 0.334375 0.36875 0.3265625 0.3640625 0.3265625 0.34375 0.315625 0.334375 0.315625 0.325 0.31875 0.321875 0.328125 0.31875 0.3375 0.3203125
6 0.25 0.6078125 0.259375 0.61875 0.2625 0.6265625 0.2625 0.6390625 0.259375 0.6453125 0.2453125 0.65 0.2375 0.65 0.2328125 0.646875 0.23125 0.615625 0.2375 0.6078125 0.2421875 0.60625 0.2484375 0.6078125
6 0.3953125 0.4859375 0.4015625 0.4984375 0.3984375 0.5125 0.3875 0.5265625 0.3796875 0.5296875 0.36875 0.5296875 0.3609375 0.5203125 0.3609375 0.5109375 0.371875 0.490625 0.38125 0.484375 0.39375 0.4859375
6 0.115625 0.55625 0.125 0.5703125 0.125 0.5828125 0.1140625 0.5890625 0.0953125 0.5828125 0.084375 0.571875 0.084375 0.5609375 0.090625 0.553125 0.1109375 0.553125 0.1140625 0.55625
6 0.6359375 0.378125 0.6421875 0.3875 0.640625 0.4015625 0.6265625 0.4125 0.615625 0.4125 0.6078125 0.4046875 0.609375 0.3859375 0.621875 0.3765625 0.634375 0.378125
6 0.475 0.8203125 0.4875 0.8109375 0.4953125 0.8109375 0.5046875 0.8171875 0.50625 0.8234375 0.5046875 0.8375 0.4984375 0.85 0.4828125 0.8609375 0.471875 0.8625 0.465625 0.859375 0.4640625 0.8546875 0.4609375 0.853125 0.459375 0.840625 0.475 0.821875
6 0.41875 0.5484375 0.4265625 0.5546875 0.4296875 0.5625 0.4265625 0.584375 0.41875 0.5921875 0.4046875 0.590625 0.3984375 0.58125 0.3984375 0.5671875 0.403125 0.553125 0.4109375 0.546875 0.4171875 0.5484375
6 0.8140625 0.51875 0.8203125 0.521875 0.834375 0.5421875 0.8328125 0.5515625 0.8234375 0.55625 0.8109375 0.55625 0.8015625 0.5515625 0.7921875 0.5296875 0.7953125 0.5234375 0.8046875 0.51875 0.8125 0.51875
6 0.303125 0.321875 0.3078125 0.3234375 0.3078125 0.3328125 0.303125 0.3390625 0.2984375 0.340625 0.278125 0.340625 0.2640625 0.3328125 0.2640625 0.3234375 0.2734375 0.3203125 0.3015625 0.321875
6 0.54375 0.4484375 0.5546875 0.4609375 0.5578125 0.46875 0.5578125 0.484375 0.5515625 0.4921875 0.54375 0.496875 0.5375 0.49375 0.5359375 0.48125 0.525 0.4671875 0.5265625 0.453125 0.53125 0.4484375 0.5421875 0.4484375
6 0.5046875 0.4125 0.515625 0.41875 0.515625 0.4296875 0.5109375 0.4359375 0.5 0.440625 0.4734375 0.4390625 0.4640625 0.4359375 0.459375 0.428125 0.4640625 0.4140625 0.4703125 0.409375 0.49375 0.409375 0.503125 0.4125
6 0.21875 0.4796875 0.228125 0.484375 0.23125 0.4890625 0.2359375 0.509375 0.234375 0.5265625 0.23125 0.5296875 0.2234375 0.53125 0.20625 0.5296875 0.2 0.5171875 0.1953125 0.4953125 0.2 0.4828125 0.20625 0.4796875 0.2171875 0.4796875
6 0.609375 0.590625 0.6234375 0.59375 0.6359375 0.60625 0.6375 0.6140625 0.63125 0.6203125 0.6203125 0.61875 0.5953125 0.6203125 0.5890625 0.6140625 0.5875 0.6109375 0.5890625 0.5953125 0.596875 0.590625 0.6078125 0.590625
6 0.2765625 0.678125 0.2828125 0.68125 0.2921875 0.690625 0.29375 0.6984375 0.3015625 0.7125 0.3015625 0.721875 0.2984375 0.728125 0.290625 0.734375 0.2796875 0.734375 0.2671875 0.728125 0.2578125 0.709375 0.25625 0.6859375 0.2640625 0.678125 0.275 0.678125
6 0.271875 0.5734375 0.275 0.5828125 0.2734375 0.5921875 0.2625 0.603125 0.2421875 0.603125 0.2375 0.5921875 0.2421875 0.58125 0.253125 0.5734375 0.2703125 0.5734375
6 0.5296875 0.73125 0.534375 0.7328125 0.546875 0.7484375 0.5515625 0.7703125 0.5453125 0.7796875 0.5390625 0.7796875 0.5296875 0.775 0.5171875 0.759375 0.515625 0.7515625 0.5171875 0.7390625 0.51875 0.7359375 0.528125 0.73125
6 0.3375 0.803125 0.3515625 0.8140625 0.3609375 0.828125 0.3609375 0.8359375 0.3578125 0.8421875 0.3453125 0.85 0.3359375 0.85 0.3203125 0.8421875 0.309375 0.828125 0.3078125 0.821875 0.309375 0.8125 0.3171875 0.803125 0.3234375 0.8015625 0.3359375 0.803125
54 0.5414965986394558 0.7065217391304348 0.5469387755102041 0.7133152173913043 0.6122448979591837 0.7472826086956521 0.6544217687074829 0.7527173913043479 0.7129251700680272 0.7758152173913043 0.7482993197278911 0.78125 0.7551020408163265 0.7880434782608695 0.8054421768707483 0.7934782608695652 0.8625850340136054 0.7894021739130435 0.9061224489795918 0.7744565217391304 0.9360544217687075 0.7554347826086956 0.9523809523809523 0.7377717391304348 0.9782312925170068 0.6535326086956521 0.9768707482993196 0.5896739130434783 0.9659863945578231 0.561141304347826 0.9401360544217686 0.5353260869565217 0.9034013605442176 0.5108695652173914 0.8775510204081632 0.5 0.8598639455782312 0.49864130434782605 0.8462585034013606 0.5081521739130435 0.8503401360544217 0.5258152173913043 0.8448979591836734 0.6535326086956521 0.8068027210884354 0.7065217391304348 0.782312925170068 0.7282608695652174 0.746938775510204 0.7418478260869565 0.708843537414966 0.7418478260869565 0.6870748299319728 0.748641304347826 0.6571428571428571 0.7391304347826086 0.6489795918367347 0.7418478260869565 0.5986394557823129 0.7228260869565217 0.5823129251700679 0.7228260869565217 0.5551020408163265 0.688858695652174 0.5428571428571428 0.6875 0.5414965986394558 0.7065217391304348
54 0.09795918367346938 0.4266304347826087 0.1251700680272109 0.46603260869565216 0.20952380952380953 0.47010869565217395 0.2068027210884354 0.45108695652173914 0.19183673469387755 0.41847826086956524 0.19047619047619047 0.39402173913043476 0.19319727891156463 0.3464673913043478 0.2068027210884354 0.3179347826086957 0.24081632653061225 0.28940217391304346 0.24489795918367346 0.27717391304347827 0.26530612244897955 0.26902173913043476 0.2802721088435374 0.26902173913043476 0.33741496598639453 0.28804347826086957 0.34285714285714286 0.2839673913043478 0.3619047619047619 0.2866847826086957 0.3659863945578231 0.27853260869565216 0.3442176870748299 0.25815217391304346 0.2693877551020408 0.2214673913043478 0.23945578231292516 0.19972826086956522 0.2122448979591837 0.1956521739130435 0.19183673469387755 0.22010869565217392 0.14693877551020407 0.3179347826086957 0.09795918367346938 0.3980978260869565 0.09795918367346938 0.4266304347826087
54 0.6122448979591837 0.21603260869565216 0.6816326530612244 0.22554347826086957 0.6952380952380952 0.22282608695652173 0.7210884353741497 0.2323369565217391 0.7346938775510204 0.24864130434782608 0.7605442176870748 0.2554347826086957 0.7918367346938775 0.27853260869565216 0.802721088435374 0.2907608695652174 0.8353741496598639 0.3559782608695652 0.8353741496598639 0.37907608695652173 0.819047619047619 0.40489130434782605 0.8204081632653061 0.42934782608695654 0.8299319727891156 0.43614130434782605 0.8448979591836734 0.43614130434782605 0.8857142857142858 0.41983695652173914 0.9156462585034013 0.391304347826087 0.9360544217687075 0.3532608695652174 0.9414965986394558 0.3247282608695652 0.9387755102040816 0.29891304347826086 0.9142857142857143 0.22826086956521738 0.8925170068027211 0.20244565217391303 0.8693877551020408 0.18478260869565216 0.8353741496598639 0.17119565217391303 0.8122448979591838 0.16847826086956522 0.7346938775510204 0.1875 0.6707482993197279 0.19293478260869565 0.6231292517006802 0.20923913043478262 0.6122448979591837 0.21603260869565216