49 0.00951086956521739 0.8470948012232415 0.028532608695652172 0.854230377166157 0.07065217391304349 0.854230377166157 0.3016304347826087 0.8338430173292559 0.40760869565217395 0.8307849133537207 0.4904891304347826 0.8246687054026504 0.5040760869565217 0.8205912334352702 0.5108695652173914 0.8154943934760448 0.5108695652173914 0.8053007135575942 0.5054347826086956 0.7940876656472987 0.48097826086956524 0.6004077471967381 0.46603260869565216 0.5963302752293578 0.4592391304347826 0.601427115188583 0.4578804347826087 0.6228338430173292 0.43614130434782605 0.6493374108053007 0.4375 0.6860346585117227 0.4429347826086956 0.6901121304791029 0.44565217391304346 0.7125382262996942 0.4538043478260869 0.7176350662589195 0.44972826086956524 0.744138634046891 0.4415760869565217 0.7573904179408767 0.41983695652173914 0.7716615698267074 0.40625 0.7889908256880734 0.37364130434782605 0.8103975535168196 0.3641304347826087 0.8134556574923547 0.281929347826087 0.7956167176350663 0.25135869565217395 0.7767584097859327 0.24728260869565216 0.7849133537206933 0.22418478260869565 0.7910295616717635 0.20244565217391303 0.8042813455657493 0.1779891304347826 0.7859327217125383 0.15081521739130435 0.7869520897043834 0.12907608695652173 0.7767584097859327 0.10461956521739131 0.7900101936799185 0.08288043478260869 0.7900101936799185 0.07065217391304349 0.7798165137614679 0.06929347826086957 0.764525993883792 0.0625 0.7614678899082569 0.06114130434782609 0.7512742099898063 0.04483695652173913 0.7390417940876657 0.04619565217391304 0.726809378185525 0.05434782608695652 0.7155963302752294 0.07744565217391304 0.7094801223241591 0.08288043478260869 0.7003058103975535 0.08288043478260869 0.6666666666666667 0.07065217391304349 0.6656472986748216 0.059782608695652176 0.654434250764526 0.059782608695652176 0.671763506625892 0.03532608695652174 0.7237512742099899 0.01766304347826087 0.7900101936799185 0.01902173913043478 0.8053007135575942 0.010869565217391304 0.8205912334352702 0.00951086956521739 0.8470948012232415
6 0.271875 0.7375 0.290625 0.7453125 0.290625 0.753125 0.28125 0.7640625 0.278125 0.7671875 0.265625 0.76875 0.25625 0.7640625 0.253125 0.759375 0.2546875 0.7421875 0.259375 0.7390625 0.2703125 0.7390625
49 0.5135869565217391 0.7563710499490316 0.5203804347826086 0.7726809378185525 0.5176630434782609 0.8103975535168196 0.5217391304347826 0.8256880733944956 0.53125 0.8328236493374108 0.9986413043478259 0.8032619775739042 0.9986413043478259 0.7217125382262998 0.9932065217391305 0.7186544342507646 0.9850543478260869 0.6931702344546381 0.9524456521739131 0.6401630988786953 0.9470108695652174 0.6401630988786953 0.9429347826086957 0.6615698267074415 0.9660326086956521 0.6829765545361876 0.9660326086956521 0.6992864424057085 0.9796195652173912 0.7237512742099899 0.9728260869565217 0.7349643221202855 0.9592391304347826 0.7390417940876657 0.9320652173913043 0.7319062181447503 0.923913043478261 0.7471967380224261 0.9089673913043479 0.7563710499490316 0.875 0.7573904179408767 0.8355978260869564 0.7767584097859327 0.8043478260869564 0.780835881753313 0.7785326086956521 0.799184505606524 0.7595108695652174 0.8042813455657493 0.7038043478260869 0.8042813455657493 0.688858695652174 0.7951070336391438 0.657608695652174 0.8042813455657493 0.6426630434782609 0.8032619775739042 0.6290760869565217 0.7879714576962285 0.6358695652173914 0.7716615698267074 0.6331521739130435 0.7614678899082569 0.6195652173913043 0.7553516819571866 0.5869565217391304 0.762487257900102 0.5828804347826086 0.7594291539245668 0.5842391304347826 0.7349643221202855 0.5665760869565217 0.6962283384301733 0.53125 0.6952089704383282 0.5217391304347826 0.6901121304791029 0.5135869565217391 0.6952089704383282 0.5135869565217391 0.7563710499490316
6 0.840625 0.615625 0.8484375 0.621875 0.8484375 0.63125 0.8390625 0.6421875 0.8328125 0.64375 0.8234375 0.64375 0.8125 0.6390625 0.80625 0.6328125 0.80625 0.6265625 0.8125 0.6171875 0.8203125 0.6140625 0.8375 0.6140625 0.8390625 0.615625
6 0.30625 0.56875 0.3265625 0.5671875 0.3328125 0.571875 0.33125 0.5796875 0.3078125 0.5796875 0.30625 0.5703125
6 0.9109375 0.6484375 0.928125 0.6484375 0.9359375 0.6515625 0.9359375 0.6671875 0.921875 0.671875 0.9171875 0.6703125 0.9109375 0.65
6 0.1984375 0.7609375 0.20625 0.7640625 0.2078125 0.76875 0.215625 0.775 0.2203125 0.7828125 0.2171875 0.79375 0.2046875 0.8 0.19375 0.796875 0.1875 0.790625 0.184375 0.7796875 0.184375 0.765625 0.1890625 0.7609375 0.196875 0.7609375
49 0.2934782608695652 0.45361875637105 0.31114130434782605 0.45871559633027525 0.32065217391304346 0.46992864424057085 0.3383152173913043 0.47196738022426094 0.3532608695652174 0.4648318042813456 0.375 0.4648318042813456 0.3980978260869565 0.4841997961264016 0.41847826086956524 0.4913353720693171 0.4266304347826087 0.4913353720693171 0.4375 0.4841997961264016 0.41983695652173914 0.46687054026503566 0.37228260869565216 0.4525993883792049 0.3247282608695652 0.44648318042813456 0.2921195652173913 0.4485219164118247 0.2934782608695652 0.45361875637105
6 0.3734375 0.46875 0.38125 0.4734375 0.384375 0.478125 0.384375 0.4828125 0.36875 0.4921875 0.3546875 0.4921875 0.3484375 0.4890625 0.34375 0.484375 0.34375 0.4765625 0.35625 0.4671875 0.371875 0.46875
6 0.8421875 0.5546875 0.8609375 0.5609375 0.8640625 0.5640625 0.8640625 0.56875 0.8609375 0.5734375 0.8515625 0.5796875 0.834375 0.5796875 0.8265625 0.5703125 0.8265625 0.5640625 0.8328125 0.5578125 0.840625 0.55625
6 0.771875 0.640625 0.7796875 0.646875 0.7796875 0.653125 0.7875 0.665625 0.7875 0.671875 0.778125 0.6796875 0.7609375 0.6796875 0.74375 0.6625 0.740625 0.6546875 0.740625 0.6484375 0.74375 0.64375 0.7484375 0.64375 0.753125 0.640625 0.7703125 0.640625
49 0.49728260869565216 0.5739041794087666 0.514945652173913 0.6238532110091743 0.5258152173913043 0.6269113149847094 0.5434782608695652 0.6146788990825688 0.5475543478260869 0.5912334352701325 0.5570652173913043 0.580020387359837 0.5570652173913043 0.5596330275229359 0.5679347826086956 0.5423037716615698 0.5692934782608695 0.5259938837920489 0.5842391304347826 0.5076452599388379 0.6032608695652174 0.5025484199796126 0.626358695652174 0.4831804281345565 0.6739130434782609 0.4709480122324159 0.6956521739130435 0.45565749235474007 0.7092391304347826 0.45565749235474007 0.7160326086956521 0.43832823649337416 0.7241847826086956 0.43527013251783897 0.6725543478260869 0.43832823649337416 0.6195652173913043 0.44954128440366975 0.577445652173913 0.46381243628950053 0.5516304347826086 0.4801223241590214 0.5339673913043479 0.49847094801223246 0.5095108695652174 0.5076452599388379 0.4945652173913043 0.5249745158002039 0.49728260869565216 0.5739041794087666
6 0.6921875 0.54375 0.703125 0.5484375 0.7140625 0.5609375 0.7140625 0.56875 0.70625 0.5765625 0.6984375 0.5796875 0.6796875 0.5765625 0.6671875 0.56875 0.6671875 0.553125 0.6703125 0.5484375 0.6796875 0.54375 0.690625 0.54375
6 0.5328125 0.6484375 0.5453125 0.6578125 0.5546875 0.675 0.5546875 0.6828125 0.5515625 0.6890625 0.540625 0.69375 0.525 0.6890625 0.5109375 0.6765625 0.5046875 0.665625 0.5046875 0.653125 0.5109375 0.6453125 0.521875 0.64375 0.5296875 0.6453125 0.53125 0.6484375
6 0.85 0.478125 0.85625 0.4828125 0.8578125 0.4875 0.853125 0.496875 0.8484375 0.4984375 0.840625 0.496875 0.8296875 0.5 0.8171875 0.4984375 0.8125 0.49375 0.8125 0.490625 0.8375 0.478125 0.8484375 0.478125
6 0.4046875 0.7484375 0.4109375 0.75625 0.4109375 0.7625 0.4078125 0.76875 0.396875 0.7765625 0.390625 0.7765625 0.384375 0.7796875 0.3765625 0.7796875 0.365625 0.7703125 0.3640625 0.7640625 0.3671875 0.7578125 0.3796875 0.7484375 0.3875 0.746875 0.403125 0.7484375
6 0.7078125 0.4625 0.7171875 0.4671875 0.721875 0.475 0.7171875 0.478125 0.696875 0.48125 0.6875 0.4796875 0.6828125 0.4703125 0.6859375 0.46875 0.6875 0.4640625 0.69375 0.4609375 0.70625 0.4625
6 0.7875 0.7453125 0.8 0.75 0.8078125 0.7578125 0.809375 0.7625 0.8109375 0.76875 0.809375 0.775 0.7984375 0.78125 0.7921875 0.78125 0.78125 0.7765625 0.775 0.7703125 0.771875 0.7625 0.771875 0.7515625 0.78125 0.7453125 0.7859375 0.7453125
6 0.7296875 0.7140625 0.7515625 0.715625 0.765625 0.7234375 0.759375 0.7359375 0.753125 0.7375 0.73125 0.7359375 0.7265625 0.7234375 0.7265625 0.71875 0.7296875 0.715625
6 0.3890625 0.5171875 0.39375 0.5140625 0.4046875 0.5140625 0.4140625 0.5171875 0.41875 0.521875 0.4328125 0.528125 0.4375 0.5359375 0.4375 0.546875 0.4328125 0.5515625 0.4171875 0.55 0.4140625 0.546875 0.40625 0.546875 0.3953125 0.5421875 0.3890625 0.5421875 0.3828125 0.5328125 0.3859375 0.521875 0.3890625 0.51875
6 0.6859375 0.765625 0.6890625 0.76875 0.6875 0.7875 0.6734375 0.796875 0.6671875 0.796875 0.6640625 0.8 0.646875 0.8 0.6390625 0.796875 0.634375 0.7875 0.6359375 0.775 0.6515625 0.765625 0.665625 0.765625 0.6734375 0.7625 0.684375 0.765625
6 0.1546875 0.7296875 0.165625 0.73125 0.1765625 0.7390625 0.1796875 0.746875 0.1796875 0.76875 0.1765625 0.7765625 0.16875 0.7828125 0.1484375 0.7828125 0.1421875 0.7796875 0.13125 0.765625 0.1375 0.7390625 0.153125 0.73125
6 0.2984375 0.4578125 0.309375 0.4640625 0.3125 0.4734375 0.3328125 0.4734375 0.3375 0.4765625 0.34375 0.4765625 0.3515625 0.4703125 0.365625 0.46875 0.3796875 0.4734375 0.3859375 0.48125 0.390625 0.484375 0.3953125 0.484375 0.4109375 0.496875 0.4265625 0.496875 0.4421875 0.49375 0.4546875 0.4953125 0.4640625 0.5015625 0.4640625 0.5109375 0.4515625 0.5203125 0.4578125 0.528125 0.4578125 0.5359375 0.4625 0.5390625 0.471875 0.540625 0.478125 0.546875 0.478125 0.55625 0.4765625 0.559375 0.471875 0.5609375 0.471875 0.5640625 0.478125 0.5671875 0.4796875 0.5703125 0.478125 0.5828125 0.471875 0.5859375 0.4671875 0.5921875 0.4515625 0.596875 0.446875 0.6015625 0.45625 0.609375 0.45625 0.6140625 0.446875 0.6265625 0.446875 0.6296875 0.434375 0.6421875 0.43125 0.64375 0.415625 0.6421875 0.4140625 0.64375 0.415625 0.6484375 0.4265625 0.6515625 0.4328125 0.6609375 0.43125 0.6703125 0.4203125 0.6796875 0.4265625 0.6828125 0.4328125 0.6953125 0.440625 0.703125 0.4421875 0.7203125 0.446875 0.725 0.4484375 0.73125 0.446875 0.74375 0.4359375 0.7578125 0.428125 0.759375 0.425 0.7640625 0.4171875 0.7640625 0.415625 0.7609375 0.4140625 0.765625 0.4078125 0.771875 0.4046875 0.78125 0.396875 0.790625 0.3953125 0.7921875 0.390625 0.790625 0.3765625 0.803125 0.365625 0.80625 0.3546875 0.80625 0.353125 0.803125 0.340625 0.8 0.3390625 0.796875 0.334375 0.8078125 0.3328125 0.8 0.3296875 0.796875 0.3234375 0.796875 0.3203125 0.8 0.3109375 0.8015625 0.303125 0.8 0.3015625 0.796875 0.2859375 0.790625 0.275 0.7796875 0.2765625 0.7734375 0.275 0.771875 0.2625 0.7703125 0.259375 0.7671875 0.253125 0.7671875 0.24375 0.7796875 0.2390625 0.7828125 0.2203125 0.7875 0.2109375 0.796875 0.1984375 0.796875 0.1921875 0.79375 0.18125 0.7734375 0.175 0.7796875 0.1703125 0.7796875 0.165625 0.7828125 0.1515625 0.7828125 0.1390625 0.7765625 0.13125 0.765625 0.115625 0.7734375 0.1078125 0.7828125 0.09375 0.7859375 0.078125 0.7796875 0.078125 0.775 0.075 0.7703125 0.0734375 0.75 0.0625 0.74375 0.053125 0.7421875 0.0515625 0.7375 0.053125 0.725 0.0578125 0.7203125 0.0671875 0.715625 0.08125 0.7140625 0.09375 0.7015625 0.09375 0.6921875 0.090625 0.6859375 0.09375 0.671875 0.0921875 0.6609375 0.0875 0.65625 0.08125 0.6578125 0.06875 0.6546875 0.0625 0.64375 0.0671875 0.63125 0.0734375 0.6265625 0.0828125 0.625 0.084375 0.621875 0.09375 0.6203125 0.1 0.615625 0.1 0.60625 0.103125 0.5984375 0.1 0.5890625 0.1 0.578125 0.10625 0.5609375 0.1109375 0.5609375 0.115625 0.5578125 0.1234375 0.5609375 0.134375 0.559375 0.1359375 0.55625 0.146875 0.55 0.1484375 0.546875 0.146875 0.54375 0.1515625 0.5453125 0.1546875 0.540625 0.159375 0.5390625 0.1578125 0.53125 0.1625 0.525 0.171875 0.5234375 0.178125 0.5140625 0.1828125 0.5140625 0.184375 0.5109375 0.203125 0.5078125 0.209375 0.503125 0.246875 0.5046875 0.25 0.5015625 0.2546875 0.5015625 0.259375 0.4953125 0.2609375 0.4875 0.2609375 0.4828125 0.25625 0.475 0.2609375 0.465625 0.2671875 0.4640625 0.2796875 0.4546875 0.2859375 0.45625 0.290625 0.4546875 0.296875 0.4578125
6 0.8703125 0.625 0.884375 0.6359375 0.884375 0.640625 0.86875 0.653125 0.8609375 0.6546875 0.8546875 0.6515625 0.8484375 0.6375 0.8546875 0.628125 0.86875 0.625
6 0.665625 0.6 0.6703125 0.6015625 0.675 0.609375 0.675 0.6203125 0.6703125 0.6265625 0.665625 0.628125 0.646875 0.6234375 0.6359375 0.6140625 0.6359375 0.6109375 0.6515625 0.5984375 0.6640625 0.6
6 0.959375 0.703125 0.971875 0.7140625 0.975 0.721875 0.975 0.7296875 0.9671875 0.7359375 0.95 0.7359375 0.9421875 0.7328125 0.9234375 0.7140625 0.9234375 0.7109375 0.928125 0.7078125 0.9578125 0.703125
6 0.8625 0.5359375 0.8828125 0.540625 0.884375 0.54375 0.8828125 0.5578125 0.8703125 0.56875 0.8625 0.56875 0.8609375 0.5640625 0.8515625 0.55625 0.84375 0.55625 0.8453125 0.54375 0.853125 0.5375 0.8609375 0.5359375
6 0.0953125 0.76875 0.1046875 0.775 0.1140625 0.775 0.1140625 0.7796875 0.103125 0.7859375 0.0953125 0.7875 0.078125 0.7828125 0.0734375 0.771875 0.0734375 0.7515625 0.0796875 0.7453125 0.0859375 0.746875 0.0890625 0.7609375 0.09375 0.76875
6 0.190625 0.6015625 0.19375 0.60625 0.1921875 0.6203125 0.1859375 0.6265625 0.1734375 0.6328125 0.1625 0.6328125 0.15625 0.6296875 0.1484375 0.6203125 0.15 0.6125 0.15625 0.6046875 0.16875 0.5984375 0.1859375 0.5984375 0.1890625 0.6015625
6 0.4703125 0.540625 0.478125 0.5453125 0.478125 0.553125 0.475 0.5578125 0.4671875 0.5625 0.459375 0.5609375 0.4484375 0.5640625 0.4375 0.5640625 0.4359375 0.5546875 0.4421875 0.5421875 0.446875 0.5390625 0.46875 0.540625
6 0.4046875 0.703125 0.4125 0.7078125 0.4203125 0.7171875 0.4140625 0.7265625 0.40625 0.7296875 0.3984375 0.7296875 0.3875 0.725 0.3796875 0.715625 0.38125 0.7078125 0.3859375 0.7046875 0.403125 0.703125
6 0.365625 0.5015625 0.384375 0.5046875 0.3890625 0.509375 0.3890625 0.5140625 0.384375 0.521875 0.3765625 0.5265625 0.3734375 0.528125 0.3484375 0.5265625 0.3390625 0.515625 0.3421875 0.5078125 0.365625 0.503125
6 0.328125 0.578125 0.3328125 0.58125 0.3359375 0.5921875 0.3296875 0.596875 0.3234375 0.596875 0.3109375 0.603125 0.3046875 0.6 0.303125 0.596875 0.3046875 0.584375 0.3125 0.5796875 0.3265625 0.578125
6 0.940625 0.66875 0.9546875 0.671875 0.9625 0.678125 0.965625 0.6859375 0.9640625 0.696875 0.9609375 0.7 0.9546875 0.7 0.95 0.703125 0.921875 0.709375 0.9078125 0.7 0.90625 0.6921875 0.925 0.671875 0.93125 0.66875 0.9390625 0.66875
6 0.328125 0.753125 0.34375 0.76875 0.3421875 0.7796875 0.3375 0.7875 0.328125 0.79375 0.3203125 0.79375 0.3125 0.790625 0.3109375 0.7859375 0.3125 0.7734375 0.3234375 0.7578125 0.3234375 0.7546875 0.3265625 0.7546875
6 0.3390625 0.58125 0.3453125 0.578125 0.3625 0.578125 0.365625 0.58125 0.371875 0.58125 0.375 0.5859375 0.375 0.5921875 0.371875 0.596875 0.3609375 0.5984375 0.340625 0.59375 0.3375 0.5890625 0.3390625 0.5828125
6 0.7421875 0.5953125 0.7546875 0.6046875 0.7546875 0.609375 0.7484375 0.61875 0.7390625 0.6234375 0.7203125 0.6234375 0.7109375 0.609375 0.7203125 0.5984375 0.7265625 0.5953125 0.740625 0.5953125
6 0.625 0.5484375 0.63125 0.5515625 0.6359375 0.5578125 0.634375 0.565625 0.628125 0.5703125 0.6140625 0.5671875 0.60625 0.55 0.6078125 0.546875 0.6234375 0.5484375
6 0.25625 0.59375 0.2625 0.6 0.2625 0.6109375 0.259375 0.61875 0.25 0.625 0.2375 0.6234375 0.2296875 0.6171875 0.2296875 0.6 0.240625 0.59375 0.2546875 0.59375
6 0.5875 0.52578125 0.03125 0.03671875
6 0.8828125 0.5953125 0.8921875 0.6015625 0.8984375 0.6171875 0.9046875 0.625 0.903125 0.6390625 0.8890625 0.6390625 0.8734375 0.625 0.865625 0.621875 0.8609375 0.6109375 0.8609375 0.603125 0.8640625 0.5984375 0.8703125 0.5953125 0.88125 0.5953125
49 0.05298913043478261 0.6279306829765545 0.057065217391304345 0.6279306829765545 0.06657608695652174 0.6248725790010193 0.07880434782608695 0.6116207951070336 0.09103260869565218 0.6116207951070336 0.09510869565217392 0.6075433231396534 0.09375 0.5830784913353722 0.1331521739130435 0.5198776758409787 0.15081521739130435 0.5076452599388379 0.14945652173913043 0.4882772680937819 0.13994565217391303 0.48114169215086644 0.11820652173913042 0.4882772680937819 0.08695652173913043 0.5178389398572885 0.06385869565217392 0.527013251783894 0.05434782608695652 0.5361875637104995 0.05298913043478261 0.6279306829765545
6 0.125 0.58125 0.1328125 0.578125 0.140625 0.578125 0.15 0.58125 0.153125 0.5859375 0.153125 0.5921875 0.1453125 0.603125 0.1453125 0.60625 0.134375 0.615625 0.1171875 0.6203125 0.1046875 0.6203125 0.0984375 0.6140625 0.1 0.6015625 0.125 0.5828125
6 0.6453125 0.5 0.6484375 0.5015625 0.6484375 0.5125 0.6453125 0.5234375 0.64375 0.5265625 0.63125 0.5328125 0.621875 0.5328125 0.615625 0.5296875 0.6125 0.5234375 0.6125 0.5140625 0.625 0.5015625 0.6328125 0.496875 0.64375 0.5
6 0.1609375 0.528125 0.165625 0.525 0.1796875 0.5234375 0.1953125 0.5140625 0.203125 0.5140625 0.209375 0.5265625 0.2078125 0.5359375 0.1921875 0.5453125 0.178125 0.5453125 0.175 0.5421875 0.1609375 0.5390625 0.159375 0.5359375 0.1609375 0.5296875
6 0.646875 0.528125 0.65 0.53125 0.6546875 0.53125 0.6609375 0.540625 0.659375 0.546875 0.653125 0.5515625 0.640625 0.5515625 0.628125 0.54375 0.6296875 0.534375 0.6453125 0.528125
6 0.415625 0.5484375 0.41875 0.5515625 0.4234375 0.5515625 0.4359375 0.5640625 0.434375 0.5703125 0.425 0.5796875 0.4203125 0.5796875 0.4171875 0.5828125 0.403125 0.5828125 0.396875 0.5796875 0.3953125 0.5734375 0.396875 0.553125 0.403125 0.5484375 0.4140625 0.5484375
6 0.2890625 0.5640625 0.29375 0.5671875 0.3015625 0.5671875 0.3046875 0.571875 0.3046875 0.5796875 0.3015625 0.5828125 0.2859375 0.58125 0.271875 0.5828125 0.26875 0.5859375 0.2625 0.5859375 0.2546875 0.58125 0.253125 0.571875 0.2671875 0.5640625 0.2875 0.5640625
6 0.3109375 0.528125 0.3125 0.53125 0.3171875 0.53125 0.3296875 0.540625 0.3328125 0.546875 0.328125 0.5578125 0.3234375 0.559375 0.321875 0.5625 0.3109375 0.5640625 0.303125 0.5625 0.2921875 0.55 0.2921875 0.53125 0.3 0.5265625 0.309375 0.528125
6 0.1140625 0.7234375 0.1234375 0.7296875 0.1296875 0.7421875 0.128125 0.7625 0.1234375 0.7703125 0.1140625 0.775 0.1 0.7734375 0.09375 0.7703125 0.0875 0.75625 0.0859375 0.7453125 0.0875 0.7375 0.090625 0.7359375 0.09375 0.728125 0.1046875 0.7234375 0.1125 0.7234375
6 0.709375 0.7140625 0.7171875 0.715625 0.725 0.7203125 0.728125 0.725 0.728125 0.7359375 0.721875 0.740625 0.7125 0.740625 0.7078125 0.7375 0.6984375 0.7359375 0.69375 0.73125 0.69375 0.7265625 0.6984375 0.71875 0.703125 0.715625 0.7078125 0.715625
6 0.9 0.64375 0.909375 0.6515625 0.9125 0.6578125 0.9125 0.6625 0.915625 0.6671875 0.915625 0.6796875 0.9125 0.6828125 0.8984375 0.6875 0.8890625 0.6859375 0.884375 0.6796875 0.878125 0.6765625 0.875 0.6640625 0.8703125 0.6578125 0.871875 0.6515625 0.878125 0.6453125 0.8859375 0.6421875 0.8984375 0.64375
6 0.6421875 0.653125 0.665625 0.6578125 0.6734375 0.66875 0.6703125 0.6796875 0.665625 0.684375 0.6546875 0.6875 0.6359375 0.6859375 0.6296875 0.6828125 0.621875 0.6734375 0.621875 0.6609375 0.63125 0.6546875 0.640625 0.653125
6 0.2390625 0.7515625 0.2484375 0.7578125 0.25 0.765625 0.2484375 0.7765625 0.2359375 0.784375 0.2234375 0.784375 0.2125 0.771875 0.2109375 0.765625 0.2203125 0.753125 0.2375 0.7515625
6 0.1171875 0.5578125 0.134375 0.5703125 0.134375 0.5765625 0.125 0.5796875 0.1234375 0.5828125 0.115625 0.5859375 0.1140625 0.5890625 0.103125 0.5953125 0.1 0.59375 0.0984375 0.5890625 0.0984375 0.5734375 0.1046875 0.5609375 0.115625 0.5578125
6 0.23125 0.5359375 0.246875 0.5390625 0.2515625 0.54375 0.2515625 0.55 0.2484375 0.55625 0.2359375 0.5625 0.228125 0.5625 0.2234375 0.565625 0.209375 0.5625 0.1984375 0.55625 0.1984375 0.546875 0.209375 0.5390625 0.2296875 0.5359375
6 0.2875 0.58125 0.3 0.5875 0.303125 0.6 0.3015625 0.6078125 0.290625 0.61875 0.278125 0.60625 0.271875 0.603125 0.2671875 0.603125 0.265625 0.60625 0.2640625 0.596875 0.271875 0.584375 0.2859375 0.58125
6 0.0875 0.715625 0.09375 0.721875 0.0921875 0.73125 0.08125 0.74375 0.075 0.746875 0.0609375 0.746875 0.053125 0.74375 0.05 0.7390625 0.05 0.73125 0.053125 0.7234375 0.0640625 0.715625 0.0734375 0.7140625 0.0859375 0.715625
6 0.43203125 0.509375 0.06484375 0.0296875
6 0.6203125 0.5703125 0.640625 0.584375 0.6484375 0.5953125 0.6453125 0.603125 0.634375 0.609375 0.6265625 0.6078125 0.6203125 0.603125 0.615625 0.603125 0.6015625 0.5890625 0.6015625 0.578125 0.6046875 0.571875 0.61875 0.5703125
6 0.8765625 0.6796875 0.8828125 0.68125 0.8953125 0.690625 0.8953125 0.69375 0.90625 0.709375 0.915625 0.7109375 0.9203125 0.715625 0.921875 0.7359375 0.9203125 0.7328125 0.909375 0.7328125 0.9046875 0.7359375 0.896875 0.7359375 0.8828125 0.7328125 0.875 0.7265625 0.865625 0.7125 0.865625 0.709375 0.8578125 0.703125 0.85625 0.6984375 0.8578125 0.6875 0.865625 0.68125 0.875 0.6796875
6 0.378125 0.625 0.3921875 0.63125 0.396875 0.6375 0.3953125 0.653125 0.38125 0.6578125 0.375 0.65625 0.3734375 0.653125 0.3671875 0.65 0.3640625 0.64375 0.365625 0.6328125 0.3765625 0.625
6 0.2234375 0.6625 0.2328125 0.6640625 0.2390625 0.66875 0.2421875 0.675 0.240625 0.6859375 0.2296875 0.690625 0.215625 0.690625 0.20625 0.6859375 0.2 0.6796875 0.1984375 0.6703125 0.2109375 0.6640625 0.221875 0.6640625
6 0.1453125 0.63125 0.1546875 0.63125 0.16875 0.6359375 0.171875 0.640625 0.171875 0.6484375 0.16875 0.653125 0.1625 0.659375 0.1546875 0.6625 0.146875 0.659375 0.1359375 0.65 0.1359375 0.6390625 0.1453125 0.6328125
6 0.271875 0.696875 0.2828125 0.7 0.2859375 0.703125 0.2859375 0.7109375 0.2828125 0.7140625 0.2640625 0.7140625 0.2484375 0.725 0.24375 0.7234375 0.2375 0.7140625 0.2359375 0.7078125 0.240625 0.6984375 0.2453125 0.6953125 0.2703125 0.696875
6 0.278125 0.4765625 0.2984375 0.48125 0.3 0.4890625 0.296875 0.4921875 0.2765625 0.4921875 0.271875 0.4953125 0.2609375 0.4953125 0.259375 0.4875 0.2609375 0.4828125 0.2765625 0.4765625
6 0.16875 0.69375 0.1734375 0.6953125 0.178125 0.7015625 0.1765625 0.7125 0.1671875 0.7203125 0.15625 0.7234375 0.153125 0.7265625 0.1375 0.7234375 0.13125 0.7171875 0.1296875 0.7109375 0.1375 0.7015625 0.1453125 0.6984375 0.146875 0.6953125 0.1671875 0.69375
6 0.315625 0.6125 0.321875 0.61875 0.321875 0.634375 0.31875 0.640625 0.3125 0.64375 0.3109375 0.646875 0.29375 0.6453125 0.2890625 0.640625 0.2890625 0.6328125 0.2921875 0.6234375 0.303125 0.6125 0.3140625 0.6125
6 0.115625 0.6421875 0.121875 0.6453125 0.1234375 0.6546875 0.1125 0.665625 0.1078125 0.6671875 0.09375 0.6671875 0.0890625 0.659375 0.0890625 0.653125 0.09375 0.6453125 0.1015625 0.640625 0.1140625 0.6421875
6 0.771875 0.5234375 0.778125 0.525 0.7859375 0.534375 0.784375 0.5421875 0.775 0.5484375 0.771875 0.5484375 0.7671875 0.5421875 0.75625 0.5359375 0.740625 0.5328125 0.740625 0.528125 0.7453125 0.525 0.7609375 0.521875 0.7703125 0.5234375
6 0.3453125 0.7859375 0.3546875 0.78125 0.371875 0.78125 0.375 0.7859375 0.3734375 0.8 0.365625 0.8046875 0.3546875 0.8046875 0.3453125 0.796875 0.34375 0.7953125 0.3453125 0.7875
6 0.290625 0.5 0.296875 0.5125 0.290625 0.521875 0.2828125 0.5234375 0.2796875 0.5265625 0.2703125 0.5265625 0.2625 0.521875 0.2546875 0.5140625 0.2546875 0.5046875 0.265625 0.496875 0.2828125 0.496875 0.2890625 0.5
6 0.3046875 0.6515625 0.3109375 0.6578125 0.3109375 0.66875 0.296875 0.6796875 0.2875 0.6796875 0.28125 0.675 0.28125 0.659375 0.2890625 0.6515625 0.303125 0.6515625
6 0.815625 0.5828125 0.8359375 0.5875 0.8515625 0.5984375 0.859375 0.6140625 0.859375 0.6234375 0.8546875 0.6234375 0.853125 0.6203125 0.8390625 0.615625 0.8359375 0.6125 0.825 0.6109375 0.8078125 0.603125 0.803125 0.596875 0.803125 0.5875 0.80625 0.584375 0.8140625 0.5828125
6 0.290625 0.45625 0.3078125 0.4609375 0.3109375 0.465625 0.3109375 0.471875 0.3078125 0.475 0.2953125 0.478125 0.271875 0.4765625 0.2625 0.4828125 0.2546875 0.4765625 0.2546875 0.4703125 0.271875 0.4578125 0.2890625 0.45625
6 0.915625 0.728125 0.925 0.734375 0.925 0.74375 0.915625 0.753125 0.9078125 0.75625 0.884375 0.75625 0.878125 0.753125 0.878125 0.7484375 0.875 0.7453125 0.8765625 0.734375 0.88125 0.7328125 0.903125 0.734375 0.90625 0.73125 0.9140625 0.7296875
6 0.4671875 0.565625 0.478125 0.56875 0.48125 0.578125 0.478125 0.5859375 0.4734375 0.5890625 0.46875 0.5890625 0.4671875 0.5921875 0.4578125 0.596875 0.4375 0.596875 0.43125 0.5890625 0.43125 0.58125 0.4390625 0.5703125 0.4453125 0.5703125 0.4484375 0.5671875 0.4546875 0.5671875 0.459375 0.5640625 0.465625 0.565625
6 0.2265625 0.5046875 0.2296875 0.5078125 0.2359375 0.5078125 0.2453125 0.515625 0.2484375 0.5265625 0.24375 0.528125 0.2421875 0.5328125 0.2484375 0.5359375 0.2390625 0.5359375 0.2328125 0.5328125 0.221875 0.5328125 0.21875 0.5296875 0.2140625 0.53125 0.2125 0.5296875 0.209375 0.51875 0.20625 0.515625 0.20625 0.5109375 0.2125 0.50625 0.225 0.5046875
6 0.8859375 0.534375 0.8953125 0.534375 0.903125 0.5375 0.9046875 0.540625 0.9046875 0.5609375 0.903125 0.5625 0.8875 0.5625 0.8828125 0.5578125 0.884375 0.5484375 0.88125 0.540625 0.8859375 0.5359375
6 0.1703125 0.5421875 0.1859375 0.55 0.1875 0.5609375 0.1671875 0.5703125 0.15625 0.56875 0.1546875 0.565625 0.1484375 0.5625 0.146875 0.5515625 0.15 0.546875 0.1578125 0.5421875 0.16875 0.5421875
6 0.8765625 0.6796875 0.8828125 0.68125 0.89375 0.6921875 0.896875 0.7 0.8890625 0.7 0.8734375 0.709375 0.865625 0.709375 0.8609375 0.70625 0.8546875 0.6953125 0.859375 0.684375 0.8640625 0.68125 0.875 0.6796875
6 0.653125 0.5578125 0.6578125 0.5609375 0.6609375 0.571875 0.6484375 0.5859375 0.64375 0.5859375 0.6390625 0.5828125 0.6296875 0.5734375 0.6296875 0.5703125 0.6390625 0.5609375 0.6515625 0.5578125
6 0.090625 0.628125 0.09375 0.634375 0.09375 0.640625 0.0828125 0.659375 0.0734375 0.659375 0.0625 0.6515625 0.059375 0.64375 0.059375 0.634375 0.0640625 0.628125 0.06875 0.628125 0.0734375 0.625 0.0875 0.625 0.0890625 0.628125
6 0.3078125 0.74375 0.315625 0.7453125 0.321875 0.7546875 0.3109375 0.7734375 0.3109375 0.778125 0.30625 0.7875 0.29375 0.79375 0.2828125 0.790625 0.28125 0.7875 0.28125 0.765625 0.296875 0.746875 0.30625 0.7453125
49 0.18070652173913043 0.472986748216106 0.1888586956521739 0.4801223241590214 0.23097826086956524 0.4994903160040775 0.24728260869565216 0.49439347604485223 0.2527173913043478 0.46381243628950053 0.2622282608695652 0.45565749235474007 0.2717391304347826 0.45565749235474007 0.26902173913043476 0.45158002038735984 0.25135869565217395 0.4525993883792049 0.24456521739130435 0.45769622833843016 0.20923913043478262 0.4597349643221203 0.18206521739130435 0.4678899082568807 0.18070652173913043 0.472986748216106
6 0.2171875 0.703125 0.234375 0.71875 0.234375 0.728125 0.2265625 0.7359375 0.2203125 0.7375 0.2078125 0.7359375 0.1984375 0.7296875 0.19375 0.7203125 0.1984375 0.7109375 0.209375 0.7015625 0.215625 0.703125
49 0.7581521739130435 0.43832823649337416 0.7581521739130435 0.4597349643221203 0.763586956521739 0.4678899082568807 0.782608695652174 0.47910295616717635 0.794836956521739 0.4841997961264016 0.8152173913043479 0.4841997961264016 0.8315217391304348 0.4750254841997961 0.8478260869565217 0.4740061162079511 0.8586956521739131 0.47910295616717635 0.8627717391304348 0.49235474006116214 0.8695652173913043 0.4974515800203874 0.8831521739130433 0.5025484199796126 0.892663043478261 0.5015290519877676 0.8967391304347826 0.5056065239551478 0.9048913043478259 0.5045871559633028 0.9048913043478259 0.4974515800203874 0.8858695652173912 0.490316004077472 0.8777173913043479 0.4750254841997961 0.8546195652173912 0.4617737003058104 0.8138586956521738 0.4454638124362895 0.7785326086956521 0.4393476044852192 0.7717391304347826 0.4413863404689093 0.7690217391304348 0.43832823649337416 0.7581521739130435 0.43832823649337416
6 0.5953125 0.6984375 0.603125 0.7078125 0.603125 0.715625 0.5921875 0.7265625 0.5875 0.7265625 0.5765625 0.7203125 0.575 0.709375 0.5859375 0.6984375 0.59375 0.6984375
6 0.875 0.5671875 0.890625 0.5671875 0.9 0.571875 0.9046875 0.5765625 0.9046875 0.584375 0.9125 0.59375 0.9125 0.6 0.90625 0.6 0.9046875 0.603125 0.8984375 0.6046875 0.88125 0.59375 0.8625 0.5921875 0.85625 0.5859375 0.8546875 0.58125 0.85625 0.578125 0.8625 0.575 0.865625 0.5703125 0.875 0.56875