33 0 0.4677083333333333 0 0.6395833333333333 0.04861111111111111 0.6697916666666666 0.10416666666666666 0.690625 0.14583333333333331 0.6989583333333333 0.20416666666666666 0.7052083333333333 0.2638888888888889 0.7041666666666666 0.3097222222222222 0.696875 0.35416666666666663 0.68125 0.3819444444444444 0.6666666666666666 0.41388888888888886 0.6375 0.4222222222222222 0.6135416666666667 0.4222222222222222 0.5927083333333333 0.4125 0.5572916666666666 0.4 0.5364583333333333 0.35277777777777775 0.4864583333333333 0.26666666666666666 0.43229166666666663 0.19444444444444445 0.4125 0.16805555555555554 0.409375 0.10833333333333332 0.4114583333333333 0.05416666666666666 0.425 0.02777777777777778 0.4385416666666666 0.005555555555555555 0.459375 0 0.4677083333333333
33 0.45555555555555555 0.6541666666666666 0.4736111111111111 0.7052083333333333 0.4958333333333333 0.725 0.5416666666666666 0.7364583333333333 0.6513888888888888 0.7385416666666667 0.6791666666666666 0.734375 0.7180555555555556 0.721875 0.7611111111111111 0.7010416666666666 0.7902777777777777 0.678125 0.8125 0.6458333333333333 0.8222222222222222 0.61875 0.8166666666666667 0.5666666666666667 0.7680555555555555 0.515625 0.7597222222222222 0.5197916666666667 0.7486111111111111 0.5177083333333333 0.7402777777777778 0.5114583333333333 0.7388888888888888 0.5010416666666666 0.725 0.4916666666666666 0.6819444444444444 0.4729166666666666 0.6430555555555555 0.465625 0.5930555555555556 0.4677083333333333 0.5513888888888888 0.4822916666666666 0.5166666666666666 0.5020833333333333 0.4833333333333333 0.5291666666666666 0.46388888888888885 0.5635416666666666 0.45555555555555555 0.5927083333333333 0.45555555555555555 0.6541666666666666
33 0.03055555555555555 0.8260416666666666 0.04444444444444444 0.8583333333333332 0.05833333333333333 0.8739583333333332 0.09166666666666666 0.8979166666666666 0.125 0.9145833333333332 0.1638888888888889 0.9270833333333333 0.19722222222222222 0.9322916666666666 0.2652777777777778 0.9291666666666666 0.30416666666666664 0.91875 0.3402777777777778 0.903125 0.39166666666666666 0.85625 0.4111111111111111 0.809375 0.4083333333333333 0.778125 0.39305555555555555 0.7447916666666666 0.36527777777777776 0.7208333333333333 0.3263888888888889 0.6989583333333333 0.24305555555555552 0.7072916666666667 0.17777777777777776 0.70625 0.10555555555555556 0.696875 0.05277777777777778 0.734375 0.034722222222222224 0.759375 0.029166666666666664 0.78125 0.03055555555555555 0.8260416666666666
33 0.40694444444444444 0.8354166666666666 0.3958333333333333 0.8552083333333332 0.4027777777777778 0.8927083333333332 0.4291666666666666 0.928125 0.4805555555555555 0.95625 0.5625 0.96875 0.5986111111111111 0.96875 0.6569444444444443 0.9572916666666667 0.6888888888888889 0.9447916666666666 0.7097222222222221 0.9291666666666666 0.7291666666666666 0.9104166666666667 0.75 0.8791666666666667 0.7569444444444444 0.8322916666666667 0.7486111111111111 0.80625 0.7166666666666666 0.765625 0.675 0.7364583333333333 0.6527777777777778 0.740625 0.611111111111111 0.740625 0.523611111111111 0.7354166666666666 0.4958333333333333 0.7302083333333333 0.4666666666666666 0.7416666666666666 0.43888888888888883 0.759375 0.41666666666666663 0.784375 0.40694444444444444 0.8354166666666666
33 0.7722222222222221 0.5145833333333333 0.8152777777777777 0.5614583333333333 0.825 0.596875 0.8208333333333332 0.634375 0.7847222222222221 0.6885416666666666 0.7902777777777777 0.6979166666666666 0.8347222222222221 0.7166666666666666 0.9041666666666666 0.725 0.9472222222222222 0.7197916666666666 0.9986111111111111 0.7020833333333333 0.9986111111111111 0.4354166666666666 0.9444444444444444 0.4229166666666666 0.8694444444444445 0.4291666666666666 0.8347222222222221 0.4395833333333333 0.8111111111111111 0.4520833333333333 0.7861111111111111 0.46875 0.7694444444444444 0.4895833333333333 0.7722222222222221 0.5145833333333333
33 0.2777777777777778 0.403125 0.3 0.4447916666666666 0.36527777777777776 0.490625 0.4180555555555555 0.50625 0.48611111111111105 0.50625 0.5819444444444444 0.4697916666666666 0.5986111111111111 0.4583333333333333 0.6208333333333333 0.4197916666666666 0.6180555555555556 0.378125 0.6083333333333333 0.35416666666666663 0.5819444444444444 0.31666666666666665 0.5319444444444443 0.278125 0.4708333333333333 0.2583333333333333 0.4097222222222222 0.25625 0.3680555555555555 0.2645833333333333 0.3486111111111111 0.2739583333333333 0.3138888888888889 0.3020833333333333 0.2791666666666667 0.365625 0.2777777777777778 0.403125
33 0.5430555555555555 0.20416666666666666 0.5597222222222222 0.24791666666666665 0.6041666666666666 0.2802083333333333 0.6569444444444443 0.29375 0.7513888888888889 0.2875 0.8027777777777777 0.265625 0.8527777777777776 0.21979166666666666 0.8694444444444445 0.17291666666666666 0.8583333333333332 0.12604166666666666 0.826388888888889 0.08125 0.7847222222222221 0.053125 0.7486111111111111 0.04479166666666666 0.6888888888888889 0.04583333333333333 0.6375 0.059375 0.6138888888888888 0.06979166666666667 0.5638888888888889 0.11145833333333333 0.5444444444444444 0.14791666666666664 0.5430555555555555 0.20416666666666666
33 0.8055555555555556 0.2895833333333333 0.8486111111111111 0.3114583333333333 0.8791666666666667 0.3427083333333333 0.8944444444444445 0.36979166666666663 0.8972222222222221 0.390625 0.9083333333333332 0.40104166666666663 0.9361111111111111 0.4197916666666666 0.9986111111111111 0.4302083333333333 0.9986111111111111 0.17083333333333334 0.961111111111111 0.17083333333333334 0.9333333333333332 0.153125 0.9263888888888887 0.153125 0.9138888888888888 0.16979166666666665 0.8694444444444445 0.18958333333333333 0.8458333333333332 0.23229166666666665 0.8027777777777777 0.26875 0.8055555555555556 0.2895833333333333
33 0.06388888888888888 0.290625 0.07638888888888888 0.33229166666666665 0.1 0.35104166666666664 0.12777777777777777 0.36666666666666664 0.1611111111111111 0.378125 0.25416666666666665 0.38125 0.275 0.371875 0.2875 0.3416666666666667 0.31805555555555554 0.2947916666666667 0.35 0.2708333333333333 0.3847222222222222 0.25729166666666664 0.3847222222222222 0.24791666666666665 0.37361111111111106 0.21666666666666665 0.3402777777777778 0.184375 0.2847222222222222 0.16354166666666664 0.24305555555555552 0.15833333333333333 0.20416666666666666 0.16041666666666665 0.175 0.16666666666666666 0.125 0.18854166666666666 0.0875 0.2177083333333333 0.06388888888888888 0.2552083333333333 0.06388888888888888 0.290625
33 0.5986111111111111 0.3364583333333333 0.611111111111111 0.3552083333333333 0.625 0.39479166666666665 0.6236111111111111 0.4229166666666666 0.6166666666666666 0.4427083333333333 0.6055555555555555 0.4520833333333333 0.6055555555555555 0.4625 0.6638888888888889 0.465625 0.7236111111111111 0.4875 0.7611111111111111 0.4916666666666666 0.7638888888888888 0.478125 0.8347222222222221 0.4364583333333333 0.8708333333333332 0.425 0.8902777777777777 0.40625 0.8902777777777777 0.36875 0.8638888888888889 0.3270833333333333 0.836111111111111 0.30625 0.7819444444444443 0.28541666666666665 0.6611111111111111 0.29791666666666666 0.6041666666666666 0.3270833333333333 0.5986111111111111 0.3364583333333333
33 0.3819444444444444 0.23125 0.3902777777777778 0.25625 0.45 0.25416666666666665 0.4819444444444444 0.259375 0.5291666666666666 0.275 0.5625 0.296875 0.5972222222222222 0.32916666666666666 0.6097222222222223 0.3208333333333333 0.6152777777777778 0.2927083333333333 0.5669444444444445 0.25749999999999995 0.55 0.2364583333333333 0.5402777777777777 0.203125 0.5388888888888889 0.17395833333333333 0.5291666666666666 0.16666666666666666 0.5069444444444444 0.15729166666666666 0.4847222222222222 0.15416666666666665 0.4416666666666666 0.159375 0.4111111111111111 0.175 0.38611111111111107 0.209375 0.3819444444444444 0.23125
33 0.6875 0.7416666666666666 0.7125 0.759375 0.736111111111111 0.784375 0.7527777777777778 0.8114583333333332 0.7597222222222222 0.8364583333333332 0.7680555555555555 0.8385416666666666 0.7972222222222222 0.828125 0.8347222222222221 0.796875 0.8527777777777776 0.7635416666666666 0.861111111111111 0.7270833333333333 0.775 0.6947916666666666 0.7402777777777778 0.7145833333333333 0.6847222222222221 0.7333333333333333 0.6875 0.7416666666666666
33 0.025 0.4354166666666666 0.08055555555555555 0.4145833333333333 0.12916666666666665 0.4072916666666666 0.17777777777777776 0.4072916666666666 0.21666666666666665 0.4135416666666666 0.27361111111111114 0.43229166666666663 0.28194444444444444 0.425 0.26805555555555555 0.39479166666666665 0.25 0.39166666666666666 0.23888888888888887 0.38229166666666664 0.16527777777777777 0.3802083333333333 0.12777777777777777 0.3677083333333333 0.09444444444444444 0.35 0.07638888888888888 0.3520833333333333 0.06805555555555555 0.3489583333333333 0.06527777777777778 0.3572916666666667 0.05694444444444444 0.359375 0.05555555555555556 0.36666666666666664 0.03611111111111111 0.38229166666666664 0.02361111111111111 0.4020833333333333 0.025 0.4354166666666666
33 0.03194444444444444 0.6635416666666666 0 0.6427083333333333 0 0.6895833333333333 0.02777777777777778 0.709375 0.0625 0.7208333333333333 0.10277777777777777 0.696875 0.10416666666666666 0.6916666666666667 0.03194444444444444 0.6635416666666666