7 0.09375 0.24450307827616538 0.1 0.24890061565523308 0.1421875 0.24978012313104664 0.1859375 0.2453825857519789 0.2171875 0.23131046613896222 0.240625 0.22603342128408094 0.275 0.22603342128408094 0.2796875 0.22251539138082674 0.3109375 0.21987686895338615 0.3484375 0.1996481970096746 0.36875 0.167985927880387 0.365625 0.16182937554969218 0.3453125 0.1503957783641161 0.325 0.14599824098504838 0.296875 0.13280562884784522 0.2734375 0.13280562884784522 0.21875 0.1556728232189974 0.1890625 0.17502198768689536 0.165625 0.20492524186455588 0.096875 0.24186455584872474 0.09375 0.24450307827616538
7 0.0140625 0.2875989445910291 0.015625 0.29903254177660515 0.0015625 0.31750219876868957 0.0171875 0.33333333333333337 0.0578125 0.34476693051890944 0.1015625 0.34476693051890944 0.128125 0.3403693931398417 0.1375 0.3324538258575198 0.1234375 0.30958663148636767 0.1296875 0.3007915567282322 0.171875 0.2805628847845207 0.178125 0.28232189973614774 0.2203125 0.27352682497801234 0.2359375 0.2638522427440634 0.2625 0.25945470536499565 0.2765625 0.2550571679859279 0.278125 0.24978012313104664 0.303125 0.24450307827616538 0.3 0.22427440633245385 0.2515625 0.22779243623570805 0.2421875 0.23570800351802995 0.209375 0.23658751099384348 0.178125 0.24802110817941955 0.125 0.24978012313104664 0.09375 0.24450307827616538 0.0328125 0.25769569041336854 0.0046875 0.2726473175021988 0.003125 0.27792436235708007 0.0140625 0.2875989445910291
7 0.128125 0.3087071240105541 0.14375 0.33333333333333337 0.1328125 0.36587510993843453 0.15625 0.3808267370272648 0.178125 0.3887423043095867 0.20625 0.3676341248900616 0.2046875 0.3509234828496043 0.2140625 0.3271767810026386 0.253125 0.3025505716798593 0.321875 0.2788038698328936 0.35625 0.2726473175021988 0.425 0.25153913808267375 0.4421875 0.24362357080035185 0.4421875 0.23658751099384348 0.421875 0.23482849604221637 0.4140625 0.22339489885664032 0.3625 0.22339489885664032 0.21875 0.27528583992963945 0.1625 0.2867194371152155 0.1328125 0.29991204925241866 0.128125 0.3087071240105541
7 0.2109375 0.3755496921723835 0.2234375 0.3887423043095867 0.2359375 0.39226033421284084 0.2359375 0.4080914687774847 0.221875 0.4177660510114336 0.2234375 0.4353562005277046 0.240625 0.4362357080035181 0.296875 0.42128408091468783 0.3234375 0.40545294635004403 0.3234375 0.3913808267370273 0.30625 0.3641160949868074 0.3140625 0.35268249780123134 0.3390625 0.33685136323658754 0.365625 0.32541776605101147 0.4515625 0.30606860158311344 0.4984375 0.28320140721196135 0.5 0.2717678100263853 0.5078125 0.26824978012313105 0.5109375 0.25857519788918204 0.4953125 0.22603342128408094 0.48125 0.21987686895338615 0.46875 0.22251539138082674 0.459375 0.22691292875989447 0.4578125 0.23834652594547054 0.440625 0.24626209322779244 0.434375 0.24626209322779244 0.425 0.23306948109058928 0.4171875 0.23394898856640284 0.4203125 0.2453825857519789 0.40625 0.25769569041336854 0.2578125 0.30167106420404577 0.2296875 0.31750219876868957 0.23125 0.32102022867194374 0.215625 0.3271767810026386 0.2125 0.33333333333333337 0.2109375 0.3755496921723835
7 0.271875 0.2963940193491645 0.3078125 0.28232189973614774 0.275 0.27792436235708007 0.26875 0.2788038698328936 0.2640625 0.28583992963940197 0.271875 0.2963940193491645
7 0.4109375 0.22427440633245385 0.425 0.22867194371152158 0.4296875 0.22339489885664032 0.4546875 0.21987686895338615 0.465625 0.22251539138082674 0.471875 0.21899736147757257 0.4875 0.21987686895338615 0.49375 0.22251539138082674 0.515625 0.21723834652594548 0.5328125 0.2216358839050132 0.5578125 0.21723834652594548 0.5671875 0.21459982409850484 0.5671875 0.20668425681618294 0.5796875 0.2058047493403694 0.5828125 0.19437115215479334 0.59375 0.1899736147757256 0.6015625 0.19437115215479334 0.609375 0.187335092348285 0.6375 0.1759014951627089 0.64375 0.17854001759014954 0.646875 0.16974494283201408 0.6234375 0.16094986807387862 0.584375 0.158311345646438 0.565625 0.16094986807387862 0.425 0.21020228671943714 0.4125 0.21987686895338615 0.4109375 0.22427440633245385
7 0.55625 0.21635883905013195 0.575 0.2216358839050132 0.584375 0.23394898856640284 0.5796875 0.24450307827616538 0.5859375 0.24626209322779244 0.634375 0.21811785400175904 0.715625 0.20228671943711524 0.7234375 0.1952506596306069 0.7203125 0.18645558487247144 0.70625 0.18029903254177662 0.6796875 0.1759014951627089 0.65625 0.17678100263852245 0.6296875 0.18909410729991208 0.5890625 0.1917326297273527 0.5625 0.20668425681618294 0.55625 0.21635883905013195
7 0.203125 0.3966578715919086 0.2078125 0.4291996481970097 0.2234375 0.4362357080035181 0.24375 0.4362357080035181 0.3 0.42128408091468783 0.325 0.40897097625329815 0.328125 0.39753737906772213 0.3078125 0.3676341248900616 0.3171875 0.3509234828496043 0.3390625 0.33861037818821466 0.365625 0.33157431838170626 0.3703125 0.326297273526825 0.3796875 0.33157431838170626 0.3796875 0.3271767810026386 0.390625 0.32189973614775724 0.4203125 0.32102022867194374 0.425 0.316622691292876 0.434375 0.3183817062445031 0.440625 0.30958663148636767 0.4515625 0.3087071240105541 0.4890625 0.2884784520668426 0.5046875 0.2849604221635884 0.5234375 0.26209322779243627 0.575 0.24802110817941955 0.58125 0.23306948109058928 0.5734375 0.22251539138082674 0.5453125 0.21987686895338615 0.5296875 0.22339489885664032 0.5078125 0.21987686895338615 0.503125 0.23218997361477575 0.49375 0.23658751099384348 0.4765625 0.23043095866314864 0.4609375 0.24362357080035185 0.4453125 0.2453825857519789 0.4265625 0.25417766051011437 0.3640625 0.2717678100263853 0.359375 0.27616534740545295 0.3140625 0.28320140721196135 0.271875 0.2963940193491645 0.2703125 0.29991204925241866 0.2546875 0.3034300791556729 0.2515625 0.3104661389621812 0.2390625 0.31750219876868957 0.2359375 0.3271767810026386 0.2203125 0.32981530343007914 0.209375 0.34124890061565527 0.203125 0.3966578715919086
7 0.3125 0.3693931398416887 0.3359375 0.40281442392260336 0.3265625 0.42480211081794195 0.328125 0.4485488126649077 0.353125 0.4608619173262973 0.39375 0.465259454705365 0.428125 0.45030782761653476 0.440625 0.4388742304309587 0.45 0.38698328935795956 0.4375 0.37642919964819704 0.4390625 0.37027264731750226 0.46875 0.35444151275285846 0.4875 0.33861037818821466 0.5140625 0.32893579595426564 0.5203125 0.3201407211961302 0.5375 0.3201407211961302 0.553125 0.31486367634124895 0.5765625 0.2946350043975374 0.621875 0.2788038698328936 0.6671875 0.2559366754617415 0.6890625 0.25417766051011437 0.7125 0.24626209322779244 0.721875 0.23043095866314864 0.7203125 0.22251539138082674 0.7125 0.22339489885664032 0.70625 0.2137203166226913 0.7078125 0.20844327176781005 0.6984375 0.20756376429199652 0.6921875 0.21108179419525067 0.675 0.20756376429199652 0.6546875 0.20932277924362358 0.3734375 0.3271767810026386 0.3625 0.3280562884784521 0.3140625 0.35532102022867196 0.3125 0.3693931398416887
7 0.4375 0.4670184696569922 0.4453125 0.47845206684256825 0.4640625 0.4863676341248901 0.5109375 0.47845206684256825 0.5296875 0.4670184696569922 0.528125 0.4459102902374671 0.509375 0.4353562005277046 0.51875 0.41600703605980655 0.6421875 0.3509234828496043 0.6546875 0.33685136323658754 0.725 0.2928759894459103 0.7609375 0.27528583992963945 0.7890625 0.2726473175021988 0.790625 0.2638522427440634 0.7625 0.2638522427440634 0.75625 0.26033421284080915 0.7625 0.25065963060686014 0.7453125 0.24802110817941955 0.709375 0.25153913808267375 0.6609375 0.26209322779243627 0.5875 0.2928759894459103 0.584375 0.29903254177660515 0.5671875 0.3043095866314864 0.55625 0.31750219876868957 0.540625 0.32541776605101147 0.49375 0.3377308707124011 0.45 0.3693931398416887 0.4375 0.4670184696569922
7 0.5140625 0.4239226033421285 0.5296875 0.4740545294635005 0.525 0.4766930518909411 0.528125 0.4925241864555849 0.5421875 0.482849604221636 0.5640625 0.4766930518909411 0.609375 0.4547053649956025 0.6453125 0.4300791556728233 0.6796875 0.3966578715919086 0.7078125 0.37642919964819704 0.725 0.3693931398416887 0.7875 0.3518029903254178 0.80625 0.3535620052770449 0.840625 0.3676341248900616 0.859375 0.3597185576077397 0.865625 0.3421284080914688 0.84375 0.2928759894459103 0.809375 0.2717678100263853 0.8 0.2770448548812665 0.7578125 0.28232189973614774 0.7078125 0.30694810905892705 0.553125 0.4010554089709763 0.528125 0.41072999120492526 0.5140625 0.4239226033421285
7 0.5078125 0.51363236587511 0.5265625 0.5180299032541777 0.540625 0.5268249780123131 0.51875 0.5426561125769569 0.5140625 0.5822339489885665 0.534375 0.5892700087950749 0.5734375 0.592788038698329 0.5734375 0.581354441512753 0.6078125 0.5769569041336852 0.6546875 0.5602462620932278 0.85625 0.44151275285839936 0.871875 0.42480211081794195 0.871875 0.4168865435356201 0.859375 0.39401934916446796 0.83125 0.36499560246262097 0.8 0.3518029903254178 0.7859375 0.3509234828496043 0.715625 0.37467018469657 0.6609375 0.4116094986807388 0.65 0.4274406332453826 0.6328125 0.4362357080035181 0.6109375 0.4555848724714161 0.5421875 0.48548812664907653 0.5078125 0.5065963060686016 0.5078125 0.51363236587511
7 0.5921875 0.6314863676341249 0.584375 0.6446789797713282 0.5890625 0.6578715919085313 0.6078125 0.6666666666666667 0.6375 0.671943711521548 0.6625 0.6728232189973615 0.69375 0.6675461741424803 0.703125 0.660510114335972 0.7234375 0.6543535620052772 0.7703125 0.6130167106420406 0.84375 0.5664028144239227 0.9078125 0.5013192612137203 0.9359375 0.4969217238346526 0.95 0.5004397537379068 0.9453125 0.4872471416007037 0.9 0.4582233948988567 0.86875 0.4494283201407212 0.8484375 0.45030782761653476 0.8015625 0.4714160070360599 0.78125 0.48812664907651715 0.715625 0.5268249780123131 0.7046875 0.5470536499560247 0.6125 0.5769569041336852 0.5984375 0.5839929639401935 0.5890625 0.5980650835532103 0.5921875 0.6314863676341249
7 0.7015625 0.7062445030782762 0.7234375 0.7282321899736148 0.7921875 0.7475813544415129 0.840625 0.7502198768689534 0.86875 0.7431838170624452 0.8765625 0.7238346525945472 0.8875 0.7132805628847846 0.990625 0.6578715919085313 0.9984375 0.6508355321020229 0.9984375 0.5400175901495163 0.9703125 0.5153913808267371 0.9421875 0.502198768689534 0.9234375 0.5004397537379068 0.9046875 0.5092348284960423 0.83125 0.5795954265611258 0.7859375 0.6033421284080915 0.71875 0.6631486367634125 0.7015625 0.6974494283201408 0.7015625 0.7062445030782762
7 0.775 0.21635883905013195 0.784375 0.22779243623570805 0.809375 0.23043095866314864 0.8328125 0.24714160070360602 0.834375 0.26209322779243627 0.828125 0.27616534740545295 0.8515625 0.29903254177660515 0.8703125 0.3034300791556729 0.8828125 0.29815303430079154 0.8953125 0.30518909410729994 0.896875 0.3113456464379948 0.8859375 0.3280562884784521 0.8890625 0.33157431838170626 0.8984375 0.33157431838170626 0.9109375 0.3192612137203167 0.95 0.30606860158311344 0.971875 0.28583992963940197 0.8984375 0.24010554089709765 0.7859375 0.20844327176781005 0.778125 0.21108179419525067 0.775 0.21635883905013195