13 0.3578125 0.3734375 0.3640625 0.371875 0.3703125 0.38125 0.38125 0.384375 0.38125 0.390625 0.3734375 0.403125 0.3734375 0.4140625 0.378125 0.4203125 0.378125 0.4265625 0.371875 0.4296875 0.365625 0.4296875 0.3515625 0.4390625 0.3453125 0.4390625 0.3421875 0.4421875 0.34375 0.459375 0.3421875 0.4625 0.3359375 0.4640625 0.3125 0.453125 0.3015625 0.4296875 0.30625 0.4203125 0.328125 0.40625 0.3578125 0.375
13 0.5796875 0.2734375 0.5890625 0.284375 0.590625 0.2921875 0.5671875 0.30625 0.54375 0.3125 0.540625 0.315625 0.5359375 0.315625 0.5234375 0.321875 0.5109375 0.321875 0.4984375 0.325 0.4765625 0.325 0.4703125 0.328125 0.43125 0.3328125 0.3921875 0.3328125 0.3859375 0.325 0.3859375 0.3171875 0.459375 0.3 0.46875 0.3 0.490625 0.29375 0.4984375 0.29375 0.503125 0.290625 0.5359375 0.2859375 0.5609375 0.2765625 0.578125 0.2734375
13 0.5625 0.434375 0.5953125 0.4296875 0.6125 0.4296875 0.6125 0.4328125 0.60625 0.4359375 0.6015625 0.4421875 0.59375 0.440625 0.5625 0.4453125 0.5609375 0.4421875 0.5625 0.4359375
13 0.596875 0.44375 0.603125 0.446875 0.603125 0.4515625 0.6140625 0.4703125 0.615625 0.478125 0.6140625 0.4875 0.584375 0.4921875 0.5796875 0.4953125 0.56875 0.4953125 0.5609375 0.4984375 0.5359375 0.5 0.521875 0.503125 0.5171875 0.50625 0.5 0.509375 0.496875 0.5125 0.4765625 0.515625 0.4484375 0.5265625 0.4296875 0.5296875 0.41875 0.5359375 0.396875 0.5390625 0.3734375 0.546875 0.35625 0.546875 0.3546875 0.5453125 0.35 0.528125 0.35625 0.5203125 0.3609375 0.5203125 0.3640625 0.5171875 0.3765625 0.5140625 0.3796875 0.5109375 0.384375 0.5109375 0.403125 0.5015625 0.4125 0.5 0.4234375 0.49375 0.4296875 0.49375 0.4578125 0.48125 0.478125 0.4765625 0.4796875 0.4734375 0.484375 0.4734375 0.5203125 0.4578125 0.5484375 0.453125 0.559375 0.4484375 0.578125 0.446875 0.584375 0.44375 0.5953125 0.44375
13 0.3921875 0.43125 0.396875 0.434375 0.4109375 0.4359375 0.3796875 0.4515625 0.3703125 0.453125 0.3546875 0.4609375 0.346875 0.459375 0.34375 0.4484375 0.3453125 0.4421875 0.3734375 0.43125 0.390625 0.43125
13 0.5234375 0.40625 0.53125 0.40625 0.54375 0.4015625 0.55 0.403125 0.559375 0.4265625 0.559375 0.4453125 0.5546875 0.4484375 0.5390625 0.4515625 0.5375 0.45 0.54375 0.4421875 0.5421875 0.4328125 0.5234375 0.4078125
13 0.678125 0.3875 0.6796875 0.384375 0.6953125 0.3796875 0.70625 0.3734375 0.7140625 0.3734375 0.7171875 0.3828125 0.7015625 0.384375 0.6859375 0.3890625 0.6796875 0.3875
13 0.659375 0.384375 0.6875 0.390625 0.6984375 0.390625 0.7046875 0.39375 0.7078125 0.3984375 0.7078125 0.40625 0.7109375 0.4140625 0.709375 0.41875 0.6703125 0.4234375 0.6328125 0.425 0.609375 0.4296875 0.5875 0.4296875 0.5796875 0.4328125 0.5625 0.4328125 0.553125 0.403125 0.546875 0.4 0.5265625 0.4046875 0.525 0.4015625 0.5296875 0.396875 0.540625 0.39375 0.5421875 0.390625 0.5515625 0.390625 0.553125 0.3875 0.559375 0.3859375 0.6375 0.3875 0.64375 0.384375 0.6578125 0.384375
13 0.3953125 0.4328125 0.4078125 0.434375 0.409375 0.4359375 0.40625 0.4359375 0.4046875 0.4390625 0.3796875 0.4515625 0.3703125 0.453125 0.3671875 0.45625 0.35 0.4625 0.34375 0.45 0.3453125 0.4421875 0.371875 0.4328125 0.384375 0.43125 0.39375 0.4328125
13 0.3421875 0.30625 0.38125 0.328125 0.384375 0.334375 0.3765625 0.3328125 0.3671875 0.334375 0.3640625 0.3375 0.3640625 0.359375 0.3390625 0.3921875 0.303125 0.41875 0.2890625 0.4328125 0.265625 0.446875 0.2546875 0.446875 0.2453125 0.4421875 0.240625 0.4421875 0.2171875 0.4296875 0.209375 0.428125 0.20625 0.421875 0.209375 0.415625 0.2453125 0.384375 0.2578125 0.3765625 0.2625 0.3703125 0.26875 0.3671875 0.2765625 0.3578125 0.31875 0.3234375 0.3234375 0.3171875 0.340625 0.30625
13 0.325 0.4703125 0.328125 0.4703125 0.3125 0.4765625 0.3109375 0.4796875 0.3 0.4859375 0.2953125 0.4859375 0.2859375 0.49375 0.290625 0.503125 0.296875 0.509375 0.296875 0.5125 0.2765625 0.5203125 0.2671875 0.51875 0.2609375 0.5046875 0.2515625 0.4953125 0.253125 0.4875 0.2609375 0.48125 0.271875 0.478125 0.2890625 0.4765625 0.2953125 0.4734375 0.30625 0.4734375 0.3125 0.4703125 0.3234375 0.4703125
13 0.6203125 0.321875 0.628125 0.3234375 0.634375 0.3296875 0.634375 0.3328125 0.640625 0.3390625 0.6421875 0.34375 0.64375 0.3796875 0.640625 0.384375 0.565625 0.3828125 0.5640625 0.38125 0.540625 0.3828125 0.5359375 0.3796875 0.5125 0.3796875 0.5078125 0.3828125 0.4953125 0.3828125 0.490625 0.3796875 0.4578125 0.3796875 0.45625 0.378125 0.3765625 0.3796875 0.371875 0.3765625 0.3671875 0.3515625 0.3671875 0.3375 0.3890625 0.3375 0.3953125 0.334375 0.446875 0.334375 0.48125 0.328125 0.5328125 0.3234375 0.540625 0.3203125 0.6140625 0.3203125 0.61875 0.321875
13 0.5078125 0.390625 0.509375 0.3953125 0.540625 0.4328125 0.5421875 0.4390625 0.5375 0.446875 0.490625 0.465625 0.475 0.475 0.46875 0.475 0.4390625 0.4859375 0.4359375 0.4890625 0.4203125 0.4921875 0.409375 0.4984375 0.3921875 0.503125 0.3828125 0.509375 0.3765625 0.509375 0.3734375 0.5125 0.3375 0.5265625 0.3265625 0.5265625 0.303125 0.5125 0.2921875 0.5015625 0.2890625 0.4953125 0.2921875 0.490625 0.321875 0.4765625 0.3234375 0.4734375 0.3546875 0.4640625 0.371875 0.4546875 0.38125 0.453125 0.39375 0.446875 0.41875 0.43125 0.4265625 0.4296875 0.44375 0.4171875 0.4671875 0.40625 0.46875 0.403125 0.478125 0.4 0.4796875 0.396875 0.49375 0.3890625 0.503125 0.3875 0.50625 0.390625
13 0.49375 0.3828125 0.4953125 0.384375 0.49375 0.3859375 0.475 0.3984375 0.440625 0.415625 0.4390625 0.41875 0.4078125 0.4328125 0.396875 0.4328125 0.3875 0.428125 0.375 0.4125 0.375 0.4046875 0.3875 0.38125 0.4671875 0.38125 0.4796875 0.384375 0.4921875 0.3828125
28 0.37228260869565216 0.6615698267074415 0.3967391304347826 0.6931702344546381 0.4157608695652174 0.7023445463812437 0.4279891304347826 0.7033639143730887 0.44565217391304346 0.7003058103975535 0.46059782608695654 0.6921508664627931 0.47010869565217395 0.6788990825688074 0.47010869565217395 0.6574923547400612 0.4633152173913043 0.6411824668705404 0.4470108695652174 0.6258919469928644 0.41983695652173914 0.6146788990825688 0.3967391304347826 0.6146788990825688 0.3804347826086957 0.6207951070336392 0.3695652173913043 0.6381243628950052 0.37228260869565216 0.6615698267074415
28 0.4741847826086956 0.6228338430173292 0.49728260869565216 0.6513761467889909 0.5081521739130435 0.6574923547400612 0.529891304347826 0.6605504587155964 0.5543478260869565 0.6513761467889909 0.563858695652174 0.6360856269113151 0.5652173913043479 0.6106014271151886 0.561141304347826 0.598369011213048 0.546195652173913 0.582059123343527 0.529891304347826 0.5728848114169216 0.5067934782608695 0.5718654434250765 0.4891304347826087 0.5769622833843018 0.4728260869565217 0.5953109072375128 0.4741847826086956 0.6228338430173292
28 0.5557065217391304 0.6839959225280327 0.563858695652174 0.7003058103975535 0.5801630434782609 0.7115188583078492 0.5978260869565217 0.7166156982670745 0.625 0.7145769622833844 0.6453804347826086 0.7074413863404689 0.657608695652174 0.6992864424057085 0.669836956521739 0.6819571865443426 0.6684782608695652 0.6697247706422018 0.6603260869565217 0.6585117227319063 0.6345108695652174 0.6462793068297656 0.5896739130434783 0.6472986748216106 0.5570652173913043 0.6676860346585117 0.5557065217391304 0.6839959225280327
28 0.2595108695652174 0.6167176350662589 0.264945652173913 0.6258919469928644 0.28532608695652173 0.6411824668705404 0.3043478260869565 0.6472986748216106 0.34239130434782605 0.6483180428134557 0.35733695652173914 0.6442405708460754 0.3668478260869565 0.6381243628950052 0.3777173913043478 0.6187563710499491 0.37228260869565216 0.6055045871559633 0.358695652173913 0.5942915392456677 0.3247282608695652 0.581039755351682 0.2866847826086957 0.580020387359837 0.2703804347826087 0.5881753312945974 0.2608695652173913 0.601427115188583 0.2595108695652174 0.6167176350662589
28 0.26902173913043476 0.5535168195718654 0.2921195652173913 0.5749235474006117 0.3233695652173913 0.580020387359837 0.3532608695652174 0.5647298674821611 0.35733695652173914 0.5514780835881753 0.34510869565217395 0.5259938837920489 0.3247282608695652 0.528032619775739 0.296195652173913 0.5147808358817534 0.27717391304347827 0.5219164118246687 0.26902173913043476 0.5331294597349643 0.26902173913043476 0.5535168195718654
28 0.3967391304347826 0.5851172273190622 0.4103260869565217 0.6095820591233435 0.43478260869565216 0.6187563710499491 0.45244565217391297 0.6156982670744139 0.46739130434782605 0.6044852191641182 0.4782608695652174 0.582059123343527 0.46603260869565216 0.5565749235474006 0.44972826086956524 0.54638124362895 0.4307065217391305 0.5423037716615698 0.4103260869565217 0.5484199796126401 0.3980978260869565 0.563710499490316 0.3967391304347826 0.5851172273190622
28 0.3505434782608695 0.5861365953109072 0.3817934782608695 0.6167176350662589 0.4103260869565217 0.6095820591233435 0.3953804347826087 0.5840978593272171 0.3980978260869565 0.5606523955147809 0.40896739130434784 0.5494393476044852 0.40353260869565216 0.5423037716615698 0.360054347826087 0.5514780835881753 0.3505434782608695 0.5698267074413864 0.3505434782608695 0.5861365953109072
28 0.514945652173913 0.5535168195718654 0.5271739130434783 0.5698267074413864 0.5489130434782609 0.5830784913353722 0.5815217391304348 0.5871559633027523 0.6154891304347826 0.563710499490316 0.608695652173913 0.5351681957186545 0.5883152173913043 0.5178389398572885 0.5434782608695652 0.508664627930683 0.5217391304347826 0.5147808358817534 0.5122282608695652 0.5249745158002039 0.514945652173913 0.5535168195718654
28 0.6603260869565217 0.5382262996941896 0.671195652173913 0.5494393476044852 0.6956521739130435 0.5545361875637105 0.720108695652174 0.527013251783894 0.7404891304347826 0.5147808358817534 0.7432065217391304 0.4954128440366973 0.7296195652173914 0.4801223241590214 0.7038043478260869 0.4750254841997961 0.6766304347826086 0.4852191641182467 0.657608695652174 0.5076452599388379 0.6603260869565217 0.5382262996941896
28 0.6182065217391304 0.48725790010193687 0.6005434782608695 0.4933741080530072 0.5991847826086956 0.49847094801223246 0.6127717391304348 0.5107033639143731 0.6426630434782609 0.5117227319062182 0.657608695652174 0.5035677879714577 0.6725543478260869 0.48725790010193687 0.6779891304347826 0.46992864424057085 0.6752717391304348 0.4454638124362895 0.6616847826086956 0.43119266055045874 0.6467391304347826 0.4271151885830785 0.6168478260869565 0.4301732925586137 0.6032608695652174 0.44240570846075433 0.6182065217391304 0.48725790010193687
28 0.5747282608695652 0.6187563710499491 0.5842391304347826 0.6371049949031601 0.5991847826086956 0.6452599388379205 0.6222826086956521 0.6462793068297656 0.638586956521739 0.6422018348623854 0.6603260869565217 0.6279306829765545 0.6725543478260869 0.6095820591233435 0.6752717391304348 0.5871559633027523 0.65625 0.5657492354740061 0.6426630434782609 0.5606523955147809 0.6304347826086956 0.561671763506626 0.6019021739130435 0.5728848114169216 0.5760869565217391 0.6024464831804281 0.5747282608695652 0.6187563710499491
28 0.6671195652173914 0.6646279306829765 0.7051630434782609 0.6809378185524975 0.7255434782608695 0.6819571865443426 0.7377717391304348 0.6778797145769623 0.7581521739130435 0.6656472986748216 0.7690217391304348 0.6523955147808359 0.7717391304347826 0.6146788990825688 0.764945652173913 0.601427115188583 0.7472826086956521 0.5891946992864424 0.7133152173913043 0.5861365953109072 0.6820652173913043 0.598369011213048 0.6630434782608695 0.6279306829765545 0.6671195652173914 0.6646279306829765
28 0.701086956521739 0.5688073394495413 0.7092391304347826 0.582059123343527 0.7540760869565217 0.5891946992864424 0.7853260869565217 0.5677879714576963 0.794836956521739 0.5392456676860347 0.78125 0.5219164118246687 0.7472826086956521 0.5168195718654435 0.7255434782608695 0.5239551478083588 0.7051630434782609 0.545361875637105 0.701086956521739 0.5688073394495413
28 0.4728260869565217 0.6788990825688074 0.48233695652173914 0.6890927624872579 0.5 0.6952089704383282 0.5217391304347826 0.6952089704383282 0.5502717391304348 0.6850152905198776 0.563858695652174 0.6554536187563711 0.5597826086956521 0.6513761467889909 0.5271739130434783 0.6615698267074415 0.5095108695652174 0.6585117227319063 0.4891304347826087 0.6483180428134557 0.4741847826086956 0.6615698267074415 0.4728260869565217 0.6788990825688074
28 0.59375 0.5188583078491336 0.6114130434782609 0.5392456676860347 0.6168478260869565 0.562691131498471 0.6440217391304348 0.5586136595310907 0.6480978260869565 0.5310907237512742 0.6413043478260869 0.5178389398572885 0.6141304347826086 0.5117227319062182 0.6005434782608695 0.5137614678899083 0.59375 0.5188583078491336
28 0.6467391304347826 0.5596330275229359 0.671195652173913 0.5769622833843018 0.6779891304347826 0.598369011213048 0.7065217391304348 0.5861365953109072 0.6942934782608695 0.5555555555555556 0.6752717391304348 0.5514780835881753 0.6480978260869565 0.5555555555555556 0.6467391304347826 0.5596330275229359
28 0.45652173913043476 0.5474006116207951 0.4728260869565217 0.562691131498471 0.4796195652173913 0.581039755351682 0.5230978260869565 0.5698267074413864 0.5108695652173914 0.5474006116207951 0.5081521739130435 0.5290519877675841 0.4796195652173913 0.5290519877675841 0.4578804347826087 0.5423037716615698 0.45652173913043476 0.5474006116207951