7 0.23505434782608697 0.6997282608695652 0.24728260869565216 0.7241847826086956 0.30027173913043476 0.7663043478260869 0.3532608695652174 0.7921195652173914 0.40760869565217395 0.8043478260869564 0.4619565217391305 0.796195652173913 0.4782608695652174 0.7690217391304348 0.733695652173913 0.5991847826086956 0.7554347826086956 0.5692934782608695 0.7894021739130435 0.5502717391304348 0.794836956521739 0.5434782608695652 0.7934782608695652 0.5217391304347826 0.8111413043478259 0.48777173913043476 0.8111413043478259 0.37364130434782605 0.8070652173913043 0.3654891304347826 0.7690217391304348 0.34510869565217395 0.6807065217391304 0.3342391304347826 0.6942934782608695 0.3668478260869565 0.688858695652174 0.37635869565217395 0.6671195652173914 0.375 0.6684782608695652 0.39402173913043476 0.6752717391304348 0.3953804347826087 0.686141304347826 0.4334239130434782 0.686141304347826 0.4592391304347826 0.6793478260869565 0.4592391304347826 0.6521739130434783 0.45652173913043476 0.6331521739130435 0.4483695652173913 0.608695652173913 0.4483695652173913 0.6032608695652174 0.43885869565217395 0.5692934782608695 0.4225543478260869 0.5597826086956521 0.4103260869565217 0.5217391304347826 0.3967391304347826 0.5122282608695652 0.3858695652173913 0.4850543478260869 0.37228260869565216 0.4470108695652174 0.3668478260869565 0.41847826086956524 0.3695652173913043 0.3817934782608695 0.389945652173913 0.3668478260869565 0.41983695652173914 0.3559782608695652 0.4266304347826087 0.35190217391304346 0.43614130434782605 0.3179347826086957 0.45108695652173914 0.31114130434782605 0.4646739130434782 0.3016304347826087 0.47010869565217395 0.2866847826086957 0.4945652173913043 0.2703804347826087 0.5529891304347826 0.24728260869565216 0.5896739130434783 0.24184782608695649 0.6290760869565217 0.2296195652173913 0.6467391304347826 0.23505434782608697 0.6997282608695652
7 0.5448369565217391 0.32065217391304346 0.5489130434782609 0.36277173913043476 0.5733695652173914 0.42119565217391297 0.6168478260869565 0.44565217391304346 0.625 0.4429347826086956 0.671195652173913 0.4592391304347826 0.7065217391304348 0.4592391304347826 0.7269021739130435 0.47010869565217395 0.7350543478260869 0.46875 0.7445652173913043 0.4782608695652174 0.7581521739130435 0.4782608695652174 0.7663043478260869 0.48369565217391297 0.779891304347826 0.5122282608695652 0.7703804347826086 0.5339673913043479 0.78125 0.5421195652173914 0.7894021739130435 0.5407608695652174 0.7934782608695652 0.5190217391304348 0.8138586956521738 0.4850543478260869 0.8165760869565217 0.4592391304347826 0.8138586956521738 0.375 0.8043478260869564 0.36141304347826086 0.7703804347826086 0.34510869565217395 0.7404891304347826 0.34375 0.6779891304347826 0.328804347826087 0.6426630434782609 0.3029891304347826 0.6358695652173914 0.2839673913043478 0.6372282608695652 0.264945652173913 0.6222826086956521 0.24728260869565216 0.5883152173913043 0.2622282608695652 0.577445652173913 0.2839673913043478 0.5502717391304348 0.30978260869565216 0.5448369565217391 0.32065217391304346
42 0.46875 0.8125 0.48641304347826086 0.8125 0.6019021739130435 0.7445652173913043 0.6589673913043479 0.720108695652174 0.717391304347826 0.71875 0.8002717391304348 0.751358695652174 0.8165760869565217 0.7472826086956521 0.8179347826086957 0.7282608695652174 0.796195652173913 0.6970108695652174 0.7404891304347826 0.6793478260869565 0.6834239130434783 0.671195652173913 0.6345108695652174 0.6752717391304348 0.5964673913043479 0.6902173913043479 0.5067934782608695 0.7404891304347826 0.46875 0.7989130434782609 0.46875 0.8125
42 0.5896739130434783 0.7866847826086956 0.595108695652174 0.7921195652173914 0.6154891304347826 0.7907608695652174 0.6467391304347826 0.7758152173913043 0.6671195652173914 0.748641304347826 0.671195652173913 0.720108695652174 0.6358695652173914 0.7282608695652174 0.6100543478260869 0.7418478260869565 0.5910326086956521 0.7717391304347826 0.5896739130434783 0.7866847826086956
42 0.5067934782608695 0.8043478260869564 0.5081521739130435 0.8097826086956521 0.5489130434782609 0.8179347826086957 0.6535326086956521 0.8084239130434783 0.6847826086956521 0.7989130434782609 0.6915760869565217 0.782608695652174 0.6915760869565217 0.7581521739130435 0.6603260869565217 0.7622282608695652 0.6426630434782609 0.779891304347826 0.608695652173913 0.7934782608695652 0.6012228260869565 0.7934782608695652 0.5855978260869565 0.78125 0.577445652173913 0.7676630434782609 0.5190217391304348 0.7921195652173914 0.5067934782608695 0.8043478260869564
42 0.7255434782608695 0.6725543478260869 0.7880434782608695 0.6915760869565217 0.8179347826086957 0.720108695652174 0.8668478260869564 0.7133152173913043 0.8817934782608695 0.7078804347826086 0.8913043478260869 0.6956521739130435 0.8872282608695652 0.6752717391304348 0.8478260869565217 0.6671195652173914 0.8070652173913043 0.6494565217391304 0.7404891304347826 0.639945652173913 0.7269021739130435 0.6535326086956521 0.7255434782608695 0.6725543478260869
42 0.7404891304347826 0.6019021739130435 0.7785326086956521 0.592391304347826 0.7934782608695652 0.5801630434782609 0.8179347826086957 0.5489130434782609 0.8274456521739131 0.5190217391304348 0.8247282608695652 0.5135869565217391 0.8125 0.5067934782608695 0.7989130434782609 0.5217391304347826 0.8002717391304348 0.5353260869565217 0.7907608695652174 0.5557065217391304 0.7567934782608695 0.5720108695652174 0.7432065217391304 0.592391304347826 0.7404891304347826 0.6019021739130435
42 0.7092391304347826 0.6222826086956521 0.7296195652173914 0.6372282608695652 0.779891304347826 0.6440217391304348 0.8111413043478259 0.639945652173913 0.8478260869565217 0.6168478260869565 0.861413043478261 0.5978260869565217 0.8695652173913043 0.5720108695652174 0.861413043478261 0.5692934782608695 0.830163043478261 0.5855978260869565 0.7404891304347826 0.6019021739130435 0.7119565217391304 0.6127717391304348 0.7092391304347826 0.6222826086956521
42 0.8342391304347826 0.4470108695652174 0.8831521739130433 0.5067934782608695 0.90625 0.5163043478260869 0.9320652173913043 0.5190217391304348 0.9619565217391305 0.5040760869565217 0.9701086956521738 0.4904891304347826 0.9701086956521738 0.4782608695652174 0.9633152173913043 0.4728260869565217 0.9103260869565217 0.4633152173913043 0.8491847826086957 0.44021739130434784 0.8342391304347826 0.4470108695652174
42 0.8736413043478259 0.5815217391304348 0.8817934782608695 0.5978260869565217 0.8953804347826086 0.6100543478260869 0.9157608695652174 0.6032608695652174 0.9307065217391305 0.5788043478260869 0.9157608695652174 0.5502717391304348 0.9116847826086957 0.5475543478260869 0.8763586956521738 0.5597826086956521 0.8736413043478259 0.5815217391304348
42 0.8288043478260869 0.5095108695652174 0.8369565217391305 0.5176630434782609 0.8777173913043479 0.5163043478260869 0.8763586956521738 0.5054347826086956 0.8464673913043479 0.46059782608695654 0.8410326086956521 0.45516304347826086 0.826086956521739 0.45516304347826086 0.8288043478260869 0.5095108695652174
42 0.8220108695652174 0.5529891304347826 0.8274456521739131 0.563858695652174 0.8668478260869564 0.561141304347826 0.9103260869565217 0.5475543478260869 0.90625 0.5285326086956521 0.8831521739130433 0.5135869565217391 0.8777173913043479 0.5176630434782609 0.8369565217391305 0.5190217391304348 0.8233695652173912 0.5339673913043479 0.8220108695652174 0.5529891304347826
42 0.19157608695652173 0.639945652173913 0.2296195652173913 0.6847826086956521 0.22418478260869565 0.6779891304347826 0.23097826086956524 0.669836956521739 0.22554347826086957 0.6480978260869565 0.2391304347826087 0.6277173913043479 0.23777173913043476 0.6046195652173914 0.22826086956521738 0.5964673913043479 0.21739130434782608 0.5964673913043479 0.1875 0.6059782608695652 0.19157608695652173 0.639945652173913
42 0.8152173913043479 0.3872282608695652 0.8152173913043479 0.42119565217391297 0.8247282608695652 0.45108695652173914 0.8274456521739131 0.4429347826086956 0.8519021739130433 0.4375 0.8519021739130433 0.42934782608695654 0.8383152173913043 0.40489130434782605 0.8192934782608695 0.3872282608695652 0.8152173913043479 0.3872282608695652
42 0.8070652173913043 0.6440217391304348 0.8152173913043479 0.6521739130434783 0.8410326086956521 0.6644021739130435 0.8777173913043479 0.6684782608695652 0.8736413043478259 0.6480978260869565 0.8451086956521738 0.626358695652174 0.8152173913043479 0.638586956521739 0.8070652173913043 0.6440217391304348