44 0.459375 0.0828125 0.478125 0.0828125 0.4890625 0.0859375 0.490625 0.0890625 0.4984375 0.0921875 0.503125 0.096875 0.509375 0.1046875 0.5109375 0.1109375 0.5140625 0.1125 0.5140625 0.125 0.509375 0.134375 0.4984375 0.1421875 0.49375 0.1421875 0.4890625 0.1453125 0.4734375 0.1453125 0.4640625 0.1421875 0.453125 0.1421875 0.440625 0.1375 0.4375 0.134375 0.4390625 0.1046875 0.446875 0.0921875 0.459375 0.084375
44 0.359375 0.70625 0.3640625 0.7078125 0.365625 0.7109375 0.365625 0.7203125 0.3703125 0.7296875 0.3875 0.746875 0.3875 0.75 0.384375 0.753125 0.3765625 0.753125 0.3734375 0.75625 0.3578125 0.7609375 0.3421875 0.7734375 0.3375 0.7734375 0.3328125 0.7703125 0.315625 0.7703125 0.3078125 0.7671875 0.303125 0.759375 0.3 0.7453125 0.303125 0.7390625 0.3203125 0.728125 0.33125 0.7171875 0.334375 0.7125 0.334375 0.7078125 0.3453125 0.7046875 0.3578125 0.70625
44 0.7125 0.7625 0.721875 0.771875 0.746875 0.7796875 0.7421875 0.79375 0.7296875 0.803125 0.7171875 0.803125 0.7078125 0.79375 0.68125 0.784375 0.6828125 0.778125 0.690625 0.7734375 0.6984375 0.771875 0.7 0.76875 0.703125 0.76875 0.7046875 0.765625 0.7109375 0.7625
44 0.80625 0.5265625 0.821875 0.528125 0.840625 0.5375 0.853125 0.5515625 0.853125 0.55625 0.85625 0.5609375 0.85625 0.5703125 0.853125 0.575 0.853125 0.58125 0.84375 0.5890625 0.834375 0.5921875 0.8078125 0.59375 0.79375 0.5984375 0.7734375 0.596875 0.7609375 0.5890625 0.7546875 0.58125 0.753125 0.575 0.7546875 0.5671875 0.7609375 0.55625 0.7609375 0.55 0.7734375 0.534375 0.7890625 0.528125 0.8046875 0.5265625
44 0.43125 0.2609375 0.4359375 0.271875 0.45 0.2828125 0.4515625 0.2953125 0.4484375 0.2984375 0.440625 0.2984375 0.4296875 0.3015625 0.4265625 0.3046875 0.415625 0.30625 0.409375 0.3046875 0.4078125 0.2875 0.4046875 0.2796875 0.3953125 0.271875 0.384375 0.26875 0.3828125 0.2640625 0.396875 0.2578125 0.4296875 0.2609375
44 0.903125 0.6921875 0.9078125 0.7 0.909375 0.7078125 0.909375 0.7140625 0.9046875 0.7265625 0.9046875 0.7359375 0.8953125 0.746875 0.8875 0.75 0.865625 0.75 0.8640625 0.746875 0.8390625 0.734375 0.84375 0.7265625 0.84375 0.7 0.853125 0.696875 0.8828125 0.6953125 0.890625 0.6890625 0.9015625 0.6921875
44 0.25625 0.8484375 0.2703125 0.8515625 0.290625 0.8515625 0.2984375 0.8546875 0.3109375 0.8640625 0.315625 0.8734375 0.315625 0.8796875 0.3109375 0.884375 0.3015625 0.9046875 0.2984375 0.9046875 0.296875 0.9078125 0.29375 0.9078125 0.2765625 0.9203125 0.265625 0.9203125 0.259375 0.9234375 0.240625 0.91875 0.2265625 0.8984375 0.21875 0.8921875 0.2125 0.88125 0.2125 0.8703125 0.2234375 0.8578125 0.2546875 0.8484375
44 0.63125 0.065625 0.646875 0.071875 0.6515625 0.0765625 0.6546875 0.084375 0.6546875 0.0984375 0.6515625 0.10625 0.640625 0.1171875 0.6296875 0.121875 0.625 0.121875 0.621875 0.11875 0.6203125 0.10625 0.6125 0.0953125 0.6015625 0.0890625 0.590625 0.0875 0.584375 0.0828125 0.5859375 0.0734375 0.6 0.065625 0.6296875 0.065625
44 0.4890625 0.0671875 0.5046875 0.06875 0.515625 0.0734375 0.5296875 0.084375 0.5296875 0.0984375 0.5265625 0.1046875 0.5203125 0.1109375 0.515625 0.1125 0.496875 0.090625 0.4859375 0.084375 0.4796875 0.084375 0.475 0.08125 0.4625 0.08125 0.45 0.090625 0.4453125 0.090625 0.4453125 0.0796875 0.453125 0.06875 0.4875 0.0671875
44 0.334375 0.490625 0.35 0.4890625 0.3625 0.49375 0.3640625 0.509375 0.371875 0.525 0.3734375 0.5359375 0.3796875 0.54375 0.3703125 0.5546875 0.3453125 0.55625 0.34375 0.5546875 0.3234375 0.5546875 0.3125 0.55 0.303125 0.5421875 0.303125 0.5375 0.296875 0.5296875 0.2984375 0.521875 0.315625 0.5 0.321875 0.496875 0.3234375 0.49375 0.334375 0.4921875
44 0.6859375 0.19375 0.690625 0.196875 0.690625 0.2046875 0.6859375 0.215625 0.68125 0.21875 0.6734375 0.21875 0.665625 0.221875 0.646875 0.221875 0.6390625 0.215625 0.615625 0.2078125 0.6125 0.203125 0.615625 0.1890625 0.621875 0.1828125 0.634375 0.178125 0.6390625 0.1734375 0.646875 0.1703125 0.6609375 0.1703125 0.665625 0.18125 0.6734375 0.1890625 0.684375 0.19375
44 0.178125 0.4296875 0.1828125 0.434375 0.1859375 0.4453125 0.2015625 0.4578125 0.2046875 0.4578125 0.2109375 0.4671875 0.2078125 0.4796875 0.2046875 0.4828125 0.1921875 0.4875 0.1765625 0.4875 0.175 0.4890625 0.165625 0.4859375 0.153125 0.4859375 0.140625 0.4796875 0.1359375 0.475 0.1328125 0.4546875 0.1359375 0.4421875 0.14375 0.434375 0.15625 0.4296875 0.1765625 0.4296875
44 0.515625 0.8546875 0.53125 0.8453125 0.5515625 0.8453125 0.5765625 0.8625 0.5921875 0.8625 0.59375 0.865625 0.6 0.86875 0.6 0.8765625 0.5953125 0.8859375 0.58125 0.903125 0.5671875 0.90625 0.553125 0.90625 0.534375 0.9 0.521875 0.890625 0.515625 0.8796875 0.5140625 0.871875 0.515625 0.85625
44 0.7625 0.428125 0.775 0.434375 0.7796875 0.4484375 0.7859375 0.4578125 0.7859375 0.465625 0.7796875 0.475 0.775 0.4765625 0.76875 0.4828125 0.75625 0.4890625 0.7453125 0.490625 0.7296875 0.4890625 0.7171875 0.48125 0.7015625 0.4796875 0.696875 0.475 0.6890625 0.471875 0.6875 0.4609375 0.690625 0.453125 0.6984375 0.44375 0.7046875 0.440625 0.7265625 0.434375 0.7390625 0.4265625 0.759375 0.4265625 0.7609375 0.428125
44 0.75625 0.3 0.7609375 0.303125 0.775 0.30625 0.7796875 0.3109375 0.784375 0.3203125 0.784375 0.334375 0.7765625 0.3484375 0.753125 0.3625 0.7265625 0.3625 0.715625 0.3546875 0.6984375 0.35 0.6921875 0.3453125 0.6890625 0.3328125 0.7 0.3109375 0.709375 0.30625 0.715625 0.30625 0.71875 0.303125 0.728125 0.303125 0.734375 0.3 0.7546875 0.3
44 0.284375 0.74375 0.29375 0.7484375 0.3015625 0.7578125 0.303125 0.765625 0.3015625 0.7796875 0.2890625 0.796875 0.2796875 0.803125 0.2546875 0.8109375 0.2328125 0.809375 0.21875 0.796875 0.2140625 0.7875 0.2140625 0.778125 0.21875 0.7625 0.23125 0.7546875 0.2359375 0.7546875 0.2609375 0.7421875 0.28125 0.7421875 0.2828125 0.74375
44 0.6140625 0.209375 0.6171875 0.2125 0.6328125 0.2171875 0.6390625 0.2234375 0.6328125 0.24375 0.6265625 0.2515625 0.58125 0.2515625 0.5625 0.2421875 0.5609375 0.2390625 0.559375 0.228125 0.565625 0.2171875 0.5921875 0.209375 0.6125 0.209375
44 0.765625 0.6609375 0.7796875 0.6671875 0.790625 0.6765625 0.790625 0.6828125 0.7875 0.6890625 0.7796875 0.696875 0.7765625 0.696875 0.7640625 0.70625 0.75625 0.709375 0.740625 0.709375 0.725 0.7140625 0.7140625 0.7125 0.703125 0.703125 0.709375 0.66875 0.7125 0.6640625 0.7171875 0.6609375 0.7390625 0.659375 0.75 0.65625 0.759375 0.6578125 0.7609375 0.6609375 0.7640625 0.6609375
44 0.240625 0.2703125 0.275 0.26875 0.2796875 0.2765625 0.2796875 0.290625 0.2828125 0.296875 0.28125 0.3078125 0.2515625 0.30625 0.2515625 0.29375 0.2484375 0.2859375 0.240625 0.278125 0.240625 0.271875
44 0.625 0.8546875 0.634375 0.8484375 0.6390625 0.8484375 0.6546875 0.8578125 0.6765625 0.8578125 0.6828125 0.8546875 0.6921875 0.8546875 0.7046875 0.875 0.7046875 0.8859375 0.6859375 0.9078125 0.6734375 0.9140625 0.6484375 0.9140625 0.6421875 0.9109375 0.6359375 0.9109375 0.6203125 0.903125 0.6046875 0.8875 0.60625 0.8703125 0.625 0.85625
44 0.66875 0.2390625 0.7078125 0.246875 0.709375 0.25 0.7171875 0.253125 0.725 0.2609375 0.728125 0.265625 0.728125 0.2703125 0.71875 0.284375 0.7078125 0.29375 0.6671875 0.30625 0.6515625 0.3046875 0.6421875 0.296875 0.64375 0.2765625 0.6421875 0.26875 0.6359375 0.259375 0.6359375 0.2515625 0.6515625 0.240625 0.6671875 0.2390625
44 0.634375 0.734375 0.6359375 0.75625 0.646875 0.765625 0.6640625 0.76875 0.6765625 0.7765625 0.675 0.7828125 0.65 0.7921875 0.6265625 0.790625 0.615625 0.78125 0.6078125 0.765625 0.6078125 0.7546875 0.61875 0.74375 0.6328125 0.734375
44 0.715625 0.075 0.725 0.0796875 0.7390625 0.09375 0.740625 0.103125 0.7375 0.1140625 0.7234375 0.1265625 0.6984375 0.1234375 0.6890625 0.125 0.6796875 0.13125 0.6671875 0.13125 0.65625 0.1203125 0.65625 0.1078125 0.6609375 0.096875 0.6671875 0.090625 0.6671875 0.0875 0.68125 0.0734375 0.7 0.0703125 0.7140625 0.075
44 0.5015625 0.775 0.509375 0.784375 0.5125 0.79375 0.5125 0.8078125 0.509375 0.8140625 0.509375 0.8359375 0.50625 0.840625 0.49375 0.846875 0.471875 0.846875 0.4671875 0.84375 0.4625 0.84375 0.4578125 0.8375 0.45 0.834375 0.434375 0.8203125 0.434375 0.8140625 0.4421875 0.80625 0.44375 0.7921875 0.4546875 0.7921875 0.4671875 0.784375 0.4734375 0.784375 0.4875 0.771875 0.4984375 0.771875 0.5 0.775
44 0.40625 0.11875 0.415625 0.1265625 0.415625 0.1375 0.4015625 0.1640625 0.396875 0.1640625 0.384375 0.1546875 0.3578125 0.1546875 0.35 0.1515625 0.34375 0.146875 0.340625 0.1328125 0.3453125 0.1234375 0.359375 0.115625 0.3953125 0.115625 0.4046875 0.11875
44 0.534375 0.4640625 0.5484375 0.4671875 0.55625 0.4734375 0.559375 0.4734375 0.5640625 0.4796875 0.56875 0.496875 0.5609375 0.5078125 0.5578125 0.5265625 0.5515625 0.5359375 0.5453125 0.5390625 0.534375 0.5390625 0.5265625 0.5359375 0.5171875 0.5296875 0.5125 0.521875 0.5015625 0.51875 0.4921875 0.5125 0.48125 0.5 0.46875 0.4953125 0.465625 0.4890625 0.465625 0.48125 0.46875 0.478125 0.4765625 0.4765625 0.4953125 0.4671875 0.509375 0.4671875 0.515625 0.4640625 0.5328125 0.4640625
44 0.709375 0.5984375 0.71875 0.6015625 0.7296875 0.6015625 0.7390625 0.6078125 0.746875 0.6265625 0.7453125 0.653125 0.7375 0.6578125 0.71875 0.65625 0.7125 0.659375 0.6921875 0.653125 0.68125 0.653125 0.6671875 0.640625 0.6671875 0.6265625 0.6703125 0.621875 0.6875 0.60625 0.696875 0.6015625 0.7078125 0.6
44 0.3109375 0.246875 0.31875 0.25 0.3265625 0.25 0.3359375 0.2546875 0.35 0.26875 0.3453125 0.26875 0.334375 0.275 0.3171875 0.290625 0.3140625 0.296875 0.3140625 0.3046875 0.3171875 0.309375 0.321875 0.3109375 0.3203125 0.315625 0.30625 0.315625 0.3015625 0.3125 0.2921875 0.3109375 0.284375 0.3 0.28125 0.290625 0.28125 0.2796875 0.278125 0.2734375 0.28125 0.2609375 0.2953125 0.246875 0.309375 0.246875
44 0.5703125 0.4375 0.58125 0.44375 0.5921875 0.45625 0.5921875 0.459375 0.603125 0.4703125 0.6015625 0.4921875 0.5890625 0.4953125 0.5703125 0.4953125 0.5671875 0.48125 0.559375 0.471875 0.54375 0.4640625 0.51875 0.459375 0.51875 0.45 0.5328125 0.4390625 0.55 0.4359375 0.56875 0.4375
44 0.5375 0.0890625 0.54375 0.0828125 0.559375 0.0765625 0.5734375 0.0765625 0.5875 0.0875 0.584375 0.090625 0.578125 0.090625 0.5734375 0.09375 0.55625 0.0953125 0.5375 0.1078125 0.5328125 0.1125 0.5296875 0.121875 0.5234375 0.1171875 0.5234375 0.109375 0.528125 0.10625 0.53125 0.096875 0.5375 0.090625
44 0.6828125 0.7875 0.7 0.7921875 0.7140625 0.8015625 0.7171875 0.8078125 0.715625 0.8296875 0.7125 0.834375 0.6984375 0.840625 0.6890625 0.85 0.6828125 0.853125 0.6640625 0.85625 0.65625 0.85625 0.6484375 0.853125 0.6390625 0.84375 0.6359375 0.8296875 0.6375 0.8078125 0.640625 0.8 0.6484375 0.7953125 0.665625 0.7890625 0.68125 0.7875
44 0.3328125 0.8390625 0.3640625 0.8546875 0.3640625 0.8609375 0.3609375 0.865625 0.3609375 0.8765625 0.3640625 0.88125 0.3640625 0.8875 0.3734375 0.896875 0.3734375 0.903125 0.365625 0.9046875 0.3625 0.9078125 0.3484375 0.909375 0.321875 0.9078125 0.309375 0.9015625 0.3125 0.8859375 0.3171875 0.8796875 0.3140625 0.859375 0.3234375 0.8453125 0.33125 0.8390625
44 0.696875 0.70625 0.7078125 0.7109375 0.7171875 0.71875 0.71875 0.7375 0.715625 0.75 0.7015625 0.7671875 0.684375 0.7734375 0.6765625 0.7796875 0.6734375 0.7796875 0.671875 0.7828125 0.6671875 0.7828125 0.665625 0.7859375 0.671875 0.7765625 0.665625 0.7703125 0.6578125 0.7671875 0.6484375 0.7671875 0.6359375 0.75625 0.6359375 0.7375 0.6390625 0.7328125 0.6390625 0.728125 0.646875 0.715625 0.659375 0.7078125 0.6734375 0.7046875 0.69375 0.7046875 0.6953125 0.70625
44 0.7984375 0.759375 0.8171875 0.76875 0.81875 0.771875 0.821875 0.771875 0.825 0.7828125 0.8328125 0.790625 0.8328125 0.796875 0.8359375 0.8015625 0.8359375 0.8140625 0.83125 0.8203125 0.8171875 0.8234375 0.8109375 0.8234375 0.7984375 0.8171875 0.7875 0.8171875 0.771875 0.8234375 0.7640625 0.8234375 0.753125 0.8171875 0.746875 0.803125 0.746875 0.7890625 0.75 0.78125 0.7703125 0.775 0.7828125 0.7625 0.790625 0.7578125 0.796875 0.759375
44 0.8734375 0.3296875 0.8828125 0.3328125 0.8921875 0.3421875 0.89375 0.35625 0.896875 0.3640625 0.8953125 0.38125 0.884375 0.3921875 0.8421875 0.3921875 0.8375 0.3890625 0.8296875 0.3703125 0.8109375 0.3578125 0.8125 0.353125 0.83125 0.334375 0.8515625 0.3296875 0.871875 0.3296875
44 0.665625 0.453125 0.6765625 0.459375 0.6859375 0.4703125 0.6859375 0.4921875 0.6765625 0.5078125 0.66875 0.509375 0.665625 0.5125 0.6484375 0.515625 0.625 0.5140625 0.615625 0.509375 0.6078125 0.4984375 0.60625 0.48125 0.6078125 0.475 0.615625 0.4671875 0.6234375 0.465625 0.6359375 0.4578125 0.646875 0.4578125 0.65625 0.453125 0.6640625 0.453125
44 0.6109375 0.5671875 0.6328125 0.578125 0.6375 0.584375 0.640625 0.596875 0.6328125 0.6125 0.61875 0.6203125 0.609375 0.6203125 0.6046875 0.6234375 0.578125 0.6203125 0.565625 0.6125 0.5609375 0.603125 0.5609375 0.5859375 0.5625 0.5796875 0.578125 0.5671875 0.5890625 0.5640625 0.603125 0.5640625 0.609375 0.5671875
44 0.8484375 0.15625 0.85625 0.159375 0.8640625 0.1671875 0.8703125 0.184375 0.8671875 0.1890625 0.8546875 0.1921875 0.85 0.1921875 0.853125 0.1859375 0.853125 0.171875 0.846875 0.1640625 0.8328125 0.1578125 0.834375 0.1546875 0.846875 0.15625
44 0.7015625 0.353125 0.7171875 0.3578125 0.71875 0.3609375 0.7375 0.3734375 0.7453125 0.38125 0.7484375 0.39375 0.74375 0.4046875 0.7296875 0.4171875 0.728125 0.421875 0.7171875 0.4265625 0.684375 0.4296875 0.671875 0.4296875 0.659375 0.421875 0.65 0.4125 0.646875 0.40625 0.646875 0.396875 0.65 0.390625 0.65625 0.3859375 0.65625 0.3828125 0.6625 0.378125 0.6671875 0.3671875 0.671875 0.3625 0.6859375 0.353125 0.7 0.353125
44 0.846875 0.4171875 0.8578125 0.434375 0.85625 0.4453125 0.846875 0.45625 0.834375 0.4625 0.821875 0.4734375 0.815625 0.475 0.8046875 0.475 0.8015625 0.471875 0.7921875 0.471875 0.7875 0.4671875 0.7875 0.4578125 0.78125 0.45 0.7765625 0.4328125 0.78125 0.421875 0.79375 0.4140625 0.7984375 0.4140625 0.8015625 0.4109375 0.8109375 0.4109375 0.815625 0.4078125 0.8328125 0.4078125 0.8453125 0.4171875
44 0.5953125 0.496875 0.603125 0.5 0.6140625 0.5109375 0.6140625 0.515625 0.61875 0.5234375 0.61875 0.5296875 0.6140625 0.5421875 0.5984375 0.55 0.5671875 0.546875 0.5625 0.5453125 0.5546875 0.5359375 0.5609375 0.5234375 0.5625 0.509375 0.5671875 0.5015625 0.5734375 0.496875 0.59375 0.496875
44 0.20625 0.1171875 0.225 0.1203125 0.228125 0.1234375 0.234375 0.14375 0.2328125 0.146875 0.234375 0.1515625 0.23125 0.1609375 0.2265625 0.165625 0.203125 0.175 0.1734375 0.171875 0.1703125 0.16875 0.165625 0.16875 0.15625 0.1640625 0.1484375 0.1515625 0.1484375 0.14375 0.15625 0.128125 0.1625 0.1234375 0.171875 0.1234375 0.190625 0.1171875 0.2046875 0.1171875
44 0.2109375 0.7890625 0.215625 0.7921875 0.21875 0.8 0.2359375 0.8140625 0.2359375 0.81875 0.228125 0.8328125 0.2171875 0.8421875 0.215625 0.846875 0.196875 0.85625 0.178125 0.85625 0.1734375 0.853125 0.165625 0.84375 0.1484375 0.8328125 0.1453125 0.8203125 0.146875 0.8125 0.1671875 0.7953125 0.1734375 0.7953125 0.178125 0.7921875 0.209375 0.7890625
44 0.165625 0.5875 0.16875 0.590625 0.1734375 0.590625 0.203125 0.6046875 0.2078125 0.609375 0.2078125 0.61875 0.196875 0.63125 0.190625 0.64375 0.1859375 0.646875 0.1671875 0.65 0.1578125 0.6546875 0.1421875 0.653125 0.1296875 0.640625 0.125 0.628125 0.125 0.6046875 0.1359375 0.59375 0.153125 0.5875 0.1640625 0.5875
44 0.8734375 0.5015625 0.8921875 0.5078125 0.9140625 0.525 0.915625 0.540625 0.9046875 0.553125 0.89375 0.559375 0.871875 0.5625 0.8640625 0.565625 0.859375 0.565625 0.8546875 0.55 0.8421875 0.5359375 0.8359375 0.5328125 0.834375 0.5140625 0.84375 0.5046875 0.871875 0.5015625
44 0.2296875 0.4 0.259375 0.4109375 0.26875 0.4171875 0.271875 0.425 0.2703125 0.446875 0.259375 0.4578125 0.24375 0.465625 0.225 0.465625 0.203125 0.45625 0.1890625 0.4453125 0.1828125 0.43125 0.184375 0.4203125 0.1875 0.4125 0.1921875 0.4078125 0.2 0.403125 0.2078125 0.403125 0.2109375 0.4 0.228125 0.4
44 0.475 0.734375 0.4796875 0.73125 0.4890625 0.73125 0.5 0.725 0.5078125 0.7234375 0.509375 0.734375 0.5234375 0.7546875 0.5234375 0.759375 0.51875 0.7640625 0.5078125 0.7640625 0.5015625 0.7609375 0.4953125 0.7609375 0.4859375 0.753125 0.48125 0.753125 0.4765625 0.7453125 0.475 0.7359375
44 0.5453125 0.2359375 0.571875 0.2484375 0.5765625 0.253125 0.5765625 0.25625 0.565625 0.2625 0.5578125 0.271875 0.5546875 0.2890625 0.55 0.2890625 0.5453125 0.2859375 0.5140625 0.2875 0.509375 0.284375 0.5109375 0.2734375 0.5171875 0.25625 0.515625 0.240625 0.5296875 0.2359375 0.54375 0.2359375
44 0.4640625 0.1515625 0.478125 0.153125 0.4859375 0.15625 0.496875 0.1671875 0.496875 0.171875 0.46875 0.1828125 0.4578125 0.1953125 0.4515625 0.1953125 0.446875 0.190625 0.4390625 0.1875 0.409375 0.1875 0.4078125 0.1890625 0.4046875 0.1875 0.403125 0.1796875 0.4078125 0.1625 0.415625 0.15625 0.421875 0.15625 0.4265625 0.153125 0.4625 0.1515625
44 0.3625 0.359375 0.3984375 0.3671875 0.4046875 0.3703125 0.40625 0.3734375 0.4015625 0.3828125 0.4015625 0.403125 0.396875 0.40625 0.384375 0.390625 0.3640625 0.3828125 0.346875 0.3796875 0.34375 0.3765625 0.34375 0.3640625 0.3484375 0.3609375 0.3609375 0.3609375
44 0.1953125 0.175 0.1984375 0.178125 0.1953125 0.1890625 0.196875 0.2078125 0.1859375 0.2140625 0.1796875 0.2140625 0.175 0.2078125 0.171875 0.2 0.171875 0.1921875 0.1765625 0.1765625 0.19375 0.175
44 0.490625 0.225 0.509375 0.2328125 0.515625 0.240625 0.515625 0.2578125 0.5125 0.2625 0.5109375 0.271875 0.5046875 0.2796875 0.4921875 0.284375 0.478125 0.2859375 0.4484375 0.2796875 0.4375 0.2703125 0.434375 0.2578125 0.4375 0.25 0.459375 0.23125 0.46875 0.2265625 0.4890625 0.225
44 0.7171875 0.8359375 0.728125 0.8453125 0.728125 0.8515625 0.725 0.8546875 0.7234375 0.8640625 0.734375 0.8890625 0.70625 0.890625 0.7046875 0.8875 0.70625 0.8796875 0.703125 0.8703125 0.6921875 0.8515625 0.7015625 0.8421875 0.715625 0.8375
44 0.6734375 0.4296875 0.6796875 0.43125 0.703125 0.428125 0.70625 0.43125 0.70625 0.4359375 0.6890625 0.4515625 0.6859375 0.459375 0.678125 0.459375 0.6765625 0.45625 0.671875 0.45625 0.66875 0.453125 0.66875 0.45 0.675 0.44375 0.675 0.43125
44 0.6375 0.1234375 0.6453125 0.1265625 0.65625 0.1359375 0.659375 0.1359375 0.6640625 0.140625 0.665625 0.1484375 0.6625 0.1515625 0.659375 0.1640625 0.6546875 0.16875 0.6484375 0.16875 0.6234375 0.18125 0.615625 0.18125 0.609375 0.178125 0.6015625 0.1671875 0.6140625 0.1546875 0.615625 0.146875 0.61875 0.14375 0.621875 0.1265625 0.625 0.1234375 0.6359375 0.1234375
44 0.5796875 0.3171875 0.58125 0.3203125 0.5953125 0.3234375 0.596875 0.3265625 0.5953125 0.33125 0.5921875 0.3328125 0.590625 0.3484375 0.5921875 0.3546875 0.6015625 0.3625 0.6015625 0.365625 0.5921875 0.3734375 0.584375 0.3734375 0.575 0.36875 0.571875 0.3640625 0.5546875 0.3546875 0.55 0.3484375 0.540625 0.3421875 0.5421875 0.33125 0.5546875 0.3203125 0.56875 0.315625 0.578125 0.3171875
44 0.2765625 0.6796875 0.278125 0.68125 0.296875 0.68125 0.30625 0.684375 0.321875 0.684375 0.33125 0.690625 0.334375 0.6953125 0.3328125 0.7125 0.3296875 0.7171875 0.3 0.740625 0.29375 0.7421875 0.2609375 0.7359375 0.2484375 0.7109375 0.246875 0.703125 0.2515625 0.684375 0.2625 0.678125 0.275 0.6796875
44 0.3109375 0.3515625 0.3328125 0.3609375 0.3375 0.3703125 0.3375 0.3796875 0.3234375 0.38125 0.3140625 0.3859375 0.303125 0.40625 0.284375 0.40625 0.2765625 0.4015625 0.271875 0.396875 0.2640625 0.38125 0.2640625 0.371875 0.2671875 0.365625 0.2796875 0.35625 0.2953125 0.3515625 0.309375 0.3515625
44 0.571875 0.1671875 0.5765625 0.1703125 0.5953125 0.1703125 0.603125 0.1765625 0.609375 0.190625 0.609375 0.20625 0.5859375 0.2078125 0.575 0.2109375 0.571875 0.2140625 0.5671875 0.2140625 0.559375 0.2203125 0.5546875 0.21875 0.553125 0.2046875 0.5359375 0.1875 0.5359375 0.1828125 0.5421875 0.1734375 0.546875 0.1703125 0.5546875 0.1703125 0.559375 0.1671875 0.5703125 0.1671875
44 0.275 0.4625 0.2859375 0.4703125 0.2875 0.478125 0.275 0.490625 0.26875 0.503125 0.259375 0.503125 0.246875 0.4984375 0.225 0.4984375 0.2234375 0.5 0.2140625 0.4984375 0.209375 0.4890625 0.209375 0.48125 0.2125 0.4703125 0.2171875 0.465625 0.24375 0.4671875 0.2609375 0.4578125 0.26875 0.4578125 0.2734375 0.4625
44 0.778125 0.35625 0.7921875 0.3609375 0.8125 0.3609375 0.828125 0.3703125 0.8328125 0.378125 0.8328125 0.3984375 0.828125 0.4046875 0.8015625 0.409375 0.7984375 0.4125 0.7921875 0.4125 0.790625 0.415625 0.7828125 0.4171875 0.771875 0.415625 0.771875 0.4 0.7609375 0.3890625 0.7609375 0.3796875 0.7546875 0.371875 0.7546875 0.3671875 0.7609375 0.3609375 0.765625 0.3578125 0.7765625 0.35625
44 0.5609375 0.3796875 0.5671875 0.3828125 0.575 0.39375 0.571875 0.4125 0.5578125 0.4265625 0.5515625 0.4296875 0.5390625 0.4296875 0.5328125 0.4328125 0.5015625 0.4265625 0.49375 0.4125 0.4921875 0.4015625 0.49375 0.39375 0.5 0.3828125 0.50625 0.3796875 0.515625 0.3796875 0.5234375 0.3765625 0.540625 0.3765625 0.559375 0.3796875
44 0.2421875 0.6921875 0.2453125 0.7 0.24375 0.7078125 0.2515625 0.7203125 0.253125 0.73125 0.240625 0.75 0.2265625 0.7546875 0.2125 0.753125 0.209375 0.75 0.1984375 0.7484375 0.190625 0.740625 0.178125 0.7375 0.1734375 0.7328125 0.1703125 0.721875 0.178125 0.7109375 0.178125 0.7078125 0.203125 0.6921875 0.21875 0.690625 0.240625 0.6921875
44 0.2765625 0.60625 0.2859375 0.615625 0.284375 0.628125 0.2796875 0.634375 0.2796875 0.6390625 0.2703125 0.6515625 0.2578125 0.659375 0.240625 0.659375 0.221875 0.6515625 0.209375 0.6515625 0.1984375 0.6453125 0.196875 0.640625 0.1984375 0.63125 0.2125 0.6171875 0.24375 0.6046875 0.2734375 0.6046875 0.275 0.60625
44 0.6 0.090625 0.6140625 0.0984375 0.6203125 0.1078125 0.621875 0.1171875 0.61875 0.1234375 0.6171875 0.1421875 0.6140625 0.146875 0.6140625 0.1515625 0.609375 0.1578125 0.596875 0.165625 0.5734375 0.165625 0.5625 0.1609375 0.55625 0.1546875 0.553125 0.1546875 0.5328125 0.1359375 0.53125 0.115625 0.5359375 0.1078125 0.5546875 0.096875 0.571875 0.0953125 0.584375 0.090625 0.5984375 0.090625
44 0.86875 0.190625 0.8828125 0.1953125 0.89375 0.20625 0.8984375 0.21875 0.9 0.23125 0.8953125 0.24375 0.884375 0.259375 0.8671875 0.265625 0.8390625 0.265625 0.8265625 0.2609375 0.821875 0.253125 0.821875 0.2328125 0.8171875 0.2265625 0.8171875 0.2203125 0.8265625 0.2078125 0.85 0.19375 0.8671875 0.190625
44 0.7640625 0.296875 0.784375 0.2890625 0.7984375 0.2890625 0.8140625 0.296875 0.821875 0.3046875 0.821875 0.3078125 0.828125 0.315625 0.828125 0.3328125 0.81875 0.3453125 0.8 0.3578125 0.784375 0.35625 0.778125 0.35 0.7859375 0.3359375 0.7859375 0.3203125 0.78125 0.3109375 0.7734375 0.3046875 0.7640625 0.3015625 0.7625 0.3 0.7640625 0.2984375
44 0.4328125 0.6875 0.4421875 0.6921875 0.44375 0.6953125 0.446875 0.6953125 0.453125 0.7046875 0.453125 0.7234375 0.4578125 0.73125 0.4578125 0.7375 0.4421875 0.7453125 0.4234375 0.7484375 0.390625 0.74375 0.375 0.7328125 0.36875 0.7171875 0.3703125 0.7109375 0.38125 0.7015625 0.3953125 0.6984375 0.4171875 0.6875 0.43125 0.6875
44 0.253125 0.378125 0.2640625 0.384375 0.2703125 0.396875 0.2765625 0.403125 0.278125 0.409375 0.271875 0.415625 0.253125 0.40625 0.24375 0.4046875 0.240625 0.4015625 0.2328125 0.4015625 0.225 0.3984375 0.2 0.403125 0.1953125 0.4015625 0.1953125 0.3875 0.2015625 0.384375 0.2078125 0.384375 0.2203125 0.3796875 0.234375 0.3796875 0.2390625 0.3765625 0.2515625 0.378125
44 0.3 0.09375 0.309375 0.1 0.3109375 0.1046875 0.315625 0.1078125 0.31875 0.1203125 0.31875 0.13125 0.3015625 0.159375 0.2859375 0.1671875 0.265625 0.1640625 0.253125 0.1578125 0.2484375 0.15 0.2359375 0.1375 0.23125 0.125 0.23125 0.1140625 0.2375 0.10625 0.2453125 0.103125 0.253125 0.103125 0.2625 0.0984375 0.2984375 0.09375
44 0.4453125 0.5078125 0.45625 0.5109375 0.4671875 0.5203125 0.46875 0.5296875 0.4671875 0.5453125 0.4578125 0.55625 0.4390625 0.56875 0.4203125 0.5765625 0.3984375 0.5734375 0.3890625 0.565625 0.3859375 0.5578125 0.3859375 0.5390625 0.3890625 0.525 0.3984375 0.5140625 0.4171875 0.5046875 0.43125 0.5046875 0.4375 0.5078125 0.44375 0.5078125
44 0.228125 0.56875 0.2421875 0.571875 0.2453125 0.575 0.2484375 0.5890625 0.2546875 0.5953125 0.253125 0.6015625 0.240625 0.603125 0.2390625 0.60625 0.2296875 0.6078125 0.21875 0.6078125 0.2171875 0.6046875 0.209375 0.603125 0.203125 0.584375 0.203125 0.5703125 0.2078125 0.5640625 0.2125 0.5671875 0.2265625 0.56875
44 0.509375 0.2875 0.5125 0.290625 0.525 0.2875 0.546875 0.2890625 0.5515625 0.29375 0.5578125 0.3078125 0.5578125 0.3125 0.5546875 0.3171875 0.540625 0.3296875 0.5359375 0.3390625 0.51875 0.3453125 0.5046875 0.3453125 0.490625 0.3359375 0.4828125 0.328125 0.4796875 0.321875 0.4796875 0.3140625 0.4765625 0.309375 0.4765625 0.296875 0.4796875 0.290625 0.4921875 0.2859375 0.5078125 0.2875
44 0.4453125 0.1921875 0.453125 0.196875 0.4578125 0.203125 0.459375 0.2125 0.4578125 0.228125 0.434375 0.2515625 0.421875 0.25625 0.4078125 0.2546875 0.396875 0.25 0.396875 0.246875 0.39375 0.2453125 0.384375 0.23125 0.3828125 0.215625 0.3875 0.20625 0.390625 0.20625 0.3984375 0.196875 0.409375 0.190625 0.4375 0.1890625 0.44375 0.1921875
44 0.3734375 0.26875 0.3953125 0.275 0.4046875 0.2828125 0.40625 0.29375 0.4046875 0.3125 0.3984375 0.325 0.3921875 0.33125 0.3859375 0.3328125 0.359375 0.33125 0.346875 0.321875 0.31875 0.309375 0.3140625 0.3 0.321875 0.2859375 0.3296875 0.2796875 0.3328125 0.2796875 0.334375 0.2765625 0.346875 0.271875 0.371875 0.26875
44 0.34375 0.1515625 0.353125 0.153125 0.35625 0.15625 0.384375 0.15625 0.390625 0.159375 0.3953125 0.165625 0.3921875 0.18125 0.384375 0.190625 0.378125 0.190625 0.3703125 0.1953125 0.3640625 0.1953125 0.3578125 0.1984375 0.3453125 0.2109375 0.3390625 0.2109375 0.325 0.1984375 0.3140625 0.1765625 0.3171875 0.1625 0.325 0.153125 0.3421875 0.1515625
44 0.6328125 0.6609375 0.6390625 0.6671875 0.6453125 0.66875 0.6546875 0.6765625 0.6578125 0.6875 0.6546875 0.7 0.6453125 0.7125 0.6390625 0.7171875 0.6234375 0.725 0.603125 0.728125 0.5984375 0.7265625 0.584375 0.7125 0.5828125 0.7 0.5765625 0.6890625 0.578125 0.675 0.584375 0.6640625 0.5984375 0.6578125 0.60625 0.6578125 0.6125 0.6609375 0.63125 0.6609375
44 0.5875 0.75625 0.6015625 0.765625 0.60625 0.775 0.60625 0.7875 0.603125 0.7984375 0.5921875 0.8109375 0.571875 0.8203125 0.55625 0.8203125 0.5515625 0.8171875 0.5421875 0.8171875 0.53125 0.8140625 0.521875 0.809375 0.515625 0.7953125 0.515625 0.78125 0.5234375 0.7625 0.5296875 0.7578125 0.5609375 0.759375 0.5859375 0.75625
44 0.396875 0.6 0.40625 0.6015625 0.4109375 0.6046875 0.421875 0.621875 0.428125 0.6375 0.4265625 0.65625 0.415625 0.665625 0.409375 0.6671875 0.4015625 0.6734375 0.3859375 0.6734375 0.3828125 0.6703125 0.3765625 0.6703125 0.35625 0.6625 0.346875 0.653125 0.34375 0.6453125 0.346875 0.634375 0.3546875 0.6234375 0.3546875 0.61875 0.3578125 0.6140625 0.371875 0.6078125 0.3765625 0.6015625 0.384375 0.6 0.3953125 0.6015625
44 0.7359375 0.3703125 0.740625 0.3671875 0.7484375 0.3671875 0.75625 0.3734375 0.759375 0.378125 0.759375 0.3875 0.7703125 0.4 0.7703125 0.4140625 0.7609375 0.41875 0.759375 0.421875 0.740625 0.425 0.73125 0.421875 0.734375 0.4140625 0.7484375 0.4 0.7484375 0.3859375 0.7375 0.371875
44 0.25625 0.1640625 0.275 0.1671875 0.2875 0.178125 0.290625 0.1859375 0.290625 0.2171875 0.2890625 0.21875 0.2828125 0.21875 0.2703125 0.2109375 0.259375 0.2109375 0.253125 0.2078125 0.240625 0.2078125 0.225 0.2140625 0.21875 0.2140625 0.2171875 0.2109375 0.2109375 0.2078125 0.1984375 0.2046875 0.196875 0.1890625 0.2 0.18125 0.2125 0.1765625 0.2140625 0.1734375 0.2203125 0.1703125 0.228125 0.1703125 0.2296875 0.1671875 0.2546875 0.1640625
44 0.88125 0.565625 0.8953125 0.5671875 0.896875 0.5703125 0.9015625 0.571875 0.903125 0.5828125 0.8953125 0.590625 0.9 0.6015625 0.8984375 0.6140625 0.8953125 0.61875 0.8796875 0.6234375 0.859375 0.6234375 0.8515625 0.6203125 0.8375 0.61875 0.8234375 0.6125 0.81875 0.60625 0.81875 0.6 0.8234375 0.5953125 0.8390625 0.59375 0.853125 0.584375 0.8609375 0.5671875 0.8796875 0.565625
44 0.7625 0.590625 0.7734375 0.5984375 0.7953125 0.6015625 0.8203125 0.621875 0.81875 0.6296875 0.80625 0.6421875 0.765625 0.6515625 0.7640625 0.65 0.75 0.6515625 0.7484375 0.6234375 0.74375 0.6125 0.734375 0.6 0.7421875 0.5875 0.759375 0.5875 0.7609375 0.590625
44 0.7984375 0.1515625 0.8 0.153125 0.8171875 0.153125 0.828125 0.159375 0.8421875 0.1625 0.84375 0.165625 0.8484375 0.1671875 0.8515625 0.1734375 0.85 0.1875 0.8390625 0.1984375 0.8234375 0.2078125 0.8203125 0.2140625 0.8125 0.2203125 0.771875 0.21875 0.7640625 0.2140625 0.7578125 0.2015625 0.7546875 0.178125 0.7609375 0.1703125 0.7609375 0.1671875 0.76875 0.159375 0.7796875 0.153125 0.796875 0.1515625
44 0.7921875 0.684375 0.8109375 0.6875 0.8140625 0.690625 0.8328125 0.6953125 0.834375 0.6984375 0.840625 0.7015625 0.84375 0.7109375 0.8421875 0.721875 0.8328125 0.7328125 0.8203125 0.7375 0.8109375 0.7453125 0.7921875 0.7453125 0.7921875 0.7296875 0.7796875 0.7171875 0.771875 0.7140625 0.7671875 0.709375 0.7734375 0.7015625 0.7796875 0.6984375 0.78125 0.6953125 0.784375 0.6953125 0.7921875 0.6859375
44 0.7515625 0.178125 0.75625 0.2046875 0.7640625 0.2203125 0.7421875 0.23125 0.734375 0.2375 0.7296875 0.2375 0.7203125 0.23125 0.715625 0.225 0.7046875 0.21875 0.7015625 0.2109375 0.7015625 0.2 0.7046875 0.196875 0.728125 0.1890625 0.7296875 0.1859375 0.740625 0.1796875 0.75 0.178125
44 0.4984375 0.609375 0.503125 0.615625 0.5015625 0.63125 0.4984375 0.6375 0.4890625 0.646875 0.475 0.65 0.4625 0.65 0.45625 0.653125 0.440625 0.653125 0.4328125 0.646875 0.428125 0.634375 0.4265625 0.6234375 0.428125 0.61875 0.440625 0.6171875 0.44375 0.6140625 0.475 0.6140625 0.4875 0.6078125 0.496875 0.609375
44 0.8390625 0.6234375 0.8609375 0.628125 0.871875 0.634375 0.884375 0.6453125 0.884375 0.65 0.8953125 0.6671875 0.8953125 0.6796875 0.890625 0.6859375 0.878125 0.69375 0.8359375 0.69375 0.81875 0.6890625 0.8078125 0.6828125 0.803125 0.6828125 0.7953125 0.675 0.7921875 0.6609375 0.7984375 0.6515625 0.8046875 0.6453125 0.809375 0.64375 0.8234375 0.628125 0.8375 0.6234375
44 0.30625 0.771875 0.3265625 0.771875 0.3421875 0.778125 0.3421875 0.803125 0.3328125 0.8109375 0.321875 0.8125 0.3109375 0.803125 0.3015625 0.8 0.296875 0.79375 0.30625 0.7734375
44 0.175 0.2421875 0.184375 0.246875 0.1890625 0.246875 0.1921875 0.25 0.196875 0.25 0.2015625 0.253125 0.2046875 0.259375 0.2015625 0.2625 0.1875 0.265625 0.178125 0.271875 0.1609375 0.290625 0.15 0.2890625 0.1359375 0.28125 0.128125 0.271875 0.128125 0.2609375 0.13125 0.253125 0.146875 0.240625 0.1671875 0.2390625 0.1734375 0.2421875
44 0.5578125 0.60625 0.5703125 0.61875 0.5921875 0.6265625 0.596875 0.6375 0.596875 0.64375 0.5921875 0.6546875 0.5859375 0.6578125 0.5828125 0.6578125 0.58125 0.646875 0.5734375 0.634375 0.5609375 0.628125 0.528125 0.6265625 0.50625 0.6328125 0.50625 0.628125 0.5125 0.6171875 0.534375 0.6078125 0.540625 0.6078125 0.546875 0.6046875 0.55625 0.60625
44 0.7484375 0.7109375 0.7703125 0.7140625 0.7796875 0.71875 0.790625 0.7296875 0.790625 0.7453125 0.7859375 0.759375 0.775 0.7703125 0.7578125 0.775 0.73125 0.7734375 0.728125 0.7703125 0.7234375 0.7703125 0.7171875 0.7640625 0.7140625 0.7578125 0.71875 0.746875 0.7203125 0.721875 0.7296875 0.715625 0.746875 0.7125
44 0.33125 0.31875 0.3390625 0.3203125 0.3625 0.334375 0.39375 0.334375 0.396875 0.3453125 0.403125 0.35625 0.4015625 0.359375 0.390625 0.3640625 0.35625 0.3578125 0.3390625 0.359375 0.3234375 0.3546875 0.3125 0.3484375 0.3125 0.3359375 0.3171875 0.3265625 0.3234375 0.3203125 0.3296875 0.31875
44 0.1734375 0.734375 0.1796875 0.740625 0.2015625 0.7515625 0.2078125 0.7515625 0.2171875 0.7578125 0.209375 0.78125 0.20625 0.784375 0.1875 0.790625 0.171875 0.790625 0.146875 0.7796875 0.1390625 0.7703125 0.1359375 0.7625 0.1375 0.75625 0.15 0.7390625 0.165625 0.7328125 0.171875 0.734375
44 0.5375 0.34375 0.5515625 0.353125 0.5609375 0.371875 0.5609375 0.3796875 0.5296875 0.3765625 0.528125 0.378125 0.5109375 0.378125 0.4984375 0.3828125 0.49375 0.3796875 0.4921875 0.3734375 0.5 0.3625 0.5203125 0.346875 0.5359375 0.34375
44 0.428125 0.4734375 0.4359375 0.4734375 0.4375 0.4765625 0.4421875 0.478125 0.4625 0.48125 0.4640625 0.490625 0.4671875 0.4953125 0.471875 0.5 0.484375 0.5046875 0.4859375 0.5125 0.478125 0.51875 0.4703125 0.51875 0.4625 0.5125 0.459375 0.5125 0.4578125 0.509375 0.453125 0.509375 0.4484375 0.50625 0.4171875 0.5015625 0.4171875 0.48125 0.428125 0.475
44 0.809375 0.4796875 0.8171875 0.484375 0.8328125 0.5 0.83125 0.5234375 0.828125 0.5265625 0.8078125 0.5265625 0.80625 0.525 0.7875 0.5265625 0.7703125 0.534375 0.7640625 0.534375 0.74375 0.521875 0.740625 0.515625 0.740625 0.5046875 0.7453125 0.496875 0.7546875 0.490625 0.765625 0.4875 0.771875 0.48125 0.78125 0.4765625 0.8015625 0.4765625 0.8078125 0.4796875
44 0.253125 0.209375 0.278125 0.2171875 0.290625 0.2265625 0.290625 0.23125 0.29375 0.2359375 0.29375 0.2453125 0.2765625 0.2625 0.265625 0.265625 0.240625 0.265625 0.2359375 0.2625 0.2265625 0.2609375 0.21875 0.2546875 0.209375 0.2421875 0.209375 0.2265625 0.2140625 0.221875 0.23125 0.2125 0.2359375 0.2125 0.240625 0.209375 0.2515625 0.209375
44 0.584375 0.3859375 0.5921875 0.3875 0.6015625 0.396875 0.603125 0.4078125 0.5953125 0.4140625 0.58125 0.440625 0.5640625 0.4359375 0.5625 0.4265625 0.5734375 0.415625 0.5765625 0.409375 0.578125 0.403125 0.5765625 0.3875 0.5828125 0.3859375
44 0.6984375 0.5625 0.715625 0.5703125 0.7203125 0.575 0.728125 0.5859375 0.728125 0.5984375 0.7234375 0.6 0.721875 0.5984375 0.703125 0.5984375 0.6765625 0.6109375 0.6640625 0.609375 0.6625 0.6015625 0.65625 0.59375 0.6546875 0.5859375 0.65625 0.575 0.6671875 0.575 0.6890625 0.5640625 0.696875 0.5625
44 0.79375 0.103125 0.8046875 0.10625 0.821875 0.1203125 0.821875 0.140625 0.8171875 0.1515625 0.80625 0.15 0.78125 0.1515625 0.7734375 0.1546875 0.7625 0.1640625 0.7578125 0.1640625 0.75 0.1578125 0.75 0.153125 0.74375 0.1453125 0.7421875 0.1375 0.753125 0.1203125 0.7609375 0.1125 0.775 0.1046875 0.7921875 0.103125
44 0.50625 0.175 0.528125 0.1828125 0.5421875 0.19375 0.5515625 0.2046875 0.5515625 0.221875 0.540625 0.23125 0.5234375 0.2359375 0.5140625 0.2359375 0.509375 0.23125 0.490625 0.2234375 0.46875 0.2234375 0.4671875 0.225 0.4625 0.221875 0.4609375 0.2171875 0.459375 0.196875 0.46875 0.184375 0.4875 0.1765625 0.5046875 0.175
44 0.740625 0.8 0.7453125 0.8015625 0.7484375 0.8109375 0.7640625 0.8234375 0.7859375 0.81875 0.79375 0.821875 0.7953125 0.83125 0.790625 0.840625 0.7859375 0.84375 0.7625 0.85 0.7328125 0.846875 0.7203125 0.840625 0.71875 0.8390625 0.71875 0.8109375 0.7265625 0.8046875 0.7390625 0.8015625
44 0.715625 0.2265625 0.721875 0.2375 0.7203125 0.2484375 0.7171875 0.25 0.696875 0.2421875 0.6859375 0.2421875 0.66875 0.2375 0.6578125 0.2375 0.634375 0.2484375 0.6359375 0.2390625 0.6421875 0.2296875 0.6578125 0.2234375 0.6671875 0.2234375 0.675 0.2203125 0.7046875 0.2203125 0.7140625 0.2265625
44 0.740625 0.525 0.7578125 0.534375 0.7625 0.540625 0.7515625 0.5703125 0.7515625 0.578125 0.746875 0.5828125 0.73125 0.5796875 0.7125 0.56875 0.7015625 0.5578125 0.703125 0.5515625 0.709375 0.5453125 0.709375 0.5390625 0.7140625 0.53125 0.7390625 0.5265625
44 0.61875 0.5421875 0.6265625 0.5515625 0.634375 0.5546875 0.6453125 0.56875 0.6515625 0.5734375 0.6453125 0.5828125 0.640625 0.5859375 0.628125 0.5734375 0.603125 0.5625 0.5765625 0.5640625 0.5734375 0.5609375 0.5734375 0.5546875 0.578125 0.5515625 0.6015625 0.5515625 0.6171875 0.54375
44 0.265625 0.5078125 0.2734375 0.5140625 0.2796875 0.5234375 0.2796875 0.5296875 0.284375 0.5359375 0.284375 0.54375 0.26875 0.559375 0.25625 0.565625 0.25 0.565625 0.2484375 0.56875 0.2296875 0.56875 0.2078125 0.5625 0.1984375 0.5546875 0.190625 0.5390625 0.190625 0.53125 0.1984375 0.515625 0.21875 0.5015625 0.2515625 0.5015625 0.2640625 0.5078125
44 0.2 0.65 0.209375 0.6546875 0.2234375 0.6546875 0.2484375 0.665625 0.2484375 0.675 0.240625 0.6859375 0.2265625 0.6890625 0.203125 0.6890625 0.2015625 0.690625 0.1828125 0.6859375 0.171875 0.6796875 0.1671875 0.6734375 0.1671875 0.6546875 0.171875 0.6515625 0.178125 0.6515625 0.190625 0.646875 0.1953125 0.646875 0.1984375 0.65
44 0.1671875 0.50625 0.184375 0.5140625 0.1921875 0.521875 0.1890625 0.528125 0.1890625 0.5390625 0.1953125 0.5515625 0.1921875 0.55625 0.1859375 0.559375 0.1671875 0.5625 0.1484375 0.5625 0.1421875 0.559375 0.1359375 0.559375 0.1296875 0.55625 0.1265625 0.55 0.1265625 0.525 0.13125 0.5140625 0.1375 0.5078125 0.1421875 0.5078125 0.146875 0.5046875 0.1640625 0.5046875 0.165625 0.50625
44 0.459375 0.734375 0.46875 0.7359375 0.4765625 0.7609375 0.4765625 0.7703125 0.4671875 0.7828125 0.4578125 0.7859375 0.4421875 0.784375 0.4390625 0.7828125 0.4328125 0.771875 0.4171875 0.759375 0.41875 0.7515625 0.428125 0.7484375 0.4390625 0.7484375 0.453125 0.7421875 0.459375 0.7359375
44 0.384375 0.190625 0.3921875 0.196875 0.3921875 0.2015625 0.384375 0.209375 0.38125 0.2234375 0.384375 0.234375 0.3921875 0.24375 0.39375 0.25 0.390625 0.2546875 0.375 0.2609375 0.3609375 0.2609375 0.3546875 0.2578125 0.353125 0.259375 0.3359375 0.2546875 0.328125 0.2484375 0.3265625 0.2390625 0.334375 0.2234375 0.34375 0.215625 0.3546875 0.2015625 0.3609375 0.196875 0.3828125 0.190625
44 0.409375 0.4765625 0.4140625 0.4828125 0.415625 0.5015625 0.40625 0.50625 0.4 0.5125 0.396875 0.5125 0.3859375 0.521875 0.3828125 0.51875 0.371875 0.515625 0.365625 0.509375 0.365625 0.496875 0.3515625 0.4875 0.3515625 0.478125 0.35625 0.4734375 0.3609375 0.4734375 0.365625 0.4703125 0.3953125 0.4703125 0.4078125 0.4765625
44 0.884375 0.44375 0.8953125 0.446875 0.9 0.453125 0.915625 0.4625 0.9203125 0.4671875 0.9203125 0.475 0.915625 0.4828125 0.915625 0.4875 0.9046875 0.4984375 0.871875 0.4984375 0.8703125 0.5 0.8390625 0.5 0.8359375 0.4984375 0.83125 0.4921875 0.8234375 0.4875 0.8234375 0.4734375 0.859375 0.446875 0.865625 0.44375 0.8828125 0.44375
44 0.6046875 0.7953125 0.6140625 0.7953125 0.615625 0.7984375 0.621875 0.8015625 0.63125 0.8125 0.634375 0.821875 0.634375 0.84375 0.6234375 0.85625 0.6109375 0.8640625 0.5984375 0.8640625 0.5921875 0.8609375 0.5734375 0.8609375 0.5578125 0.846875 0.553125 0.8453125 0.5484375 0.8359375 0.5515625 0.8234375 0.5640625 0.8234375 0.5796875 0.81875 0.5921875 0.8125 0.6015625 0.803125 0.6046875 0.796875
44 0.7984375 0.2203125 0.8078125 0.2234375 0.81875 0.23125 0.81875 0.2484375 0.8171875 0.25 0.81875 0.2609375 0.815625 0.26875 0.809375 0.275 0.7984375 0.28125 0.784375 0.284375 0.7640625 0.28125 0.7421875 0.2703125 0.73125 0.259375 0.73125 0.246875 0.7421875 0.2328125 0.753125 0.2265625 0.7765625 0.2203125 0.796875 0.2203125
44 0.3328125 0.0578125 0.3421875 0.0609375 0.353125 0.06875 0.3609375 0.0828125 0.365625 0.1015625 0.365625 0.109375 0.3625 0.1140625 0.346875 0.1203125 0.334375 0.121875 0.3328125 0.1203125 0.325 0.121875 0.3203125 0.1171875 0.315625 0.10625 0.3046875 0.0953125 0.28125 0.0921875 0.2828125 0.0859375 0.2921875 0.0765625 0.296875 0.065625 0.30625 0.059375 0.31875 0.05625 0.33125 0.0578125
44 0.8484375 0.746875 0.8609375 0.7515625 0.86875 0.7625 0.8921875 0.775 0.9015625 0.7875 0.8921875 0.8 0.88125 0.80625 0.853125 0.8109375 0.846875 0.8140625 0.840625 0.8109375 0.8328125 0.7859375 0.8265625 0.7796875 0.8234375 0.771875 0.815625 0.765625 0.815625 0.759375 0.8234375 0.7484375 0.83125 0.7484375 0.834375 0.7453125 0.846875 0.746875
44 0.4328125 0.6640625 0.440625 0.66875 0.446875 0.678125 0.44375 0.6890625 0.4390625 0.690625 0.4328125 0.6875 0.4203125 0.6859375 0.396875 0.696875 0.3828125 0.7 0.3734375 0.70625 0.36875 0.70625 0.35625 0.7 0.3546875 0.6953125 0.3578125 0.6890625 0.35625 0.6875 0.3578125 0.66875 0.36875 0.66875 0.384375 0.675 0.4046875 0.675 0.40625 0.671875 0.4203125 0.6640625 0.43125 0.6640625
44 0.6234375 0.403125 0.6453125 0.4109375 0.6578125 0.4234375 0.665625 0.4265625 0.671875 0.434375 0.671875 0.4421875 0.665625 0.4515625 0.65625 0.4515625 0.6453125 0.4578125 0.6359375 0.4578125 0.6234375 0.465625 0.6046875 0.465625 0.6 0.4625 0.590625 0.4515625 0.5859375 0.4359375 0.5953125 0.4171875 0.6046875 0.4078125 0.6140625 0.403125 0.621875 0.403125
44 0.515625 0.1265625 0.528125 0.128125 0.53125 0.1375 0.540625 0.146875 0.5421875 0.1515625 0.5359375 0.1625 0.5390625 0.1671875 0.5390625 0.171875 0.534375 0.178125 0.5265625 0.1796875 0.5125 0.175 0.509375 0.16875 0.496875 0.1640625 0.4875 0.1515625 0.4890625 0.146875 0.503125 0.1421875 0.515625 0.128125
44 0.8625 0.39375 0.8640625 0.3953125 0.9 0.39375 0.9078125 0.4 0.9109375 0.4078125 0.9109375 0.421875 0.903125 0.4359375 0.8953125 0.44375 0.8625 0.4421875 0.8609375 0.440625 0.8609375 0.434375 0.8546875 0.4265625 0.8546875 0.4234375 0.84375 0.4140625 0.840625 0.4078125 0.8453125 0.396875 0.85 0.39375 0.8609375 0.39375
44 0.290625 0.1765625 0.3109375 0.178125 0.31875 0.1859375 0.321875 0.1984375 0.33125 0.2125 0.3296875 0.221875 0.3234375 0.23125 0.325 0.2453125 0.3171875 0.2453125 0.3203125 0.23125 0.3109375 0.228125 0.3046875 0.228125 0.3015625 0.23125 0.3015625 0.2421875 0.2984375 0.2421875 0.296875 0.23125 0.290625 0.2234375 0.2921875 0.2171875 0.2921875 0.190625 0.2890625 0.1796875 0.290625 0.178125
44 0.7296875 0.271875 0.740625 0.2734375 0.7578125 0.2828125 0.759375 0.2875 0.75625 0.29375 0.75625 0.3015625 0.7515625 0.3 0.7296875 0.3015625 0.7203125 0.3046875 0.7109375 0.3046875 0.703125 0.309375 0.6921875 0.309375 0.6875 0.3046875 0.703125 0.296875 0.7078125 0.296875 0.7171875 0.2890625 0.7296875 0.2734375
44 0.884375 0.2734375 0.8953125 0.2796875 0.903125 0.2890625 0.9046875 0.3078125 0.8953125 0.321875 0.884375 0.328125 0.8578125 0.328125 0.85625 0.3296875 0.834375 0.3265625 0.828125 0.3109375 0.8234375 0.30625 0.821875 0.3 0.8234375 0.284375 0.834375 0.2734375 0.84375 0.2703125 0.865625 0.26875 0.8828125 0.2734375
44 0.696875 0.48125 0.7 0.484375 0.7171875 0.484375 0.71875 0.4875 0.7265625 0.490625 0.7390625 0.515625 0.7390625 0.5234375 0.7328125 0.5265625 0.7203125 0.5265625 0.7171875 0.5296875 0.7109375 0.5296875 0.709375 0.525 0.6953125 0.5125 0.6828125 0.509375 0.6796875 0.5046875 0.6890625 0.4859375 0.6953125 0.4828125
44 0.159375 0.296875 0.165625 0.315625 0.1796875 0.3234375 0.1671875 0.35 0.1578125 0.346875 0.1515625 0.3390625 0.14375 0.3359375 0.1359375 0.328125 0.1359375 0.3078125 0.140625 0.3 0.146875 0.296875 0.1578125 0.296875
44 0.6171875 0.2546875 0.6390625 0.2640625 0.6421875 0.2734375 0.6421875 0.2859375 0.634375 0.3046875 0.6171875 0.309375 0.609375 0.3171875 0.6 0.321875 0.584375 0.3203125 0.5734375 0.3125 0.571875 0.30625 0.559375 0.290625 0.5578125 0.2734375 0.5671875 0.2625 0.578125 0.25625 0.5859375 0.25625 0.59375 0.253125 0.6140625 0.253125 0.615625 0.2546875
44 0.2078125 0.321875 0.215625 0.3234375 0.2328125 0.334375 0.246875 0.3484375 0.2515625 0.3609375 0.2515625 0.3703125 0.2484375 0.375 0.21875 0.378125 0.2109375 0.3796875 0.2078125 0.3828125 0.190625 0.38125 0.178125 0.375 0.171875 0.365625 0.171875 0.346875 0.178125 0.33125 0.1875 0.3234375 0.20625 0.321875
44 0.6421875 0.3078125 0.6546875 0.3125 0.665625 0.3203125 0.6703125 0.328125 0.6796875 0.3375 0.684375 0.3375 0.6859375 0.340625 0.6859375 0.3484375 0.6796875 0.3546875 0.659375 0.365625 0.6171875 0.365625 0.60625 0.3625 0.59375 0.3515625 0.5921875 0.3453125 0.59375 0.334375 0.6046875 0.325 0.6046875 0.321875 0.609375 0.3171875 0.61875 0.3109375 0.640625 0.3078125
44 0.79375 0.8453125 0.809375 0.8515625 0.81875 0.859375 0.821875 0.865625 0.821875 0.88125 0.8125 0.9 0.803125 0.9046875 0.8015625 0.9078125 0.79375 0.909375 0.7734375 0.909375 0.753125 0.903125 0.740625 0.89375 0.7265625 0.865625 0.7265625 0.8578125 0.7328125 0.8484375 0.7609375 0.8515625 0.7734375 0.846875 0.7921875 0.8453125
44 0.69375 0.5140625 0.7078125 0.5265625 0.7078125 0.54375 0.690625 0.5625 0.6703125 0.571875 0.65 0.5703125 0.6375 0.5578125 0.625 0.55 0.621875 0.54375 0.625 0.525 0.63125 0.5203125 0.6546875 0.5171875 0.665625 0.5140625 0.66875 0.5109375 0.6859375 0.5109375 0.6921875 0.5140625
44 0.4109375 0.759375 0.4265625 0.76875 0.4328125 0.7765625 0.440625 0.796875 0.440625 0.803125 0.434375 0.8109375 0.421875 0.81875 0.4109375 0.821875 0.3796875 0.821875 0.3640625 0.8171875 0.346875 0.803125 0.34375 0.79375 0.346875 0.775 0.3578125 0.7625 0.3671875 0.7609375 0.371875 0.7578125 0.3859375 0.75625 0.4 0.75625 0.409375 0.759375
44 0.7265625 0.1328125 0.7390625 0.1421875 0.74375 0.153125 0.74375 0.1609375 0.7390625 0.1625 0.7375 0.175 0.7265625 0.1875 0.709375 0.19375 0.690625 0.19375 0.671875 0.1859375 0.6671875 0.18125 0.6640625 0.171875 0.6625 0.165625 0.6640625 0.1578125 0.66875 0.14375 0.6796875 0.1328125 0.690625 0.1265625 0.709375 0.125 0.7171875 0.1265625 0.71875 0.1296875 0.725 0.1328125
44 0.2625 0.309375 0.271875 0.315625 0.3015625 0.3171875 0.3078125 0.3203125 0.3125 0.328125 0.309375 0.3453125 0.3046875 0.3515625 0.28125 0.35625 0.2734375 0.3609375 0.2703125 0.365625 0.2671875 0.365625 0.265625 0.371875 0.265625 0.3671875 0.2515625 0.3578125 0.25 0.35 0.240625 0.340625 0.2390625 0.3296875 0.240625 0.3234375 0.25 0.315625 0.253125 0.309375 0.2609375 0.309375
44 0.3328125 0.4765625 0.3421875 0.4828125 0.3421875 0.4890625 0.3359375 0.4921875 0.328125 0.4921875 0.321875 0.4984375 0.3171875 0.5 0.3109375 0.50625 0.3109375 0.509375 0.2984375 0.5203125 0.2953125 0.528125 0.2890625 0.528125 0.28125 0.521875 0.271875 0.5046875 0.2734375 0.496875 0.28125 0.4875 0.290625 0.484375 0.2921875 0.48125 0.3078125 0.4765625 0.33125 0.4765625
44 0.6 0.73125 0.621875 0.7265625 0.628125 0.728125 0.628125 0.734375 0.609375 0.753125 0.5953125 0.7515625 0.6 0.7328125
44 0.5578125 0.6296875 0.5703125 0.634375 0.578125 0.64375 0.578125 0.66875 0.571875 0.6921875 0.565625 0.7 0.5546875 0.70625 0.5296875 0.70625 0.5203125 0.703125 0.5078125 0.690625 0.5046875 0.690625 0.4921875 0.6796875 0.4875 0.6734375 0.4859375 0.6609375 0.490625 0.6484375 0.503125 0.6375 0.53125 0.628125 0.55625 0.6296875
44 0.353125 0.8109375 0.3578125 0.815625 0.3703125 0.821875 0.4203125 0.825 0.421875 0.83125 0.4140625 0.8375 0.390625 0.84375 0.378125 0.85 0.3546875 0.85 0.3359375 0.840625 0.334375 0.8203125 0.3375 0.8140625 0.34375 0.8078125 0.3484375 0.8078125 0.3515625 0.8109375
44 0.296875 0.8 0.3109375 0.8046875 0.3140625 0.8078125 0.321875 0.81875 0.3265625 0.83125 0.325 0.840625 0.309375 0.8546875 0.296875 0.853125 0.2921875 0.85 0.284375 0.85 0.2796875 0.846875 0.2484375 0.846875 0.2359375 0.8328125 0.2359375 0.828125 0.24375 0.815625 0.265625 0.8109375 0.2765625 0.8046875 0.2953125 0.8
44 0.4225543478260869 0.4597349643221203 0.4442934782608695 0.47604485219164117 0.4633152173913043 0.47808358817533125 0.5027173913043479 0.45871559633027525 0.5027173913043479 0.4332313965341489 0.48369565217391297 0.41692150866462796 0.45108695652173914 0.4148827726809379 0.4225543478260869 0.4332313965341489 0.4225543478260869 0.4597349643221203
44 0.48369565217391297 0.5708460754332314 0.4945652173913043 0.5963302752293578 0.5108695652173914 0.6106014271151886 0.5529891304347826 0.6004077471967381 0.5706521739130435 0.5647298674821611 0.5679347826086956 0.5524974515800204 0.561141304347826 0.5484199796126401 0.5108695652173914 0.5494393476044852 0.4945652173913043 0.5524974515800204 0.4850543478260869 0.561671763506626 0.48369565217391297 0.5708460754332314
44 0.30842391304347827 0.43527013251783897 0.3192934782608695 0.44342507645259943 0.33967391304347827 0.44954128440366975 0.3491847826086957 0.4505606523955148 0.3777173913043478 0.43527013251783897 0.39402173913043476 0.4128440366972478 0.3858695652173913 0.3934760448521917 0.358695652173913 0.382262996941896 0.31657608695652173 0.3843017329255861 0.30570652173913043 0.40061162079510704 0.30842391304347827 0.43527013251783897
44 0.4021739130434782 0.3506625891946993 0.41847826086956524 0.36289500509684 0.44021739130434784 0.36289500509684 0.47010869565217395 0.34454638124362896 0.47690217391304346 0.33333333333333337 0.47690217391304346 0.31702344546381245 0.46739130434782605 0.3037716615698267 0.4375 0.3007135575942915 0.4103260869565217 0.308868501529052 0.39945652173913043 0.327217125382263 0.4021739130434782 0.3506625891946993
44 0.40353260869565216 0.40366972477064217 0.42119565217391297 0.4271151885830785 0.45244565217391297 0.4128440366972478 0.4796195652173913 0.41386340468909283 0.48369565217391297 0.41080530071355764 0.4891304347826087 0.3843017329255861 0.4755434782608695 0.3690112130479103 0.42119565217391297 0.36595310907237516 0.4103260869565217 0.37104994903160043 0.4021739130434782 0.382262996941896 0.40353260869565216 0.40366972477064217
44 0.13858695652173914 0.41997961264016315 0.15081521739130435 0.4271151885830785 0.1766304347826087 0.4281345565749236 0.19293478260869565 0.4046890927624872 0.19293478260869565 0.3853211009174312 0.16847826086956522 0.3669724770642202 0.16032608695652173 0.3669724770642202 0.14266304347826086 0.381243628950051 0.13451086956521738 0.39653414882772686 0.13858695652173914 0.41997961264016315
44 0.27717391304347827 0.6422018348623854 0.2703804347826087 0.6513761467889909 0.25135869565217395 0.6625891946992865 0.25407608695652173 0.671763506625892 0.266304347826087 0.6768603465851173 0.28260869565217395 0.6768603465851173 0.31385869565217395 0.6687054026503568 0.3383152173913043 0.6523955147808359 0.34239130434782605 0.6330275229357798 0.328804347826087 0.6167176350662589 0.32065217391304346 0.6126401630988787 0.2866847826086957 0.6146788990825688 0.27717391304347827 0.6422018348623854
44 0.24728260869565216 0.582059123343527 0.25815217391304346 0.598369011213048 0.2866847826086957 0.6095820591233435 0.3179347826086957 0.6095820591233435 0.3328804347826087 0.599388379204893 0.3355978260869565 0.5851172273190622 0.3247282608695652 0.5596330275229359 0.3016304347826087 0.54638124362895 0.28532608695652173 0.5484199796126401 0.24728260869565216 0.5728848114169216 0.24728260869565216 0.582059123343527
44 0.2730978260869565 0.454638124362895 0.28940217391304346 0.4689092762487258 0.32608695652173914 0.47196738022426094 0.34375 0.46279306829765543 0.3491847826086957 0.4505606523955148 0.32065217391304346 0.4454638124362895 0.31114130434782605 0.4393476044852192 0.3029891304347826 0.4281345565749236 0.3016304347826087 0.4097859327217125 0.28532608695652173 0.4097859327217125 0.27445652173913043 0.4189602446483181 0.2730978260869565 0.454638124362895
44 0.3546195652173913 0.4597349643221203 0.3641304347826087 0.46687054026503566 0.4103260869565217 0.46992864424057085 0.42119565217391297 0.4658511722731906 0.41847826086956524 0.4301732925586137 0.40489130434782605 0.41997961264016315 0.39266304347826086 0.4189602446483181 0.3845108695652174 0.4301732925586137 0.35733695652173914 0.44954128440366975 0.3546195652173913 0.4597349643221203
44 0.360054347826087 0.8623853211009175 0.36277173913043476 0.8817533129459735 0.3777173913043478 0.8990825688073395 0.4130434782608695 0.90927624872579 0.43614130434782605 0.9011213047910296 0.4442934782608695 0.888888888888889 0.4483695652173913 0.8685015290519879 0.4415760869565217 0.8470948012232415 0.40896739130434784 0.8430173292558614 0.3654891304347826 0.854230377166157 0.360054347826087 0.8623853211009175
44 0.327445652173913 0.5677879714576963 0.3355978260869565 0.582059123343527 0.33695652173913043 0.6055045871559633 0.35190217391304346 0.6106014271151886 0.3668478260869565 0.6075433231396534 0.40760869565217395 0.5779816513761469 0.391304347826087 0.5698267074413864 0.3804347826086957 0.5514780835881753 0.3546195652173913 0.5586136595310907 0.33016304347826086 0.5575942915392457 0.327445652173913 0.5677879714576963
44 0.40896739130434784 0.598369011213048 0.42119565217391297 0.6126401630988787 0.42934782608695654 0.6156982670744139 0.46875 0.6156982670744139 0.4891304347826087 0.601427115188583 0.4891304347826087 0.5902140672782875 0.4755434782608695 0.5688073394495413 0.46059782608695654 0.5596330275229359 0.41440217391304346 0.5790010193679919 0.40896739130434784 0.5861365953109072 0.40896739130434784 0.598369011213048