13 0.375 0.6828125 0.415625 0.6953125 0.440625 0.6953125 0.4359375 0.7046875 0.4328125 0.71875 0.428125 0.7234375 0.4265625 0.721875 0.4015625 0.7234375 0.390625 0.7328125 0.384375 0.7421875 0.3796875 0.74375 0.371875 0.7328125 0.365625 0.71875 0.365625 0.7140625 0.359375 0.7109375 0.3546875 0.703125 0.3546875 0.6953125 0.359375 0.6875 0.365625 0.6890625 0.3703125 0.6859375 0.3734375 0.6890625 0.375 0.684375
13 0.7859375 0.6375 0.8125 0.6671875 0.821875 0.671875 0.8234375 0.678125 0.8140625 0.6796875 0.796875 0.6765625 0.784375 0.6796875 0.7734375 0.6796875 0.7546875 0.6921875 0.75 0.6796875 0.740625 0.6703125 0.7421875 0.6609375 0.76875 0.64375 0.7734375 0.6375 0.784375 0.6375
13 0.946875 0.5515625 0.9578125 0.5546875 0.9671875 0.5640625 0.9703125 0.5703125 0.9703125 0.584375 0.9671875 0.590625 0.95625 0.596875 0.95 0.596875 0.9453125 0.6 0.9359375 0.6 0.9125 0.6125 0.8984375 0.6125 0.8875 0.60625 0.8765625 0.5890625 0.875 0.5828125 0.8765625 0.575 0.8921875 0.5671875 0.896875 0.5625 0.9171875 0.5578125 0.9265625 0.5578125 0.928125 0.5546875 0.9453125 0.5515625
13 0.2109375 0.7421875 0.253125 0.7515625 0.265625 0.7578125 0.2796875 0.7734375 0.28125 0.7859375 0.2796875 0.8015625 0.259375 0.8296875 0.2296875 0.8265625 0.2078125 0.8203125 0.1984375 0.8203125 0.1765625 0.8140625 0.1671875 0.8140625 0.1640625 0.8109375 0.140625 0.8078125 0.1328125 0.8015625 0.1359375 0.778125 0.146875 0.7625 0.16875 0.7484375 0.1828125 0.7421875 0.190625 0.740625 0.209375 0.7421875
13 0.6640625 0.2640625 0.6671875 0.2671875 0.665625 0.2953125 0.6625 0.3015625 0.65625 0.3046875 0.6453125 0.31875 0.640625 0.3203125 0.625 0.31875 0.6234375 0.315625 0.609375 0.3125 0.6078125 0.3078125 0.6125 0.2984375 0.6125 0.29375 0.63125 0.2625 0.6625 0.2640625
13 0.509375 0.3 0.5171875 0.309375 0.5375 0.3234375 0.5390625 0.328125 0.5375 0.3421875 0.5234375 0.3546875 0.5125 0.3515625 0.5078125 0.3453125 0.496875 0.3390625 0.453125 0.3390625 0.4484375 0.3328125 0.4484375 0.325 0.453125 0.315625 0.459375 0.30625 0.46875 0.2984375 0.4875 0.290625 0.4984375 0.290625 0.5078125 0.3
13 0.8328125 0.39375 0.8375 0.396875 0.8515625 0.4 0.8640625 0.4109375 0.86875 0.45 0.8640625 0.45625 0.85625 0.459375 0.85 0.453125 0.8265625 0.4390625 0.8046875 0.4390625 0.803125 0.4375 0.7890625 0.440625 0.7859375 0.4375 0.7859375 0.4203125 0.7890625 0.403125 0.796875 0.39375 0.8 0.3921875 0.83125 0.39375
13 0.7921875 0.4671875 0.8109375 0.48125 0.81875 0.490625 0.81875 0.4953125 0.8046875 0.503125 0.7921875 0.50625 0.790625 0.509375 0.784375 0.509375 0.7703125 0.51875 0.75625 0.5234375 0.7390625 0.5328125 0.734375 0.5328125 0.7328125 0.5265625 0.7203125 0.509375 0.7203125 0.5015625 0.7234375 0.49375 0.7296875 0.4875 0.746875 0.48125 0.753125 0.4765625 0.7578125 0.4765625 0.7625 0.471875 0.78125 0.465625 0.790625 0.4671875
13 0.0984375 0.7375 0.109375 0.7390625 0.1234375 0.7453125 0.134375 0.7546875 0.134375 0.7578125 0.140625 0.765625 0.134375 0.778125 0.134375 0.7875 0.1296875 0.803125 0.1015625 0.796875 0.0984375 0.79375 0.0921875 0.79375 0.0890625 0.790625 0.05 0.7796875 0.0328125 0.7703125 0.034375 0.7640625 0.0421875 0.7546875 0.053125 0.746875 0.0734375 0.7390625 0.096875 0.7375
13 0.775 0.5984375 0.7796875 0.603125 0.7734375 0.6171875 0.76875 0.640625 0.7390625 0.6625 0.725 0.659375 0.715625 0.6515625 0.7046875 0.646875 0.7 0.6421875 0.7 0.634375 0.703125 0.628125 0.709375 0.621875 0.715625 0.6203125 0.7421875 0.6015625 0.7578125 0.6015625 0.765625 0.5984375 0.7734375 0.5984375
13 0.6109375 0.3609375 0.628125 0.375 0.6328125 0.3875 0.6328125 0.3984375 0.6234375 0.434375 0.615625 0.4359375 0.596875 0.446875 0.584375 0.44375 0.5734375 0.434375 0.5703125 0.428125 0.55 0.428125 0.5421875 0.4296875 0.5390625 0.4328125 0.528125 0.434375 0.5171875 0.425 0.5140625 0.4171875 0.5296875 0.3859375 0.53125 0.36875 0.5359375 0.3640625 0.553125 0.3578125 0.5703125 0.3578125 0.571875 0.35625 0.5953125 0.35625 0.609375 0.3609375
13 0.740625 0.728125 0.7453125 0.73125 0.7484375 0.7453125 0.7546875 0.7546875 0.75625 0.7609375 0.7546875 0.7765625 0.759375 0.790625 0.759375 0.8 0.746875 0.80625 0.7421875 0.80625 0.7390625 0.809375 0.721875 0.8140625 0.7140625 0.8140625 0.709375 0.8171875 0.7015625 0.8171875 0.6984375 0.8125 0.6953125 0.7984375 0.690625 0.7890625 0.6875 0.7875 0.6875 0.78125 0.678125 0.7546875 0.6765625 0.7421875 0.678125 0.7375 0.7015625 0.734375 0.71875 0.728125 0.7390625 0.728125
13 0.5203125 0.66875 0.5390625 0.678125 0.55625 0.690625 0.565625 0.7015625 0.571875 0.7046875 0.5828125 0.7203125 0.5828125 0.725 0.578125 0.734375 0.571875 0.7390625 0.571875 0.7421875 0.5609375 0.7546875 0.559375 0.759375 0.553125 0.7625 0.5359375 0.7640625 0.5328125 0.7671875 0.49375 0.7671875 0.4890625 0.7640625 0.4796875 0.7640625 0.4625 0.759375 0.4390625 0.7421875 0.4359375 0.728125 0.4328125 0.7234375 0.4375 0.7125 0.4375 0.7046875 0.45 0.6875 0.4609375 0.678125 0.465625 0.678125 0.484375 0.66875 0.49375 0.6703125 0.51875 0.66875
13 0.7390625 0.284375 0.753125 0.2875 0.765625 0.2875 0.7734375 0.290625 0.7796875 0.3 0.7796875 0.3078125 0.7671875 0.3359375 0.7625 0.3390625 0.75 0.3390625 0.7265625 0.34375 0.709375 0.3421875 0.7015625 0.328125 0.7015625 0.3171875 0.709375 0.3 0.721875 0.2875 0.7375 0.284375
13 0.4125 0.7234375 0.428125 0.725 0.4328125 0.728125 0.4359375 0.7375 0.43125 0.7578125 0.43125 0.7734375 0.428125 0.7796875 0.4296875 0.8015625 0.4265625 0.80625 0.3859375 0.8078125 0.384375 0.809375 0.378125 0.80625 0.365625 0.790625 0.365625 0.78125 0.375 0.7640625 0.3796875 0.7484375 0.3859375 0.74375 0.3859375 0.740625 0.396875 0.728125 0.403125 0.725 0.4109375 0.725
13 0.584375 0.49375 0.5984375 0.5015625 0.603125 0.50625 0.603125 0.509375 0.6140625 0.5171875 0.615625 0.521875 0.621875 0.528125 0.6234375 0.5421875 0.628125 0.5484375 0.628125 0.5640625 0.6234375 0.56875 0.6046875 0.5703125 0.5921875 0.575 0.584375 0.575 0.565625 0.565625 0.5578125 0.559375 0.5546875 0.559375 0.540625 0.5453125 0.53125 0.528125 0.53125 0.5015625 0.5484375 0.496875 0.55625 0.496875 0.5625 0.49375 0.5828125 0.49375
13 0.7265625 0.6640625 0.734375 0.665625 0.7484375 0.678125 0.7484375 0.6828125 0.753125 0.6921875 0.7484375 0.7046875 0.7484375 0.715625 0.7375 0.7265625 0.71875 0.7265625 0.696875 0.7328125 0.6859375 0.7328125 0.6671875 0.7234375 0.6640625 0.7171875 0.6640625 0.703125 0.6671875 0.6953125 0.6734375 0.6875 0.678125 0.6859375 0.678125 0.6828125 0.6859375 0.6765625 0.6875 0.671875 0.690625 0.671875 0.6953125 0.6671875 0.7046875 0.6640625 0.725 0.6640625
13 0.5296875 0.503125 0.5296875 0.525 0.5328125 0.5328125 0.540625 0.54375 0.540625 0.546875 0.5578125 0.5609375 0.5578125 0.565625 0.55 0.5671875 0.5328125 0.565625 0.5125 0.553125 0.5109375 0.5484375 0.5046875 0.5453125 0.5 0.5453125 0.4953125 0.55 0.4921875 0.55 0.49375 0.546875 0.4984375 0.5453125 0.5046875 0.5359375 0.503125 0.51875 0.515625 0.5078125 0.528125 0.503125
13 0.1640625 0.6484375 0.165625 0.653125 0.1515625 0.65625 0.1375 0.6625 0.1234375 0.678125 0.1234375 0.6828125 0.1203125 0.6875 0.1203125 0.7015625 0.1234375 0.7078125 0.1234375 0.7171875 0.115625 0.715625 0.0890625 0.6953125 0.0890625 0.671875 0.0953125 0.659375 0.103125 0.65625 0.10625 0.6515625 0.115625 0.6453125 0.121875 0.6453125 0.13125 0.640625 0.1546875 0.64375 0.1625 0.6484375
13 0.821875 0.596875 0.8484375 0.6046875 0.8640625 0.6140625 0.86875 0.6203125 0.8640625 0.628125 0.853125 0.6375 0.853125 0.6421875 0.8484375 0.65 0.828125 0.6578125 0.8078125 0.65625 0.7859375 0.6375 0.7734375 0.6359375 0.771875 0.6328125 0.7734375 0.61875 0.78125 0.6015625 0.7921875 0.5984375 0.8203125 0.596875
13 0.5703125 0.6203125 0.5890625 0.625 0.603125 0.6359375 0.60625 0.6453125 0.5859375 0.653125 0.5765625 0.659375 0.565625 0.671875 0.5625 0.6828125 0.553125 0.6828125 0.5453125 0.6796875 0.521875 0.665625 0.51875 0.6609375 0.51875 0.64375 0.521875 0.6328125 0.5328125 0.625 0.5515625 0.6203125 0.56875 0.6203125
13 0.6453125 0.528125 0.6515625 0.53125 0.6609375 0.540625 0.665625 0.55 0.665625 0.559375 0.653125 0.5859375 0.6453125 0.5921875 0.634375 0.596875 0.621875 0.596875 0.6171875 0.59375 0.5984375 0.5921875 0.5890625 0.5859375 0.5875 0.578125 0.6015625 0.575 0.60625 0.571875 0.6234375 0.5703125 0.6296875 0.5640625 0.6296875 0.5515625 0.6234375 0.5375 0.6234375 0.528125 0.625 0.5265625 0.64375 0.528125
13 0.6 0.5921875 0.6140625 0.59375 0.628125 0.5984375 0.634375 0.603125 0.64375 0.615625 0.6453125 0.6296875 0.6421875 0.6375 0.634375 0.646875 0.625 0.65 0.6234375 0.653125 0.6171875 0.653125 0.6078125 0.646875 0.6046875 0.6375 0.6 0.6328125 0.5828125 0.6234375 0.578125 0.6234375 0.5734375 0.6203125 0.55625 0.6203125 0.55625 0.6140625 0.5625 0.6046875 0.5734375 0.596875 0.5984375 0.5921875
13 0.35625 0.3296875 0.375 0.340625 0.3796875 0.3453125 0.3796875 0.3484375 0.375 0.3546875 0.3671875 0.3578125 0.353125 0.3703125 0.34375 0.36875 0.3421875 0.365625 0.334375 0.3625 0.33125 0.35625 0.325 0.3546875 0.321875 0.3484375 0.3171875 0.3453125 0.3125 0.3453125 0.3109375 0.3359375 0.3125 0.3328125 0.334375 0.3234375 0.3421875 0.3234375 0.3546875 0.3296875
13 0.85625 0.4625 0.859375 0.465625 0.8578125 0.4734375 0.859375 0.4828125 0.865625 0.4953125 0.8734375 0.503125 0.8734375 0.50625 0.89375 0.5265625 0.8890625 0.5265625 0.8828125 0.521875 0.8609375 0.5234375 0.85 0.509375 0.8390625 0.503125 0.828125 0.4921875 0.8234375 0.4921875 0.815625 0.484375 0.8140625 0.478125 0.8234375 0.4734375 0.828125 0.4734375 0.8515625 0.4609375 0.8546875 0.4625
13 0.478125 0.815625 0.4953125 0.821875 0.5 0.828125 0.509375 0.83125 0.51875 0.8421875 0.5171875 0.846875 0.4890625 0.85 0.44375 0.85 0.4421875 0.8484375 0.4234375 0.8484375 0.41875 0.8453125 0.4234375 0.8359375 0.428125 0.8328125 0.428125 0.8296875 0.4375 0.821875 0.453125 0.815625 0.4765625 0.815625
13 0.940625 0.6484375 0.953125 0.6515625 0.9546875 0.6546875 0.9546875 0.6703125 0.9515625 0.6765625 0.9140625 0.7140625 0.9046875 0.7171875 0.878125 0.7140625 0.86875 0.70625 0.865625 0.696875 0.86875 0.6703125 0.878125 0.6578125 0.896875 0.6484375 0.9109375 0.646875 0.9390625 0.6484375
13 0.0421875 0.3765625 0.0609375 0.3765625 0.06875 0.403125 0.06875 0.409375 0.059375 0.41875 0.0421875 0.428125 0.03125 0.4296875 0.0140625 0.4359375 0 0.4375 0 0.390625 0.0046875 0.3875 0.01875 0.3875 0.021875 0.384375 0.0421875 0.378125
13 0.7859375 0.38125 0.796875 0.390625 0.796875 0.39375 0.790625 0.3984375 0.7875 0.4046875 0.784375 0.4234375 0.7859375 0.4421875 0.765625 0.45625 0.7609375 0.44375 0.75625 0.4390625 0.734375 0.4328125 0.740625 0.41875 0.740625 0.4140625 0.7359375 0.4046875 0.7375 0.4 0.740625 0.3984375 0.740625 0.39375 0.75 0.384375 0.7578125 0.384375 0.76875 0.3796875 0.784375 0.38125
13 0.1484375 0.5046875 0.1578125 0.509375 0.165625 0.5171875 0.175 0.54375 0.1734375 0.553125 0.165625 0.5578125 0.1390625 0.559375 0.134375 0.5625 0.125 0.5625 0.09375 0.578125 0.084375 0.578125 0.0859375 0.571875 0.0796875 0.56875 0.078125 0.5625 0.071875 0.5546875 0.0703125 0.540625 0.0734375 0.528125 0.0765625 0.528125 0.0859375 0.5203125 0.10625 0.5140625 0.1234375 0.5046875 0.146875 0.5046875
13 0.44375 0.7484375 0.4625 0.7609375 0.5125 0.771875 0.4984375 0.7953125 0.49375 0.81875 0.48125 0.8171875 0.475 0.8140625 0.4484375 0.8140625 0.4359375 0.803125 0.43125 0.79375 0.4296875 0.78125 0.4328125 0.7765625 0.434375 0.7546875 0.4390625 0.746875 0.4421875 0.7484375
13 0.5671875 0.4296875 0.5875 0.446875 0.590625 0.453125 0.5703125 0.4546875 0.5515625 0.459375 0.5375 0.46875 0.5328125 0.475 0.5296875 0.475 0.528125 0.4625 0.525 0.4578125 0.51875 0.453125 0.5109375 0.4515625 0.5109375 0.446875 0.5296875 0.4375 0.53125 0.434375 0.5375 0.434375 0.540625 0.43125 0.565625 0.4296875
13 0.2703125 0.39375 0.271875 0.396875 0.278125 0.4 0.2796875 0.409375 0.2875 0.4203125 0.2875 0.434375 0.275 0.4359375 0.265625 0.4421875 0.2453125 0.4390625 0.23125 0.4328125 0.203125 0.4296875 0.1984375 0.4203125 0.1984375 0.415625 0.1875 0.403125 0.1921875 0.396875 0.1984375 0.39375 0.2140625 0.39375 0.21875 0.390625 0.228125 0.3890625 0.253125 0.3875 0.259375 0.390625 0.265625 0.390625 0.26875 0.39375
13 0.434375 0.5 0.4671875 0.503125 0.471875 0.5046875 0.4765625 0.5109375 0.475 0.525 0.465625 0.5421875 0.4609375 0.5453125 0.446875 0.5453125 0.4359375 0.5484375 0.415625 0.540625 0.3921875 0.5359375 0.3921875 0.5328125 0.396875 0.5296875 0.390625 0.5234375 0.3859375 0.521875 0.3859375 0.5078125 0.390625 0.5015625 0.4078125 0.4984375 0.4328125 0.5
13 0.859375 0.675 0.8609375 0.678125 0.8640625 0.678125 0.8671875 0.6859375 0.865625 0.6921875 0.8671875 0.7015625 0.8703125 0.70625 0.878125 0.7140625 0.8921875 0.71875 0.8921875 0.721875 0.884375 0.7296875 0.8734375 0.7359375 0.8546875 0.7359375 0.8515625 0.7015625 0.8484375 0.6953125 0.8390625 0.6859375 0.8390625 0.6828125 0.8453125 0.678125 0.8578125 0.675
13 0.4515625 0.428125 0.4578125 0.4296875 0.4609375 0.434375 0.465625 0.434375 0.475 0.440625 0.478125 0.44375 0.478125 0.4515625 0.4640625 0.4796875 0.4578125 0.4875 0.4578125 0.4921875 0.4546875 0.496875 0.4390625 0.5 0.4078125 0.496875 0.396875 0.4921875 0.3953125 0.4890625 0.3796875 0.4796875 0.375 0.471875 0.375 0.45 0.3859375 0.4390625 0.3859375 0.4359375 0.396875 0.428125 0.4 0.4296875 0.409375 0.4265625 0.45 0.428125
13 0.6828125 0.453125 0.703125 0.459375 0.7171875 0.4734375 0.721875 0.4875 0.721875 0.4984375 0.7171875 0.5109375 0.7078125 0.51875 0.690625 0.51875 0.6859375 0.5234375 0.6703125 0.5296875 0.653125 0.5296875 0.6484375 0.5265625 0.628125 0.521875 0.625 0.51875 0.61875 0.50625 0.621875 0.4984375 0.621875 0.4796875 0.625 0.4734375 0.634375 0.4671875 0.6375 0.4625 0.653125 0.4546875 0.68125 0.453125
13 0.609375 0.8015625 0.6171875 0.796875 0.6453125 0.7953125 0.678125 0.7859375 0.6859375 0.7859375 0.690625 0.790625 0.7 0.815625 0.6953125 0.821875 0.675 0.828125 0.659375 0.8296875 0.6546875 0.8328125 0.63125 0.834375 0.6234375 0.8375 0.6109375 0.8375 0.6078125 0.834375 0.609375 0.803125
13 0.8296875 0.440625 0.8484375 0.453125 0.853125 0.4578125 0.853125 0.4609375 0.8234375 0.475 0.81875 0.4796875 0.8125 0.4796875 0.79375 0.465625 0.7859375 0.4625 0.771875 0.465625 0.76875 0.46875 0.7640625 0.46875 0.7640625 0.4625 0.76875 0.4546875 0.7828125 0.44375 0.8 0.4390625 0.828125 0.440625
13 0.6546875 0.3640625 0.6859375 0.3734375 0.6890625 0.378125 0.6890625 0.3828125 0.684375 0.3859375 0.65625 0.3890625 0.6546875 0.3921875 0.6515625 0.3921875 0.6390625 0.4015625 0.6359375 0.4015625 0.634375 0.3984375 0.6328125 0.378125 0.640625 0.3671875 0.6453125 0.3640625 0.653125 0.3640625
13 0.19375 0.559375 0.2078125 0.5640625 0.225 0.578125 0.2359375 0.5984375 0.2359375 0.6125 0.2234375 0.63125 0.2015625 0.6328125 0.1953125 0.6390625 0.190625 0.640625 0.178125 0.6375 0.18125 0.63125 0.18125 0.621875 0.1765625 0.609375 0.1546875 0.603125 0.1265625 0.5984375 0.1234375 0.5953125 0.1234375 0.58125 0.128125 0.5703125 0.14375 0.5609375 0.1578125 0.5609375 0.175 0.55625 0.1921875 0.559375
13 0.21875 0.434375 0.2234375 0.4359375 0.221875 0.4390625 0.21875 0.4390625 0.196875 0.4578125 0.1890625 0.484375 0.1921875 0.5015625 0.1890625 0.50625 0.159375 0.50625 0.153125 0.503125 0.146875 0.4984375 0.1453125 0.49375 0.1375 0.4859375 0.1328125 0.478125 0.1328125 0.4703125 0.1359375 0.4640625 0.14375 0.4578125 0.165625 0.45 0.1828125 0.4375 0.1890625 0.4375 0.19375 0.434375 0.2171875 0.434375
13 0.703125 0.3015625 0.7046875 0.3078125 0.7 0.3171875 0.7 0.325 0.7046875 0.334375 0.70625 0.3453125 0.7046875 0.3484375 0.690625 0.3578125 0.6859375 0.36875 0.66875 0.3671875 0.65625 0.3625 0.6421875 0.3625 0.6375 0.359375 0.6359375 0.35625 0.6375 0.3359375 0.6421875 0.3234375 0.6515625 0.3109375 0.66875 0.2984375 0.6890625 0.2984375 0.7015625 0.3015625
13 0.775 0.5453125 0.7875 0.5484375 0.79375 0.553125 0.7984375 0.553125 0.8046875 0.559375 0.784375 0.5765625 0.778125 0.5859375 0.7578125 0.6 0.74375 0.6 0.728125 0.5859375 0.7265625 0.58125 0.740625 0.565625 0.740625 0.5625 0.7578125 0.5484375 0.7640625 0.54375 0.7734375 0.5453125
13 0.83125 0.496875 0.8375 0.5046875 0.8515625 0.5140625 0.85625 0.5234375 0.8546875 0.5265625 0.846875 0.5296875 0.8421875 0.5359375 0.828125 0.5453125 0.81875 0.5453125 0.8078125 0.55 0.79375 0.55 0.790625 0.546875 0.76875 0.540625 0.7609375 0.54375 0.7421875 0.5578125 0.7375 0.5578125 0.7328125 0.553125 0.7296875 0.553125 0.7296875 0.540625 0.7328125 0.5359375 0.746875 0.53125 0.7546875 0.525 0.759375 0.525 0.784375 0.5109375 0.7890625 0.5109375 0.80625 0.5015625 0.8109375 0.5015625 0.821875 0.49375 0.8296875 0.496875
13 0.4921875 0.446875 0.50625 0.45 0.509375 0.453125 0.5203125 0.45625 0.5265625 0.4625 0.528125 0.4703125 0.525 0.4953125 0.5046875 0.515625 0.4921875 0.515625 0.4875 0.5125 0.4828125 0.5125 0.471875 0.503125 0.4640625 0.503125 0.45625 0.4984375 0.459375 0.484375 0.4671875 0.4734375 0.46875 0.465625 0.475 0.4546875 0.4796875 0.4515625 0.4796875 0.4484375 0.490625 0.446875
13 0.7578125 0.7578125 0.7828125 0.765625 0.7921875 0.765625 0.796875 0.76875 0.8015625 0.76875 0.8015625 0.784375 0.7921875 0.7875 0.790625 0.790625 0.784375 0.790625 0.7703125 0.7984375 0.7609375 0.8 0.75625 0.7734375 0.7578125 0.759375
13 0.21875 0.4375 0.225 0.434375 0.2359375 0.434375 0.2390625 0.4375 0.2578125 0.440625 0.2609375 0.44375 0.265625 0.44375 0.271875 0.45 0.2765625 0.45 0.2875 0.4640625 0.284375 0.475 0.284375 0.4875 0.278125 0.4953125 0.25 0.509375 0.2390625 0.5109375 0.2109375 0.509375 0.1921875 0.5046875 0.1890625 0.4859375 0.190625 0.4734375 0.1984375 0.4546875 0.203125 0.453125 0.21875 0.4390625
13 0.540625 0.2625 0.5640625 0.2734375 0.584375 0.29375 0.590625 0.296875 0.59375 0.303125 0.58125 0.315625 0.5765625 0.315625 0.565625 0.321875 0.559375 0.321875 0.5546875 0.325 0.5390625 0.325 0.5328125 0.321875 0.528125 0.315625 0.5109375 0.3046875 0.5 0.2921875 0.5015625 0.2828125 0.5109375 0.271875 0.525 0.2625 0.5390625 0.2625
13 0.4578125 0.6234375 0.478125 0.6375 0.4796875 0.6625 0.475 0.671875 0.459375 0.6765625 0.4421875 0.69375 0.4171875 0.69375 0.4109375 0.690625 0.4015625 0.690625 0.3875 0.684375 0.38125 0.6765625 0.378125 0.6515625 0.3859375 0.6359375 0.3921875 0.63125 0.434375 0.621875 0.4546875 0.621875 0.45625 0.6234375
13 0.171875 0.3953125 0.1921875 0.4078125 0.2 0.4203125 0.2 0.428125 0.1953125 0.4328125 0.1890625 0.4328125 0.1671875 0.4484375 0.140625 0.459375 0.134375 0.465625 0.1296875 0.4796875 0.1234375 0.4890625 0.115625 0.4890625 0.1046875 0.4828125 0.103125 0.4796875 0.0859375 0.471875 0.078125 0.465625 0.078125 0.459375 0.109375 0.4265625 0.1171875 0.4265625 0.1375 0.4109375 0.1453125 0.4078125 0.1609375 0.39375 0.1703125 0.3953125
13 0.4109375 0.5421875 0.4328125 0.5515625 0.446875 0.5671875 0.45 0.590625 0.4453125 0.603125 0.43125 0.61875 0.421875 0.6234375 0.409375 0.6234375 0.403125 0.6265625 0.365625 0.625 0.346875 0.615625 0.3375 0.60625 0.33125 0.571875 0.3515625 0.5484375 0.3671875 0.540625 0.396875 0.5390625 0.409375 0.5421875
13 0.596875 0.4609375 0.6140625 0.4703125 0.6140625 0.4734375 0.61875 0.478125 0.61875 0.496875 0.6125 0.509375 0.60625 0.509375 0.6 0.5015625 0.5859375 0.4921875 0.5609375 0.4921875 0.5578125 0.4953125 0.5453125 0.4953125 0.540625 0.4984375 0.5296875 0.4984375 0.528125 0.4953125 0.528125 0.48125 0.53125 0.478125 0.53125 0.4734375 0.5546875 0.4578125 0.5609375 0.4578125 0.5671875 0.4546875 0.590625 0.4546875 0.5953125 0.4609375
13 0.353125 0.6984375 0.3765625 0.7453125 0.3765625 0.7546875 0.36875 0.7734375 0.3640625 0.7796875 0.353125 0.7828125 0.3390625 0.78125 0.334375 0.7796875 0.328125 0.7734375 0.325 0.7734375 0.321875 0.765625 0.3125 0.75625 0.3015625 0.734375 0.2921875 0.7234375 0.2921875 0.715625 0.3 0.7109375 0.3140625 0.7078125 0.334375 0.6984375 0.3515625 0.6984375
13 0.4984375 0.340625 0.5296875 0.365625 0.5296875 0.384375 0.5203125 0.403125 0.509375 0.415625 0.5046875 0.415625 0.4828125 0.4265625 0.4546875 0.425 0.44375 0.415625 0.4328125 0.4125 0.4265625 0.40625 0.4171875 0.4015625 0.4140625 0.396875 0.4140625 0.3890625 0.4171875 0.3796875 0.428125 0.365625 0.4546875 0.346875 0.4765625 0.340625 0.496875 0.340625
13 0.0890625 0.6984375 0.1140625 0.7171875 0.121875 0.73125 0.121875 0.740625 0.0921875 0.7359375 0.071875 0.7375 0.05625 0.74375 0.0421875 0.753125 0.0296875 0.7671875 0.0234375 0.7671875 0.0203125 0.7640625 0.00625 0.759375 0 0.759375 0 0.728125 0.0078125 0.715625 0.0265625 0.70625 0.053125 0.7046875 0.0765625 0.6984375 0.0875 0.6984375
13 0.6546875 0.7375 0.665625 0.7390625 0.671875 0.7421875 0.6765625 0.7484375 0.6828125 0.7734375 0.6765625 0.784375 0.6640625 0.790625 0.6359375 0.79375 0.6171875 0.784375 0.6109375 0.7765625 0.609375 0.7609375 0.615625 0.7484375 0.621875 0.7421875 0.634375 0.7390625 0.653125 0.7390625
13 0.3421875 0.7828125 0.3625 0.7890625 0.3734375 0.803125 0.384375 0.8109375 0.390625 0.828125 0.390625 0.8421875 0.3890625 0.8453125 0.384375 0.846875 0.3359375 0.840625 0.31875 0.840625 0.3109375 0.8375 0.3015625 0.8375 0.296875 0.834375 0.265625 0.83125 0.2640625 0.828125 0.265625 0.825 0.271875 0.8203125 0.271875 0.815625 0.28125 0.8046875 0.28125 0.7984375 0.2875 0.7890625 0.296875 0.7859375 0.3140625 0.784375 0.3234375 0.7796875 0.340625 0.7828125
13 0.571875 0.76875 0.584375 0.775 0.5859375 0.778125 0.5890625 0.778125 0.603125 0.79375 0.60625 0.8015625 0.603125 0.8375 0.5953125 0.840625 0.5859375 0.840625 0.575 0.84375 0.5578125 0.84375 0.5453125 0.846875 0.521875 0.846875 0.5140625 0.834375 0.5 0.8265625 0.496875 0.8203125 0.5 0.7953125 0.5046875 0.7859375 0.5109375 0.7796875 0.5109375 0.7765625 0.525 0.76875 0.5421875 0.7640625 0.55625 0.7640625 0.5703125 0.76875
13 0.234375 0.6484375 0.2390625 0.6453125 0.275 0.6453125 0.2796875 0.646875 0.2921875 0.6609375 0.3109375 0.671875 0.3203125 0.671875 0.3234375 0.675 0.3484375 0.675 0.35625 0.6796875 0.353125 0.69375 0.3453125 0.696875 0.334375 0.696875 0.3171875 0.7046875 0.271875 0.70625 0.26875 0.703125 0.246875 0.703125 0.2421875 0.7 0.240625 0.678125 0.23125 0.665625 0.234375 0.65
13 0.2125 0.3484375 0.2265625 0.35 0.23125 0.353125 0.2328125 0.359375 0.1890625 0.359375 0.184375 0.3625 0.178125 0.3625 0.165625 0.3734375 0.1640625 0.390625 0.15625 0.3953125 0.1515625 0.4015625 0.146875 0.4015625 0.14375 0.3984375 0.1421875 0.3890625 0.14375 0.3734375 0.1515625 0.3640625 0.159375 0.3578125 0.1796875 0.35 0.2109375 0.3484375
13 0.884375 0.5234375 0.896875 0.534375 0.8984375 0.5390625 0.9046875 0.5453125 0.90625 0.559375 0.8828125 0.5703125 0.8765625 0.5765625 0.86875 0.5765625 0.8640625 0.5734375 0.8546875 0.571875 0.853125 0.5703125 0.8546875 0.5640625 0.8375 0.55 0.8375 0.54375 0.84375 0.534375 0.8625 0.5234375 0.8703125 0.521875 0.8828125 0.5234375
13 0.6078125 0.6484375 0.6140625 0.6515625 0.615625 0.6546875 0.61875 0.6546875 0.628125 0.6640625 0.63125 0.6640625 0.6546875 0.6796875 0.6546875 0.7046875 0.65 0.7078125 0.6359375 0.7078125 0.6234375 0.703125 0.6140625 0.703125 0.5859375 0.690625 0.5703125 0.6890625 0.5640625 0.6828125 0.5671875 0.6703125 0.5765625 0.6609375 0.5828125 0.6578125 0.584375 0.6546875 0.60625 0.6484375
13 0.8578125 0.5734375 0.8734375 0.578125 0.875 0.590625 0.884375 0.603125 0.884375 0.60625 0.8875 0.6078125 0.8859375 0.6140625 0.875 0.61875 0.8703125 0.61875 0.8640625 0.6125 0.8484375 0.603125 0.84375 0.603125 0.83125 0.596875 0.8234375 0.596875 0.8140625 0.5921875 0.8203125 0.590625 0.8328125 0.58125 0.840625 0.571875 0.85625 0.5734375
13 0.909375 0.6140625 0.921875 0.6203125 0.9328125 0.621875 0.946875 0.63125 0.9546875 0.6390625 0.953125 0.6546875 0.934375 0.646875 0.896875 0.6484375 0.878125 0.6578125 0.871875 0.6640625 0.865625 0.678125 0.8546875 0.66875 0.853125 0.6625 0.853125 0.646875 0.859375 0.634375 0.8671875 0.625 0.8796875 0.6171875 0.890625 0.6140625 0.9078125 0.6140625
13 0.4625 0.546875 0.471875 0.5546875 0.478125 0.56875 0.4796875 0.5796875 0.4796875 0.5890625 0.475 0.603125 0.4640625 0.6078125 0.453125 0.6078125 0.446875 0.6046875 0.446875 0.5984375 0.45 0.5921875 0.4484375 0.5703125 0.446875 0.565625 0.4359375 0.553125 0.4359375 0.5484375 0.440625 0.546875 0.4609375 0.546875
13 0.3515625 0.4046875 0.3703125 0.4140625 0.3890625 0.428125 0.384375 0.4375 0.375 0.446875 0.3734375 0.453125 0.36875 0.4546875 0.353125 0.4515625 0.3171875 0.4328125 0.3171875 0.4265625 0.3234375 0.4171875 0.3375 0.403125 0.35 0.4046875
13 0.30625 0.45625 0.315625 0.459375 0.334375 0.4609375 0.384375 0.4859375 0.390625 0.4984375 0.384375 0.5125 0.3640625 0.5296875 0.35625 0.5296875 0.3546875 0.5234375 0.34375 0.5109375 0.3265625 0.5 0.3125 0.4984375 0.309375 0.4953125 0.2921875 0.4953125 0.2859375 0.4921875 0.284375 0.4765625 0.2890625 0.4609375 0.29375 0.4578125 0.3046875 0.45625
13 0.2390625 0.3609375 0.259375 0.3640625 0.265625 0.3734375 0.2640625 0.3859375 0.259375 0.3890625 0.253125 0.3859375 0.2421875 0.3859375 0.2203125 0.3890625 0.2140625 0.3921875 0.1984375 0.3921875 0.196875 0.3953125 0.19375 0.3953125 0.1859375 0.4015625 0.18125 0.4015625 0.1640625 0.390625 0.1640625 0.3765625 0.1703125 0.3671875 0.1828125 0.3609375 0.2375 0.3609375
13 0.675 0.640625 0.6828125 0.64375 0.696875 0.6453125 0.7171875 0.6546875 0.725 0.6625 0.6984375 0.665625 0.6859375 0.6765625 0.6765625 0.6890625 0.6703125 0.6921875 0.6609375 0.7046875 0.65625 0.703125 0.65625 0.68125 0.6453125 0.671875 0.6375 0.66875 0.6328125 0.6625 0.6390625 0.6546875 0.653125 0.6453125 0.6734375 0.640625
13 0.603125 0.3078125 0.621875 0.315625 0.63125 0.3234375 0.6328125 0.3390625 0.6296875 0.3484375 0.625 0.3421875 0.6203125 0.3421875 0.603125 0.3515625 0.5921875 0.3546875 0.5671875 0.3546875 0.565625 0.35625 0.5421875 0.35625 0.540625 0.346875 0.5421875 0.3296875 0.5453125 0.3265625 0.5671875 0.3234375 0.5703125 0.3203125 0.58125 0.3171875 0.59375 0.3078125 0.6015625 0.3078125
13 0.4046875 0.3453125 0.4078125 0.3515625 0.4015625 0.36875 0.4015625 0.38125 0.4046875 0.3890625 0.403125 0.3953125 0.39375 0.3953125 0.3890625 0.3921875 0.371875 0.3921875 0.3703125 0.3890625 0.3546875 0.3796875 0.3515625 0.3734375 0.3578125 0.3640625 0.3640625 0.3609375 0.365625 0.3578125 0.3765625 0.353125 0.3875 0.34375 0.403125 0.3453125
13 0.665625 0.5609375 0.6734375 0.5640625 0.684375 0.575 0.6890625 0.5875 0.6859375 0.5953125 0.66875 0.603125 0.6625 0.609375 0.659375 0.609375 0.646875 0.61875 0.6296875 0.5984375 0.628125 0.5953125 0.6453125 0.5875 0.65625 0.5765625 0.65625 0.5734375 0.6640625 0.5625
13 0.1 0.596875 0.1015625 0.5984375 0.1078125 0.596875 0.125 0.5984375 0.1765625 0.609375 0.18125 0.615625 0.1828125 0.6234375 0.18125 0.634375 0.178125 0.6390625 0.1640625 0.6421875 0.153125 0.6421875 0.14375 0.6390625 0.128125 0.640625 0.0734375 0.6390625 0.071875 0.6328125 0.0734375 0.609375 0.084375 0.596875 0.0984375 0.596875
13 0.3078125 0.496875 0.3140625 0.5 0.328125 0.5015625 0.3453125 0.5140625 0.353125 0.525 0.353125 0.5453125 0.3421875 0.559375 0.33125 0.56875 0.31875 0.5734375 0.3 0.5765625 0.2828125 0.5734375 0.278125 0.5703125 0.26875 0.56875 0.265625 0.565625 0.2609375 0.565625 0.25 0.553125 0.2453125 0.5421875 0.2453125 0.5296875 0.25 0.515625 0.2609375 0.5046875 0.2796875 0.496875 0.30625 0.496875
13 0 0.60625 0.0125 0.6078125 0.0234375 0.6109375 0.0265625 0.6140625 0.0359375 0.615625 0.040625 0.6203125 0.040625 0.625 0.0484375 0.640625 0.0453125 0.653125 0.0296875 0.671875 0.0296875 0.6765625 0.0265625 0.6796875 0.015625 0.6828125 0.00625 0.6765625 0 0.678125 0 0.6609375 0.003125 0.65625 0.003125 0.65 0 0.646875 0 0.6078125
13 0.7125 0.45 0.7171875 0.446875 0.7203125 0.440625 0.73125 0.434375 0.7390625 0.434375 0.7421875 0.4375 0.7515625 0.4375 0.7578125 0.440625 0.7625 0.4484375 0.7640625 0.45625 0.7640625 0.4671875 0.7578125 0.475 0.75 0.4765625 0.725 0.4890625 0.71875 0.4734375 0.7015625 0.45625 0.7125 0.4515625
13 0.3265625 0.6203125 0.3421875 0.625 0.35 0.625 0.3546875 0.628125 0.3625 0.628125 0.3734375 0.634375 0.3828125 0.64375 0.3734375 0.6625 0.3625 0.675 0.3578125 0.6765625 0.334375 0.6765625 0.309375 0.6703125 0.2921875 0.6625 0.28125 0.6484375 0.28125 0.6375 0.284375 0.6359375 0.2921875 0.6203125 0.325 0.6203125
13 0.29375 0.3171875 0.3140625 0.328125 0.315625 0.3328125 0.3109375 0.3375 0.3125 0.3421875 0.2953125 0.3546875 0.2796875 0.3734375 0.2734375 0.375 0.26875 0.375 0.2546875 0.3625 0.240625 0.3609375 0.2296875 0.3515625 0.2296875 0.3453125 0.24375 0.3296875 0.25625 0.3203125 0.2609375 0.3203125 0.265625 0.3171875 0.2921875 0.3171875
13 0.80625 0.678125 0.828125 0.68125 0.8390625 0.6875 0.846875 0.6953125 0.85 0.703125 0.853125 0.73125 0.853125 0.7359375 0.840625 0.75625 0.821875 0.7640625 0.8109375 0.765625 0.7859375 0.7640625 0.76875 0.759375 0.7546875 0.7515625 0.75 0.74375 0.75 0.7140625 0.75625 0.69375 0.7734375 0.68125 0.8046875 0.678125
13 0.734375 0.5578125 0.7359375 0.565625 0.725 0.5828125 0.734375 0.5921875 0.7375 0.5984375 0.7359375 0.6015625 0.7328125 0.60625 0.7140625 0.6203125 0.7109375 0.6203125 0.696875 0.6359375 0.690625 0.6390625 0.6671875 0.6390625 0.65625 0.6296875 0.6484375 0.6171875 0.6859375 0.59375 0.690625 0.58125 0.7046875 0.571875 0.721875 0.5546875 0.7296875 0.5546875 0.7328125 0.5578125
13 0.871875 0.3375 0.884375 0.35 0.890625 0.3609375 0.8921875 0.3796875 0.890625 0.3890625 0.884375 0.4015625 0.86875 0.4109375 0.865625 0.4109375 0.85 0.3984375 0.8375 0.3953125 0.834375 0.3921875 0.803125 0.390625 0.796875 0.375 0.796875 0.3609375 0.79375 0.35 0.796875 0.340625 0.8109375 0.3296875 0.821875 0.328125 0.85 0.3296875 0.8671875 0.334375 0.8703125 0.3375
13 0.703125 0.5171875 0.7171875 0.525 0.71875 0.528125 0.721875 0.528125 0.728125 0.534375 0.728125 0.5453125 0.709375 0.5640625 0.7078125 0.56875 0.696875 0.575 0.690625 0.575 0.678125 0.56875 0.6734375 0.5625 0.6671875 0.559375 0.6625 0.5453125 0.6625 0.5359375 0.6671875 0.53125 0.6890625 0.5203125 0.7015625 0.5171875
13 0.071875 0.4609375 0.08125 0.4703125 0.0859375 0.4734375 0.090625 0.4734375 0.1140625 0.4890625 0.115625 0.4984375 0.109375 0.509375 0.103125 0.5125 0.090625 0.5125 0.071875 0.503125 0.053125 0.503125 0.0515625 0.5 0.04375 0.4984375 0.0375 0.484375 0.0390625 0.4703125 0.0609375 0.4671875 0.0703125 0.4625
13 0.6328125 0.434375 0.6546875 0.453125 0.6390625 0.459375 0.6203125 0.478125 0.6109375 0.46875 0.6 0.4625 0.59375 0.45625 0.59375 0.453125 0.60625 0.4421875 0.63125 0.434375
13 0.090625 0.40625 0.1 0.4265625 0.0984375 0.4390625 0.0765625 0.459375 0.071875 0.459375 0.0609375 0.465625 0.04375 0.46875 0.003125 0.46875 0 0.4671875 0 0.4390625 0.0125 0.434375 0.0203125 0.434375 0.021875 0.43125 0.040625 0.428125 0.0453125 0.4234375 0.0515625 0.4234375 0.071875 0.40625 0.0890625 0.40625
13 0.70625 0.3859375 0.715625 0.3890625 0.728125 0.3984375 0.7359375 0.4109375 0.7359375 0.421875 0.73125 0.4328125 0.721875 0.4390625 0.715625 0.4484375 0.7015625 0.45625 0.684375 0.4515625 0.6546875 0.4515625 0.6359375 0.4359375 0.6296875 0.421875 0.6359375 0.4046875 0.65 0.39375 0.6546875 0.39375 0.6640625 0.3890625 0.6921875 0.384375 0.7046875 0.3859375
13 0.8265625 0.546875 0.8484375 0.5578125 0.853125 0.5640625 0.853125 0.56875 0.85 0.571875 0.8453125 0.5734375 0.8328125 0.5859375 0.8265625 0.5890625 0.8265625 0.5921875 0.8359375 0.5953125 0.834375 0.596875 0.821875 0.5921875 0.803125 0.596875 0.78125 0.596875 0.7765625 0.5921875 0.7765625 0.584375 0.7921875 0.5703125 0.7921875 0.5671875 0.803125 0.559375 0.8046875 0.55625 0.803125 0.5546875 0.8109375 0.5515625 0.8125 0.5484375 0.825 0.546875
13 0.7796875 0.3390625 0.7859375 0.340625 0.790625 0.35 0.79375 0.3609375 0.79375 0.36875 0.790625 0.375 0.7828125 0.378125 0.7640625 0.378125 0.7453125 0.3828125 0.740625 0.3859375 0.734375 0.3859375 0.7296875 0.3890625 0.715625 0.3890625 0.7109375 0.3859375 0.7015625 0.3859375 0.6921875 0.3828125 0.6875 0.371875 0.6875 0.365625 0.690625 0.359375 0.7046875 0.35 0.7125 0.346875 0.7203125 0.346875 0.7234375 0.34375 0.734375 0.34375 0.740625 0.340625 0.775 0.340625 0.778125 0.3390625
13 0.1890625 0.6515625 0.1984375 0.6546875 0.209375 0.6546875 0.2125 0.6578125 0.225 0.6609375 0.2390625 0.675 0.2421875 0.6921875 0.2375 0.7125 0.2078125 0.7359375 0.1984375 0.7375 0.15625 0.7359375 0.1375 0.7265625 0.125 0.7171875 0.1203125 0.6921875 0.128125 0.671875 0.1359375 0.6640625 0.146875 0.6609375 0.15 0.6578125 0.1578125 0.6578125 0.175 0.653125 0.1875 0.653125
13 0.19375 0.50625 0.2078125 0.5078125 0.215625 0.5109375 0.246875 0.5125 0.2484375 0.51875 0.24375 0.528125 0.24375 0.540625 0.240625 0.5453125 0.215625 0.54375 0.184375 0.5484375 0.178125 0.5484375 0.175 0.5421875 0.16875 0.521875 0.16875 0.5109375 0.171875 0.5078125 0.1921875 0.50625
13 0.5921875 0.69375 0.6140625 0.7046875 0.6140625 0.709375 0.6234375 0.725 0.6234375 0.7375 0.621875 0.7421875 0.6140625 0.75 0.6109375 0.759375 0.6046875 0.7625 0.5859375 0.765625 0.5703125 0.765625 0.5625 0.7640625 0.559375 0.7609375 0.5640625 0.7515625 0.5703125 0.746875 0.584375 0.7265625 0.5828125 0.715625 0.56875 0.7 0.5625 0.696875 0.5609375 0.6921875 0.565625 0.6890625 0.5703125 0.6890625 0.590625 0.69375
13 0.490625 0.58125 0.4984375 0.58125 0.503125 0.584375 0.515625 0.584375 0.528125 0.5890625 0.53125 0.59375 0.5296875 0.61875 0.5203125 0.634375 0.515625 0.6640625 0.5109375 0.6671875 0.4828125 0.6671875 0.4796875 0.665625 0.4796875 0.640625 0.4734375 0.6359375 0.4703125 0.625 0.4796875 0.5953125 0.4828125 0.5890625 0.490625 0.5828125
13 0.925 0.4359375 0.946875 0.44375 0.9625 0.4578125 0.9671875 0.4640625 0.9671875 0.46875 0.978125 0.484375 0.9828125 0.5 0.9828125 0.5125 0.978125 0.5203125 0.9484375 0.5390625 0.921875 0.5375 0.9171875 0.5359375 0.9109375 0.5296875 0.90625 0.5296875 0.9046875 0.5265625 0.8921875 0.521875 0.865625 0.4921875 0.859375 0.4765625 0.8609375 0.4625 0.86875 0.4546875 0.88125 0.45 0.8875 0.44375 0.9046875 0.434375 0.9234375 0.4359375
13 0.2609375 0.7046875 0.2828125 0.7109375 0.2890625 0.7171875 0.2921875 0.7265625 0.3015625 0.7359375 0.3109375 0.75625 0.3140625 0.7578125 0.3203125 0.76875 0.3203125 0.7765625 0.3078125 0.7828125 0.2953125 0.7828125 0.2921875 0.7796875 0.284375 0.7796875 0.2796875 0.76875 0.2703125 0.759375 0.253125 0.75 0.2125 0.740625 0.2109375 0.7375 0.2125 0.734375 0.21875 0.728125 0.228125 0.7234375 0.240625 0.7109375 0.2515625 0.7046875 0.259375 0.7046875
13 0.2921195652173913 0.40876656472986744 0.3125 0.42609582059123347 0.32065217391304346 0.42303771661569833 0.33967391304347827 0.4026503567787971 0.36820652173913043 0.4148827726809379 0.37364130434782605 0.41386340468909283 0.3695652173913043 0.39143730886850153 0.3491847826086957 0.37410805300713557 0.33152173913043476 0.3690112130479103 0.30570652173913043 0.3720693170234455 0.2921195652173913 0.3904179408766565 0.2921195652173913 0.40876656472986744
13 0 0.5830784913353722 0.014945652173913044 0.5881753312945974 0.03260869565217391 0.5881753312945974 0.04755434782608696 0.5749235474006117 0.03804347826086956 0.5494393476044852 0.01902173913043478 0.5351681957186545 0.002717391304347826 0.5382262996941896 0 0.5830784913353722
13 0.02717391304347826 0.6992864424057085 0.03260869565217391 0.7033639143730887 0.06793478260869565 0.6992864424057085 0.07065217391304349 0.6952089704383282 0.08695652173913043 0.6962283384301733 0.08831521739130435 0.671763506625892 0.10054347826086955 0.653414882772681 0.11277173913043478 0.6462793068297656 0.10733695652173914 0.6432212028542305 0.07065217391304349 0.6432212028542305 0.042119565217391304 0.6605504587155964 0.028532608695652172 0.6809378185524975 0.02717391304347826 0.6992864424057085
13 0 0.5188583078491336 0.01766304347826087 0.5300713557594292 0.04619565217391304 0.5045871559633028 0.01902173913043478 0.5005096839959225 0.008152173913043478 0.5035677879714577 0 0.5188583078491336
13 0.021739130434782608 0.5351681957186545 0.042119565217391304 0.5575942915392457 0.05027173913043478 0.5779816513761469 0.07472826086956522 0.581039755351682 0.07744565217391304 0.5739041794087666 0.06793478260869565 0.5535168195718654 0.06793478260869565 0.5382262996941896 0.07201086956521739 0.5300713557594292 0.09375 0.5158002038735984 0.07065217391304349 0.5045871559633028 0.04891304347826087 0.5035677879714577 0.02717391304347826 0.5168195718654435 0.021739130434782608 0.5351681957186545
55 0.6535326086956521 0.1834862385321101 0.6671195652173914 0.199796126401631 0.686141304347826 0.199796126401631 0.702445652173913 0.19164118246687054 0.7255434782608695 0.18756371049949033 0.732336956521739 0.18144750254842 0.7269021739130435 0.15902140672782877 0.7051630434782609 0.14475025484199797 0.6807065217391304 0.14373088685015292 0.6603260869565217 0.15392456676860347 0.6535326086956521 0.16411824668705405 0.6535326086956521 0.1834862385321101
55 0.5366847826086956 0.16309887869520898 0.5570652173913043 0.17329255861365953 0.5760869565217391 0.16819571865443425 0.5828804347826086 0.1559633027522936 0.6019021739130435 0.14373088685015292 0.6032608695652174 0.1365953109072375 0.5883152173913043 0.12232415902140674 0.5597826086956521 0.11926605504587155 0.5421195652173914 0.12742099898063203 0.532608695652174 0.13965341488277266 0.5366847826086956 0.16309887869520898
55 0.5448369565217391 0.19164118246687054 0.561141304347826 0.19877675840978595 0.5788043478260869 0.2140672782874618 0.5910326086956521 0.21508664627930685 0.608695652173913 0.20998980632008157 0.6141304347826086 0.1926605504587156 0.6019021739130435 0.17635066258919468 0.577445652173913 0.1712538226299694 0.5434782608695652 0.18144750254842 0.5448369565217391 0.19164118246687054
55 0.577445652173913 0.1712538226299694 0.6046195652173914 0.17737003058103978 0.6168478260869565 0.19367991845056065 0.6345108695652174 0.19164118246687054 0.6467391304347826 0.17329255861365953 0.6453804347826086 0.16207951070336393 0.6345108695652174 0.1488277268093782 0.6046195652173914 0.14271151885830785 0.5828804347826086 0.15800203873598367 0.577445652173913 0.1712538226299694
55 0.6073369565217391 0.13965341488277266 0.6317934782608695 0.14678899082568808 0.6426630434782609 0.1559633027522936 0.6467391304347826 0.1671763506625892 0.6603260869565217 0.15188583078491336 0.6793478260869565 0.14067278287461776 0.671195652173913 0.1233435270132518 0.6508152173913043 0.11416921508664628 0.6277173913043479 0.1162079510703364 0.6100543478260869 0.12844036697247707 0.6073369565217391 0.13965341488277266
55 0.7377717391304348 0.1712538226299694 0.7445652173913043 0.17838939857288483 0.7581521739130435 0.18246687054026506 0.8002717391304348 0.17838939857288483 0.8152173913043479 0.16004077471967382 0.8043478260869564 0.1345565749235474 0.7839673913043478 0.1253822629969419 0.7676630434782609 0.1253822629969419 0.7527173913043479 0.1325178389398573 0.7377717391304348 0.14984709480122324 0.7377717391304348 0.1712538226299694
55 0.8722826086956521 0.14576962283384304 0.9048913043478259 0.15902140672782877 0.919836956521739 0.17329255861365953 0.9320652173913043 0.1712538226299694 0.9470108695652174 0.15494393476044852 0.9470108695652174 0.13353720693170235 0.9266304347826086 0.11926605504587155 0.8980978260869564 0.11926605504587155 0.8763586956521738 0.13353720693170235 0.8722826086956521 0.14576962283384304
55 0.8410326086956521 0.18144750254842 0.8491847826086957 0.1834862385321101 0.9048913043478259 0.19164118246687054 0.9144021739130433 0.19164118246687054 0.919836956521739 0.18450560652395515 0.919836956521739 0.17737003058103978 0.9076086956521738 0.16106014271151886 0.8777173913043479 0.1488277268093782 0.8641304347826086 0.1508664627930683 0.8464673913043479 0.1671763506625892 0.8410326086956521 0.18144750254842
55 0.9266304347826086 0.19571865443425077 0.9741847826086957 0.20897043832823653 0.9809782608695652 0.20897043832823653 0.9986413043478259 0.19673802242609584 0.9986413043478259 0.1834862385321101 0.9809782608695652 0.17533129459734964 0.9415760869565217 0.17533129459734964 0.923913043478261 0.18654434250764526 0.9266304347826086 0.19571865443425077
55 0.7703804347826086 0.1233435270132518 0.7934782608695652 0.12742099898063203 0.8070652173913043 0.1365953109072375 0.8165760869565217 0.15494393476044852 0.830163043478261 0.14576962283384304 0.8328804347826086 0.12742099898063203 0.8152173913043479 0.11213047910295618 0.7907608695652174 0.11111111111111112 0.7717391304347826 0.11926605504587155 0.7703804347826086 0.1233435270132518
55 0.6929347826086956 0.14067278287461776 0.71875 0.14984709480122324 0.7309782608695652 0.16309887869520898 0.748641304347826 0.12945973496432212 0.7296195652173914 0.1253822629969419 0.7038043478260869 0.12844036697247707 0.6929347826086956 0.14067278287461776
55 0.6154891304347826 0.20897043832823653 0.6616847826086956 0.20285423037716616 0.6467391304347826 0.17737003058103978 0.6168478260869565 0.20285423037716616 0.6154891304347826 0.20897043832823653