7 0.359375 0.7033997655334115 0.39375 0.7350527549824151 0.415625 0.7467760844079718 0.4765625 0.7479484173505275 0.4984375 0.7420867526377491 0.5484375 0.7397420867526378 0.64375 0.7584994138335287 0.678125 0.757327080890973 0.6984375 0.7491207502930832 0.759375 0.7022274325908558 0.7484375 0.6846424384525205 0.6921875 0.6518171160609614 0.61875 0.6447831184056272 0.4609375 0.6459554513481829 0.3984375 0.6600234466588512 0.371875 0.6705744431418523 0.35625 0.6846424384525205 0.359375 0.7033997655334115
7 0.1734375 0.7010550996483002 0.2015625 0.7245017584994138 0.225 0.731535756154748 0.2359375 0.7303634232121923 0.284375 0.7045720984759671 0.3171875 0.6764361078546307 0.31875 0.64947245017585 0.3390625 0.608440797186401 0.3421875 0.5744431418522861 0.3375 0.5638921453692849 0.3203125 0.555685814771395 0.2890625 0.555685814771395 0.24375 0.6060961313012896 0.209375 0.6295427901524032 0.1828125 0.6635404454865181 0.1734375 0.7010550996483002
7 0.3203125 0.6647127784290738 0.328125 0.675263774912075 0.365625 0.6717467760844079 0.4140625 0.6541617819460728 0.4390625 0.6518171160609614 0.4609375 0.6389214536928487 0.48125 0.5849941383352872 0.4875 0.5345838218053928 0.471875 0.5275498241500587 0.434375 0.49472450175849947 0.4109375 0.49237983587338807 0.3875 0.5099648300117233 0.36875 0.5474794841735052 0.34375 0.5638921453692849 0.34375 0.6037514654161782 0.3234375 0.6365767878077374 0.3203125 0.6647127784290738
7 0.0546875 0.42086752637749125 0.04375 0.4525205158264948 0.0609375 0.5439624853458382 0.1109375 0.5814771395076201 0.1328125 0.5826494724501758 0.1625 0.5756154747948418 0.1765625 0.5603751465416178 0.1765625 0.5439624853458382 0.1859375 0.5357561547479485 0.184375 0.5287221570926144 0.140625 0.47948417350527545 0.103125 0.41383352872215706 0.0828125 0.40328253223915594 0.0640625 0.38452520515826494 0.059375 0.38452520515826494 0.05625 0.39390386869871047 0.0546875 0.42086752637749125
7 0 0.3493552168815944 0.028125 0.35873388042203985 0.10625 0.4056271981242673 0.15625 0.48065650644783114 0.2 0.5158264947245017 0.25625 0.5439624853458382 0.340625 0.5580304806565064 0.359375 0.5509964830011723 0.3765625 0.5240328253223916 0.375 0.49237983587338807 0.365625 0.47596717467760846 0.2890625 0.42321219226260254 0.2625 0.39976553341148885 0.2328125 0.3622508792497069 0.1640625 0.3071512309495897 0.1 0.2825322391559203 0.021875 0.2848769050410317 0.01875 0.29073856975381007 0.0015625 0.29308323563892147 0 0.3493552168815944
7 0.05625 0.25205158264947247 0.1171875 0.28604923798358733 0.1484375 0.2966002344665885 0.1859375 0.3200468933177022 0.2484375 0.37631887456037516 0.253125 0.38804220398593203 0.2953125 0.42790152403282533 0.3375 0.45720984759671746 0.3796875 0.47713950762016416 0.421875 0.48534583821805394 0.446875 0.49941383352872215 0.459375 0.5158264947245017 0.4734375 0.5240328253223916 0.4875 0.5275498241500587 0.5109375 0.5240328253223916 0.5203125 0.5029308323563892 0.51875 0.46307151230949584 0.4875 0.41500586166471276 0.465625 0.3962485345838218 0.4046875 0.3622508792497069 0.35 0.34114888628370454 0.328125 0.33997655334114885 0.3203125 0.33294255568581477 0.290625 0.3235638921453693 0.2546875 0.2977725674091442 0.2375 0.2684642438452521 0.2140625 0.2543962485345838 0.2171875 0.24736225087924973 0.2125 0.24384525205158267 0.196875 0.24736225087924973 0.196875 0.25205158264947247 0.1796875 0.26025791324736225 0.121875 0.23681125439624853 0.084375 0.23094958968347012 0.0625 0.23798358733880423 0.05625 0.25205158264947247
7 0.253125 0.2813599062133646 0.265625 0.30363423212192264 0.2921875 0.3212192262602579 0.334375 0.3305978898007034 0.3296875 0.2684642438452521 0.340625 0.24970691676436108 0.3390625 0.24032825322391557 0.3203125 0.23329425556858147 0.2953125 0.23329425556858147 0.275 0.24618991793669404 0.2578125 0.2684642438452521 0.253125 0.2813599062133646
7 0.3390625 0.3212192262602579 0.3671875 0.34466588511137164 0.44375 0.3774912075029308 0.5171875 0.42203985932004684 0.53125 0.43493552168815947 0.5421875 0.45603751465416176 0.559375 0.46189917936694025 0.5765625 0.48065650644783114 0.6140625 0.49589683470105517 0.653125 0.49237983587338807 0.6828125 0.48300117233294254 0.678125 0.4513481828839391 0.6546875 0.42555685814771393 0.6234375 0.4044548651817116 0.5890625 0.39273153575615477 0.5390625 0.3528722157092614 0.4921875 0.30363423212192264 0.4453125 0.24150058616647127 0.4375 0.24032825322391557 0.43125 0.2543962485345838 0.4078125 0.25908558030480655 0.40625 0.2508792497069168 0.3921875 0.24618991793669404 0.346875 0.2532239155920281 0.334375 0.2696365767878077 0.3390625 0.3212192262602579
7 0.5265625 0.5017584994138335 0.5171875 0.52989449003517 0.5359375 0.5404454865181711 0.5828125 0.5533411488862837 0.5953125 0.5849941383352872 0.6765625 0.5779601406799532 0.7078125 0.5580304806565064 0.715625 0.5392731535756154 0.6578125 0.5087924970691676 0.578125 0.48417350527549824 0.55 0.46189917936694025 0.53125 0.45955451348182885 0.525 0.46541617819460723 0.5265625 0.5017584994138335
7 0.7 0.44196951934349354 0.7203125 0.46776084407971863 0.7265625 0.4900351699882767 0.715625 0.5181711606096131 0.7609375 0.5498241500586166 0.7765625 0.5533411488862837 0.81875 0.5498241500586166 0.8140625 0.5017584994138335 0.8 0.48065650644783114 0.7328125 0.43376318874560377 0.7125 0.43259085580304807 0.7 0.44196951934349354
7 0.4875 0.29191090269636577 0.53125 0.34466588511137164 0.553125 0.3552168815943728 0.5703125 0.3728018757327081 0.621875 0.3903868698710434 0.6609375 0.42438452520515824 0.6703125 0.42086752637749125 0.6984375 0.44431418522860494 0.71875 0.46541617819460723 0.728125 0.48417350527549824 0.728125 0.5052754982415005 0.7171875 0.5087924970691676 0.728125 0.5134818288393903 0.7359375 0.5252051582649473 0.7421875 0.5240328253223916 0.75625 0.5322391559202814 0.7578125 0.5427901524032825 0.78125 0.5275498241500587 0.7921875 0.5392731535756154 0.8171875 0.5427901524032825 0.8140625 0.5041031652989449 0.8046875 0.49824150058616645 0.8046875 0.48769050410316533 0.796875 0.47831184056271986 0.671875 0.3950762016412661 0.6484375 0.365767878077374 0.5796875 0.33411488862837047 0.5078125 0.27667057444314186 0.4984375 0.27315357561547476 0.4828125 0.27667057444314186 0.4875 0.29191090269636577
7 0.653125 0.49472450175849947 0.65625 0.5041031652989449 0.68125 0.5193434935521688 0.70625 0.5169988276670574 0.7171875 0.5017584994138335 0.715625 0.4912075029308324 0.703125 0.49706916764361075 0.6890625 0.48417350527549824 0.659375 0.49237983587338807 0.653125 0.49472450175849947
7 0.403125 0.26025791324736225 0.3921875 0.264947245017585 0.39375 0.27549824150058616 0.4125 0.30011723329425555 0.4671875 0.3481828839390387 0.4765625 0.34701055099648304 0.5109375 0.3622508792497069 0.66875 0.49589683470105517 0.6671875 0.5099648300117233 0.68125 0.5181711606096131 0.709375 0.5169988276670574 0.73125 0.49824150058616645 0.725 0.47713950762016416 0.7515625 0.47713950762016416 0.7640625 0.48534583821805394 0.7671875 0.5005861664712778 0.7765625 0.5041031652989449 0.7984375 0.5322391559202814 0.809375 0.5357561547479485 0.809375 0.5416178194607268 0.8140625 0.5334114888628371 0.8109375 0.5005861664712778 0.7890625 0.47362250879249707 0.6921875 0.4056271981242673 0.671875 0.39859320046893315 0.659375 0.38804220398593203 0.6453125 0.39155920281359907 0.634375 0.3728018757327081 0.6375 0.3622508792497069 0.575 0.33411488862837047 0.54375 0.3118405627198124 0.5078125 0.27667057444314186 0.475 0.2778429073856975 0.440625 0.23915592028135993 0.4265625 0.23681125439624853 0.4171875 0.24150058616647127 0.403125 0.26025791324736225
7 0.4703125 0.21570926143024619 0.4859375 0.23094958968347012 0.503125 0.23446658851113716 0.51875 0.24501758499413834 0.54375 0.2778429073856975 0.5828125 0.3118405627198124 0.5984375 0.3388042203985932 0.653125 0.3634232121922626 0.665625 0.37397420867526376 0.6734375 0.3903868698710434 0.715625 0.41735052754982416 0.7546875 0.41500586166471276 0.8359375 0.3903868698710434 0.8515625 0.3786635404454865 0.8625 0.3610785463071512 0.921875 0.3645955451348183 0.9984375 0.34114888628370454 0.9984375 0.16295427901524034 0.9453125 0.1336459554513482 0.909375 0.12426729191090269 0.8203125 0.11488862837045721 0.8109375 0.12075029308323564 0.746875 0.1254396248534584 0.715625 0.15474794841735054 0.6953125 0.15826494724501758 0.665625 0.15123094958968347 0.578125 0.16060961313012895 0.5546875 0.1570926143024619 0.515625 0.16178194607268465 0.4875 0.17116060961313012 0.4796875 0.18522860492379836 0.46875 0.1899179366940211 0.4703125 0.21570926143024619