22 0.56875 0.1265625 0.575 0.1234375 0.5828125 0.1234375 0.5859375 0.1296875 0.5734375 0.1515625 0.5703125 0.1625 0.5609375 0.1703125 0.5546875 0.1796875 0.5515625 0.1921875 0.55625 0.2 0.5609375 0.215625 0.571875 0.2328125 0.5953125 0.2578125 0.6078125 0.2671875 0.659375 0.2921875 0.6828125 0.2953125 0.6875 0.2984375 0.70625 0.2984375 0.7171875 0.3015625 0.7375 0.3015625 0.7484375 0.2984375 0.759375 0.2984375 0.7765625 0.2921875 0.7875 0.290625 0.8015625 0.284375 0.809375 0.278125 0.81875 0.2765625 0.8359375 0.29375 0.8640625 0.3109375 0.8796875 0.328125 0.884375 0.3375 0.88125 0.3421875 0.865625 0.35 0.859375 0.35625 0.8421875 0.3625 0.8359375 0.3625 0.83125 0.365625 0.7984375 0.36875 0.740625 0.3671875 0.7015625 0.3609375 0.6828125 0.353125 0.6484375 0.3453125 0.6453125 0.3421875 0.6328125 0.3390625 0.59375 0.315625 0.590625 0.3109375 0.5828125 0.3078125 0.571875 0.2953125 0.5640625 0.2921875 0.5578125 0.2859375 0.5546875 0.2859375 0.521875 0.2515625 0.515625 0.2359375 0.5109375 0.23125 0.5 0.196875 0.5 0.1765625 0.50625 0.1640625 0.5125 0.1578125 0.525 0.1515625 0.5359375 0.15 0.55 0.14375 0.56875 0.128125
22 0.290625 0.7125 0.2921875 0.7140625 0.3546875 0.7171875 0.365625 0.7203125 0.4171875 0.7203125 0.421875 0.7234375 0.446875 0.7265625 0.4515625 0.73125 0.4640625 0.7328125 0.5015625 0.7484375 0.503125 0.7515625 0.509375 0.7546875 0.509375 0.7578125 0.515625 0.765625 0.5046875 0.7671875 0.5015625 0.771875 0.490625 0.771875 0.4875 0.7796875 0.4828125 0.78125 0.475 0.78125 0.4703125 0.7765625 0.4625 0.7765625 0.459375 0.784375 0.453125 0.784375 0.4484375 0.7796875 0.446875 0.78125 0.4359375 0.7796875 0.4328125 0.7859375 0.428125 0.7828125 0.4265625 0.7859375 0.421875 0.784375 0.4171875 0.7890625 0.4140625 0.7890625 0.4125 0.796875 0.39375 0.79375 0.3921875 0.796875 0.3796875 0.7984375 0.3765625 0.8015625 0.365625 0.8015625 0.3640625 0.8046875 0.359375 0.8015625 0.3546875 0.8015625 0.3484375 0.8109375 0.3421875 0.8015625 0.3359375 0.8125 0.334375 0.8234375 0.3328125 0.815625 0.328125 0.8171875 0.325 0.815625 0.3234375 0.803125 0.30625 0.8046875 0.303125 0.8015625 0.2984375 0.8015625 0.2953125 0.8078125 0.2921875 0.8078125 0.290625 0.8046875 0.2875 0.8078125 0.2875 0.8125 0.2796875 0.8234375 0.2703125 0.81875 0.265625 0.825 0.2671875 0.828125 0.259375 0.83125 0.259375 0.84375 0.246875 0.84375 0.2453125 0.853125 0.2421875 0.85 0.2421875 0.8453125 0.2375 0.84375 0.23125 0.8375 0.2234375 0.8453125 0.221875 0.853125 0.215625 0.8546875 0.2109375 0.8515625 0.20625 0.85625 0.2046875 0.8515625 0.2015625 0.85 0.2046875 0.8453125 0.203125 0.84375 0.1984375 0.84375 0.196875 0.8453125 0.1984375 0.8484375 0.1953125 0.85 0.1921875 0.8453125 0.1953125 0.840625 0.20625 0.8421875 0.209375 0.8375 0.2109375 0.840625 0.2171875 0.8390625 0.2125 0.8359375 0.2125 0.8296875 0.2078125 0.825 0.1984375 0.8234375 0.196875 0.8328125 0.1875 0.834375 0.1828125 0.840625 0.1828125 0.8453125 0.178125 0.8390625 0.1765625 0.840625 0.171875 0.8390625 0.16875 0.8421875 0.171875 0.8453125 0.175 0.84375 0.1765625 0.8453125 0.175 0.853125 0.1671875 0.853125 0.15625 0.8578125 0.146875 0.85625 0.1421875 0.859375 0.146875 0.8625 0.1625 0.8640625 0.1640625 0.8671875 0.1609375 0.8765625 0.1640625 0.89375 0.165625 0.8953125 0.16875 0.89375 0.1734375 0.896875 0.178125 0.9046875 0.1828125 0.903125 0.1875 0.9109375 0.1953125 0.9109375 0.196875 0.9046875 0.1953125 0.9109375 0.2 0.9171875 0.2046875 0.91875 0.209375 0.9296875 0.21875 0.928125 0.2234375 0.925 0.2296875 0.93125 0.2359375 0.921875 0.2296875 0.9140625 0.2296875 0.909375 0.2359375 0.9078125 0.24375 0.915625 0.2421875 0.9171875 0.24375 0.925 0.2484375 0.9296875 0.25 0.9234375 0.253125 0.9234375 0.2546875 0.9265625 0.2609375 0.921875 0.2609375 0.9109375 0.2515625 0.9078125 0.253125 0.9015625 0.25 0.8984375 0.25625 0.89375 0.25625 0.890625 0.2609375 0.8890625 0.2625 0.8796875 0.25625 0.8765625 0.2609375 0.86875 0.26875 0.8671875 0.2671875 0.865625 0.26875 0.853125 0.28125 0.85 0.2828125 0.859375 0.284375 0.8609375 0.2890625 0.859375 0.2921875 0.8453125 0.2875 0.8421875 0.2765625 0.8421875 0.2765625 0.8390625 0.2796875 0.834375 0.2796875 0.840625 0.284375 0.8421875 0.2875 0.8375 0.296875 0.834375 0.3015625 0.8359375 0.303125 0.828125 0.309375 0.828125 0.315625 0.834375 0.309375 0.8375 0.3078125 0.853125 0.303125 0.85625 0.296875 0.85 0.2953125 0.8625 0.2921875 0.8640625 0.2828125 0.8625 0.2734375 0.86875 0.2859375 0.8765625 0.290625 0.871875 0.296875 0.8734375 0.3046875 0.8703125 0.3078125 0.865625 0.309375 0.8703125 0.3125 0.871875 0.315625 0.86875 0.3171875 0.8609375 0.3203125 0.8671875 0.31875 0.86875 0.3203125 0.8765625 0.3109375 0.878125 0.3078125 0.884375 0.303125 0.884375 0.3 0.88125 0.29375 0.884375 0.2875 0.8828125 0.275 0.8953125 0.28125 0.9 0.2859375 0.9 0.2921875 0.8953125 0.296875 0.9015625 0.303125 0.9015625 0.30625 0.8984375 0.3078125 0.890625 0.3109375 0.89375 0.309375 0.896875 0.3109375 0.8984375 0.315625 0.896875 0.3171875 0.890625 0.315625 0.8875 0.31875 0.884375 0.3234375 0.890625 0.321875 0.8984375 0.3171875 0.8984375 0.315625 0.903125 0.309375 0.9078125 0.309375 0.9109375 0.30625 0.9109375 0.30625 0.9078125 0.3 0.9046875 0.29375 0.9140625 0.2953125 0.91875 0.29375 0.925 0.290625 0.921875 0.2890625 0.925 0.2828125 0.925 0.278125 0.9296875 0.284375 0.9375 0.290625 0.9375 0.2921875 0.934375 0.3 0.94375 0.3 0.946875 0.2921875 0.953125 0.296875 0.9578125 0.3296875 0.959375 0.33125 0.9578125 0.353125 0.9578125 0.3625 0.9546875 0.384375 0.9546875 0.396875 0.9515625 0.415625 0.940625 0.41875 0.9359375 0.4171875 0.9328125 0.425 0.934375 0.44375 0.915625 0.4421875 0.9125 0.4359375 0.909375 0.428125 0.9109375 0.421875 0.9046875 0.4203125 0.9078125 0.4171875 0.9078125 0.4140625 0.9046875 0.415625 0.896875 0.4078125 0.890625 0.4 0.8921875 0.396875 0.8953125 0.3984375 0.8984375 0.4046875 0.9015625 0.4046875 0.9109375 0.396875 0.909375 0.3953125 0.9 0.396875 0.8953125 0.390625 0.89375 0.3875 0.896875 0.3859375 0.8921875 0.3859375 0.8859375 0.390625 0.8875 0.3953125 0.8828125 0.39375 0.8765625 0.3953125 0.8734375 0.3828125 0.8703125 0.3765625 0.8765625 0.371875 0.8765625 0.371875 0.859375 0.3671875 0.8578125 0.365625 0.859375 0.3671875 0.8625 0.3640625 0.865625 0.365625 0.8765625 0.3640625 0.8859375 0.375 0.8875 0.378125 0.890625 0.378125 0.9046875 0.3765625 0.90625 0.371875 0.9015625 0.3734375 0.89375 0.371875 0.8921875 0.3640625 0.896875 0.365625 0.9015625 0.36875 0.903125 0.3640625 0.909375 0.36875 0.9171875 0.3640625 0.921875 0.3640625 0.9375 0.359375 0.9328125 0.3484375 0.9359375 0.346875 0.9328125 0.35 0.9296875 0.3484375 0.9265625 0.34375 0.925 0.3328125 0.9265625 0.33125 0.925 0.3296875 0.91875 0.33125 0.9125 0.346875 0.9109375 0.3515625 0.9109375 0.353125 0.9140625 0.3546875 0.9125 0.35625 0.9 0.359375 0.89375 0.3578125 0.8828125 0.3609375 0.8796875 0.3578125 0.8765625 0.3640625 0.8671875 0.359375 0.8625 0.3453125 0.8609375 0.3421875 0.8515625 0.3484375 0.85 0.3671875 0.853125 0.384375 0.8515625 0.3875 0.846875 0.39375 0.84375 0.403125 0.846875 0.4078125 0.8515625 0.415625 0.853125 0.4265625 0.8640625 0.4296875 0.8734375 0.4421875 0.8859375 0.446875 0.8875 0.453125 0.89375 0.4578125 0.89375 0.4625 0.896875 0.4703125 0.9078125 0.4984375 0.934375 0.4984375 0.9375 0.5140625 0.953125 0.5296875 0.9625 0.528125 0.9671875 0.4875 0.98125 0.475 0.98125 0.4703125 0.984375 0.4515625 0.9875 0.428125 0.9875 0.40625 0.990625 0.3984375 0.9890625 0.365625 0.990625 0.3640625 0.9890625 0.328125 0.9875 0.31875 0.984375 0.3046875 0.984375 0.3 0.98125 0.2921875 0.98125 0.2875 0.978125 0.2671875 0.975 0.209375 0.9578125 0.2046875 0.953125 0.1578125 0.9359375 0.1265625 0.91875 0.121875 0.9125 0.0859375 0.8875 0.0625 0.8625 0.0609375 0.8546875 0.0578125 0.8515625 0.05625 0.8453125 0.059375 0.8375 0.078125 0.8125 0.096875 0.79375 0.1203125 0.778125 0.1390625 0.7609375 0.140625 0.753125 0.1453125 0.7515625 0.146875 0.7484375 0.1515625 0.7484375 0.15625 0.74375 0.1765625 0.734375 0.196875 0.728125 0.2078125 0.728125 0.209375 0.725 0.221875 0.7234375 0.225 0.7203125 0.2375 0.7203125 0.24375 0.7171875 0.2578125 0.7171875 0.265625 0.7140625 0.2890625 0.7125
22 0.1625 0.28125 0.1625 0.290625 0.165625 0.2953125 0.1671875 0.29375 0.1703125 0.296875 0.171875 0.3015625 0.18125 0.3 0.1859375 0.309375 0.196875 0.3109375 0.1953125 0.31875 0.196875 0.321875 0.2109375 0.3328125 0.2328125 0.34375 0.240625 0.353125 0.2453125 0.3546875 0.246875 0.3609375 0.253125 0.3640625 0.25625 0.36875 0.2609375 0.3703125 0.265625 0.365625 0.2640625 0.3765625 0.265625 0.378125 0.2703125 0.378125 0.278125 0.384375 0.2875 0.3859375 0.2921875 0.3921875 0.30625 0.3953125 0.3140625 0.403125 0.3296875 0.40625 0.334375 0.4109375 0.3421875 0.4109375 0.3453125 0.4078125 0.34375 0.4046875 0.3484375 0.403125 0.35 0.40625 0.3484375 0.4109375 0.3546875 0.4171875 0.3640625 0.4171875 0.3703125 0.4203125 0.3734375 0.41875 0.375 0.4203125 0.3796875 0.41875 0.4 0.4203125 0.4125 0.4140625 0.415625 0.41875 0.4109375 0.41875 0.4078125 0.421875 0.409375 0.4234375 0.428125 0.4203125 0.4484375 0.4203125 0.4578125 0.4171875 0.459375 0.4140625 0.4734375 0.4125 0.48125 0.409375 0.490625 0.4015625 0.490625 0.396875 0.509375 0.3875 0.5125 0.38125 0.5203125 0.375 0.521875 0.36875 0.5171875 0.3578125 0.5109375 0.359375 0.509375 0.35625 0.5 0.35625 0.5015625 0.353125 0.4984375 0.35 0.4953125 0.353125 0.4875 0.3453125 0.5 0.3453125 0.515625 0.340625 0.525 0.3328125 0.5265625 0.3265625 0.54375 0.321875 0.5515625 0.321875 0.5546875 0.3171875 0.553125 0.315625 0.5546875 0.3109375 0.559375 0.309375 0.5609375 0.3046875 0.5625 0.3078125 0.565625 0.30625 0.571875 0.3078125 0.5796875 0.315625 0.5921875 0.3203125 0.6078125 0.3359375 0.6140625 0.346875 0.6234375 0.353125 0.625 0.359375 0.6296875 0.3640625 0.6265625 0.3703125 0.6171875 0.3703125 0.6125 0.3796875 0.609375 0.38125 0.6109375 0.3875 0.621875 0.3921875 0.6265625 0.396875 0.621875 0.4078125 0.603125 0.425 0.584375 0.4359375 0.56875 0.4390625 0.565625 0.4421875 0.528125 0.453125 0.5125 0.453125 0.4984375 0.4578125 0.465625 0.4609375 0.396875 0.4609375 0.3953125 0.459375 0.375 0.459375 0.35 0.453125 0.3328125 0.453125 0.33125 0.4546875 0.309375 0.453125 0.3015625 0.45 0.2921875 0.45 0.290625 0.446875 0.271875 0.44375 0.2671875 0.4390625 0.2546875 0.4359375 0.2484375 0.4328125 0.246875 0.4296875 0.2359375 0.4265625 0.225 0.41875 0.221875 0.41875 0.215625 0.4125 0.1828125 0.390625 0.178125 0.384375 0.1671875 0.3625 0.1671875 0.3546875 0.159375 0.3359375 0.1484375 0.3171875 0.1515625 0.309375 0.1390625 0.3 0.1296875 0.2875 0.1296875 0.2828125 0.1390625 0.278125 0.1546875 0.2796875 0.1578125 0.2828125 0.1609375 0.28125
22 0.55625 0 0.5734375 0.0046875 0.58125 0.003125 0.6296875 0.0046875 0.6375 0.003125 0.6390625 0 0.675 0 0.6765625 0.003125 0.69375 0.0078125 0.70625 0.0140625 0.7109375 0.01875 0.7296875 0.025 0.7390625 0.0296875 0.75 0.0390625 0.759375 0.0421875 0.7625 0.046875 0.765625 0.046875 0.7671875 0.05 0.7703125 0.05 0.7734375 0.0546875 0.778125 0.05625 0.8078125 0.084375 0.8109375 0.090625 0.821875 0.1 0.821875 0.103125 0.83125 0.1125 0.8515625 0.14375 0.853125 0.1515625 0.859375 0.159375 0.8703125 0.184375 0.871875 0.2109375 0.8703125 0.2171875 0.8625 0.2265625 0.840625 0.2375 0.8171875 0.2421875 0.8015625 0.2484375 0.790625 0.2484375 0.7796875 0.2515625 0.784375 0.25625 0.796875 0.2625 0.7984375 0.265625 0.8015625 0.265625 0.803125 0.26875 0.80625 0.26875 0.8109375 0.2765625 0.8171875 0.2765625 0.821875 0.2796875 0.8359375 0.2953125 0.85 0.303125 0.853125 0.3078125 0.8640625 0.3125 0.8734375 0.321875 0.8828125 0.3390625 0.853125 0.3578125 0.825 0.365625 0.7546875 0.3671875 0.7125 0.3625 0.6953125 0.35625 0.6890625 0.35625 0.6859375 0.353125 0.675 0.35 0.6609375 0.3484375 0.640625 0.3421875 0.6171875 0.33125 0.575 0.303125 0.53125 0.2625 0.521875 0.2515625 0.50625 0.221875 0.5 0.1921875 0.5 0.171875 0.4921875 0.1671875 0.4796875 0.1546875 0.4640625 0.13125 0.459375 0.128125 0.459375 0.1234375 0.4484375 0.1078125 0.44375 0.09375 0.44375 0.08125 0.45 0.071875 0.4703125 0.0609375 0.5140625 0.025 0.528125 0.01875 0.5453125 0.0046875 0.5515625 0.0046875 0.55625 0.0015625
22 0.5515625 0 0.6078125 0 0.609375 0.003125 0.628125 0.003125 0.6296875 0 0.6828125 0 0.684375 0.003125 0.715625 0.01875 0.7390625 0.028125 0.7484375 0.0359375 0.759375 0.040625 0.7796875 0.05625 0.7828125 0.0609375 0.7890625 0.0640625 0.828125 0.10625 0.85 0.1390625 0.853125 0.15 0.8640625 0.1671875 0.8734375 0.196875 0.8734375 0.2109375 0.8703125 0.2203125 0.859375 0.2296875 0.8390625 0.2390625 0.815625 0.24375 0.80625 0.2484375 0.796875 0.25 0.78125 0.2484375 0.7765625 0.2421875 0.7796875 0.2328125 0.771875 0.225 0.759375 0.203125 0.75 0.19375 0.75 0.1828125 0.7578125 0.18125 0.7625 0.1765625 0.7703125 0.1734375 0.7796875 0.1625 0.7875 0.1390625 0.78125 0.1171875 0.76875 0.096875 0.765625 0.0875 0.74375 0.065625 0.715625 0.0453125 0.7125 0.0453125 0.70625 0.0390625 0.69375 0.034375 0.6734375 0.021875 0.65625 0.0171875 0.6546875 0.0140625 0.634375 0.009375 0.609375 0.0109375 0.5953125 0.0078125 0.5828125 0.009375 0.571875 0.00625 0.559375 0.00625 0.55625 0.009375 0.5359375 0.0171875 0.5296875 0.0234375 0.509375 0.065625 0.490625 0.09375 0.4921875 0.103125 0.4984375 0.1109375 0.5046875 0.1265625 0.525 0.146875 0.51875 0.153125 0.5125 0.1546875 0.503125 0.1640625 0.4984375 0.1734375 0.490625 0.171875 0.490625 0.16875 0.46875 0.1453125 0.459375 0.1265625 0.4484375 0.1125 0.4484375 0.1078125 0.4421875 0.0953125 0.4421875 0.08125 0.45 0.0703125 0.475 0.05625 0.4796875 0.05 0.4890625 0.0453125 0.5015625 0.0328125 0.521875 0.01875 0.5375 0.0109375 0.5421875 0.0046875 0.5515625 0.0015625
22 0.1875 0.5015625 0.2046875 0.50625 0.2109375 0.5109375 0.2078125 0.525 0.196875 0.5453125 0.196875 0.578125 0.2078125 0.5984375 0.2375 0.621875 0.2421875 0.621875 0.2625 0.6328125 0.2703125 0.634375 0.275 0.6390625 0.296875 0.6421875 0.303125 0.646875 0.3265625 0.65 0.3375 0.6546875 0.3875 0.6546875 0.3890625 0.65625 0.4109375 0.6546875 0.425 0.65 0.4390625 0.6484375 0.4640625 0.6375 0.4875 0.6203125 0.5078125 0.596875 0.515625 0.58125 0.5296875 0.58125 0.5453125 0.5875 0.5515625 0.5875 0.56875 0.5953125 0.5796875 0.596875 0.63125 0.615625 0.634375 0.61875 0.6328125 0.6453125 0.6234375 0.6578125 0.6234375 0.6609375 0.603125 0.6796875 0.578125 0.6921875 0.5734375 0.6921875 0.56875 0.696875 0.553125 0.7 0.5390625 0.70625 0.5234375 0.7078125 0.5015625 0.7140625 0.4796875 0.7140625 0.4609375 0.7171875 0.425 0.7171875 0.396875 0.7125 0.3671875 0.7125 0.3515625 0.7078125 0.303125 0.7078125 0.284375 0.7046875 0.228125 0.6875 0.221875 0.6875 0.2140625 0.6828125 0.2015625 0.6796875 0.19375 0.6734375 0.15625 0.6578125 0.14375 0.6484375 0.1359375 0.6453125 0.1328125 0.640625 0.125 0.6375 0.1046875 0.6171875 0.096875 0.6046875 0.0984375 0.5921875 0.1046875 0.5828125 0.1046875 0.578125 0.115625 0.5640625 0.115625 0.5609375 0.140625 0.5234375 0.1453125 0.521875 0.15 0.515625 0.1625 0.515625 0.16875 0.503125 0.1859375 0.5015625
22 0.553125 0.496875 0.5640625 0.4984375 0.5921875 0.5140625 0.5953125 0.51875 0.5984375 0.51875 0.6265625 0.540625 0.63125 0.5421875 0.6453125 0.55625 0.6484375 0.5625 0.6453125 0.56875 0.6390625 0.571875 0.6078125 0.58125 0.59375 0.5828125 0.5890625 0.5859375 0.559375 0.5875 0.51875 0.578125 0.5109375 0.5625 0.5109375 0.55625 0.5203125 0.5515625 0.521875 0.5484375 0.5265625 0.5484375 0.5359375 0.5359375 0.5421875 0.5203125 0.553125 0.5140625 0.553125 0.4984375
50 0.44021739130434784 0.8726333907056798 0.4470108695652174 0.8838209982788297 0.4891304347826087 0.906196213425129 0.6413043478260869 0.9406196213425128 0.6752717391304348 0.9518072289156626 0.9008152173913043 0.9827882960413079 0.9673913043478259 0.987091222030981 0.9891304347826086 0.9845094664371772 0.9932065217391305 0.9810671256454387 0.9986413043478259 0.9672977624784853 0.9986413043478259 0.8829604130808949 0.9904891304347826 0.8752151462994835 0.8288043478260869 0.8296041308089499 0.7894021739130435 0.8270223752151462 0.7595108695652174 0.8089500860585197 0.6603260869565217 0.7848537005163511 0.6345108695652174 0.7676419965576591 0.5665760869565217 0.7564543889845095 0.5285326086956521 0.7650602409638554 0.48369565217391297 0.8012048192771084 0.4646739130434782 0.8364888123924267 0.4415760869565217 0.86144578313253 0.44021739130434784 0.8726333907056798
50 0.6005434782608695 0.6015490533562822 0.6317934782608695 0.6110154905335627 0.6372282608695652 0.6385542168674698 0.6209239130434783 0.6678141135972461 0.5896739130434783 0.6910499139414801 0.5706521739130435 0.6987951807228915 0.5692934782608695 0.7099827882960412 0.6059782608695652 0.7409638554216866 0.6154891304347826 0.7435456110154905 0.6372282608695652 0.7650602409638554 0.6820652173913043 0.7882960413080895 0.7527173913043479 0.8055077452667814 0.796195652173913 0.825301204819277 0.8288043478260869 0.8270223752151462 0.875 0.8407917383820998 0.8845108695652174 0.8407917383820998 0.9266304347826086 0.852839931153184 0.9320652173913043 0.8597246127366608 0.9497282608695652 0.8562822719449225 0.9524456521739131 0.865748709122203 0.9932065217391305 0.86144578313253 0.9986413043478259 0.8347676419965575 0.9986413043478259 0.6746987951807228 0.9945652173913043 0.6669535283993115 0.9538043478260869 0.6480206540447504 0.9144021739130433 0.6385542168674698 0.8423913043478259 0.6247848537005163 0.7744565217391304 0.618760757314974 0.7309782608695652 0.6092943201376936 0.7105978260869565 0.5963855421686747 0.7051630434782609 0.5697074010327021 0.6644021739130435 0.5645438898450946 0.6277173913043479 0.5791738382099827 0.5910326086956521 0.5877796901893287 0.6005434782608695 0.6015490533562822
50 0.717391304347826 0.5946643717728055 0.7445652173913043 0.6092943201376936 0.7758152173913043 0.6161790017211703 0.8559782608695652 0.6247848537005163 0.9904891304347826 0.6506024096385541 0.9972826086956521 0.6471600688468158 0.9986413043478259 0.5748709122203097 0.9918478260869564 0.5705679862306368 0.9130434782608695 0.5576592082616179 0.7839673913043478 0.5481927710843373 0.763586956521739 0.5499139414802066 0.7146739130434783 0.5722891566265059 0.717391304347826 0.5946643717728055
50 0.5896739130434783 0.5060240963855421 0.6154891304347826 0.5240963855421686 0.7119565217391304 0.5645438898450946 0.732336956521739 0.5611015490533562 0.7663043478260869 0.5481927710843373 0.8125 0.5473321858864028 0.8695652173913043 0.5542168674698795 0.9089673913043479 0.5542168674698795 0.9048913043478259 0.5490533562822719 0.8668478260869564 0.5309810671256454 0.8206521739130433 0.5249569707401032 0.7391304347826086 0.504302925989673 0.7038043478260869 0.482788296041308 0.6331521739130435 0.45783132530120474 0.623641304347826 0.45783132530120474 0.6100543478260869 0.463855421686747 0.5855978260869565 0.49053356282271937 0.5896739130434783 0.5060240963855421
50 0.6847826086956521 0.4526678141135972 0.6915760869565217 0.46729776247848537 0.6970108695652174 0.4767641996557659 0.7364130434782609 0.5008605851979346 0.7866847826086956 0.5172117039586919 0.9347826086956521 0.5438898450946643 0.9592391304347826 0.5533562822719449 0.9959239130434783 0.555077452667814 0.9986413043478259 0.45438898450946635 0.9334239130434783 0.423407917383821 0.9293478260869564 0.4096385542168674 0.8858695652173912 0.3872633390705679 0.8206521739130433 0.37263339070567986 0.7432065217391304 0.3717728055077453 0.71875 0.37607573149741824 0.701086956521739 0.38382099827882954 0.6875 0.4113597246127366 0.6847826086956521 0.4526678141135972
50 0.8586956521739131 0.1540447504302926 0.875 0.1910499139414802 0.8736413043478259 0.22030981067125643 0.8505434782608695 0.23666092943201375 0.7989130434782609 0.2521514629948365 0.7975543478260869 0.2581755593803786 0.8328804347826086 0.27882960413080893 0.8342391304347826 0.2865748709122203 0.8546195652173912 0.29948364888123924 0.8831521739130433 0.32788296041308085 0.8858695652173912 0.3416523235800344 0.8627717391304348 0.35542168674698793 0.857336956521739 0.3631669535283993 0.8777173913043479 0.3777969018932874 0.9211956521739131 0.3993115318416523 0.9538043478260869 0.4087779690189328 0.9646739130434783 0.41652323580034417 0.9741847826086957 0.4388984509466437 0.9932065217391305 0.4457831325301204 0.9986413043478259 0.40705679862306365 0.9986413043478259 0.20223752151462993 0.9279891304347826 0.15920826161790017 0.8695652173913043 0.13941480206540446 0.8586956521739131 0.14027538726333905 0.8586956521739131 0.1540447504302926