26 0.540625 0.5109375 0.5515625 0.5171875 0.5609375 0.5359375 0.5734375 0.546875 0.58125 0.5484375 0.5890625 0.5546875 0.6015625 0.5578125 0.6046875 0.5609375 0.6140625 0.5609375 0.6171875 0.5640625 0.6234375 0.5640625 0.625 0.5703125 0.615625 0.5828125 0.6109375 0.5953125 0.6109375 0.6078125 0.615625 0.6203125 0.625 0.63125 0.6328125 0.634375 0.6390625 0.640625 0.6546875 0.6453125 0.7015625 0.64375 0.703125 0.6453125 0.7390625 0.646875 0.765625 0.64375 0.775 0.6484375 0.7796875 0.6546875 0.78125 0.66875 0.7859375 0.671875 0.784375 0.675 0.7859375 0.6796875 0.7765625 0.6875 0.7703125 0.703125 0.7640625 0.7078125 0.765625 0.7125 0.7640625 0.734375 0.7578125 0.74375 0.7375 0.7671875 0.7125 0.7875 0.7078125 0.79375 0.69375 0.803125 0.66875 0.8140625 0.6453125 0.828125 0.6359375 0.8296875 0.621875 0.8375 0.5953125 0.846875 0.56875 0.846875 0.553125 0.853125 0.5078125 0.853125 0.50625 0.8546875 0.478125 0.853125 0.4703125 0.85 0.4609375 0.85 0.4578125 0.846875 0.4484375 0.846875 0.4234375 0.834375 0.4140625 0.8328125 0.396875 0.8234375 0.3953125 0.8203125 0.375 0.809375 0.353125 0.790625 0.3234375 0.7765625 0.3125 0.765625 0.309375 0.75625 0.309375 0.7375 0.3125 0.7171875 0.3171875 0.70625 0.3296875 0.6921875 0.3390625 0.6875 0.3421875 0.6828125 0.34375 0.671875 0.340625 0.6609375 0.340625 0.6484375 0.34375 0.63125 0.35 0.615625 0.35625 0.6046875 0.3734375 0.5859375 0.375 0.58125 0.3953125 0.5703125 0.409375 0.5578125 0.428125 0.5484375 0.459375 0.5375 0.4703125 0.5265625 0.4921875 0.5234375 0.515625 0.5140625 0.5390625 0.5109375
54 0.8165760869565217 0.6574923547400612 0.8057065217391305 0.6676860346585117 0.8043478260869564 0.6758409785932722 0.7785326086956521 0.6992864424057085 0.7785326086956521 0.7186544342507646 0.7676630434782609 0.7370030581039756 0.7350543478260869 0.7747196738022426 0.6970108695652174 0.8042813455657493 0.608695652173913 0.8460754332313967 0.5081521739130435 0.8593272171253823 0.5407608695652174 0.8939857288481141 0.595108695652174 0.9317023445463812 0.6304347826086956 0.9500509683995922 0.654891304347826 0.9531090723751274 0.6793478260869565 0.9317023445463812 0.7133152173913043 0.8623853211009175 0.7975543478260869 0.744138634046891 0.8627717391304348 0.6778797145769623 0.9157608695652174 0.6330275229357798 0.9225543478260869 0.6116207951070336 0.9144021739130433 0.5922528032619776 0.8709239130434783 0.6228338430173292 0.8478260869565217 0.6299694189602446 0.8342391304347826 0.6401630988786953 0.8206521739130433 0.6401630988786953 0.8165760869565217 0.6574923547400612
54 0.16304347826086957 0.7380224260958206 0.18070652173913043 0.7614678899082569 0.23641304347826084 0.8032619775739042 0.28532608695652173 0.8277268093781857 0.34239130434782605 0.8654434250764526 0.38315217391304346 0.8797145769622834 0.41440217391304346 0.8807339449541285 0.43614130434782605 0.872579001019368 0.44972826086956524 0.8623853211009175 0.45108695652173914 0.8521916411824669 0.4103260869565217 0.8348623853211009 0.3125 0.7706422018348624 0.3043478260869565 0.7494393476044853 0.3043478260869565 0.72579001019368 0.31657608695652173 0.6972477064220184 0.3355978260869565 0.6758409785932722 0.3328804347826087 0.6462793068297656 0.34510869565217395 0.6106014271151886 0.3342391304347826 0.6126401630988787 0.30842391304347827 0.6371049949031601 0.25135869565217395 0.6788990825688074 0.18206521739130435 0.6972477064220184 0.16304347826086957 0.7125382262996942 0.16304347826086957 0.7380224260958206
48 0.1983695652173913 0.2864424057084608 0.21739130434782608 0.381243628950051 0.264945652173913 0.5351681957186545 0.2866847826086957 0.5586136595310907 0.32608695652173914 0.5667686034658512 0.3464673913043478 0.5606523955147809 0.36141304347826086 0.5484199796126401 0.3668478260869565 0.527013251783894 0.2934782608695652 0.2915392456676861 0.2730978260869565 0.25688073394495414 0.24592391304347827 0.24464831804281348 0.21603260869565216 0.2507645259938838 0.19972826086956522 0.2701325178389399 0.1983695652173913 0.2864424057084608
48 0.30570652173913043 0.3007135575942915 0.3125 0.3425076452599388 0.3695652173913043 0.527013251783894 0.38858695652173914 0.5402650356778798 0.4225543478260869 0.5423037716615698 0.43614130434782605 0.5351681957186545 0.4538043478260869 0.5127420998980632 0.46059782608695654 0.4862385321100918 0.4116847826086956 0.3425076452599388 0.391304347826087 0.2579001019367992 0.3695652173913043 0.22935779816513763 0.3546195652173913 0.22426095820591235 0.33967391304347827 0.2252803261977574 0.31385869565217395 0.24362895005096843 0.3070652173913043 0.2691131498470948 0.30570652173913043 0.3007135575942915
48 0.40760869565217395 0.3129459734964322 0.4470108695652174 0.45158002038735984 0.4619565217391305 0.4740061162079511 0.48641304347826086 0.4974515800203874 0.501358695652174 0.5015290519877676 0.5407608695652174 0.4994903160040775 0.5516304347826086 0.4913353720693171 0.5597826086956521 0.4750254841997961 0.5597826086956521 0.454638124362895 0.5434782608695652 0.3904179408766565 0.5190217391304348 0.3343527013251784 0.514945652173913 0.3058103975535168 0.49864130434782605 0.2579001019367992 0.4728260869565217 0.23139653414882771 0.4415760869565217 0.22629969418960244 0.4279891304347826 0.23037716615698267 0.4116847826086956 0.24362895005096843 0.40353260869565216 0.26809378185524974 0.40760869565217395 0.3129459734964322
15 0.5285326086956521 0.345565749235474 0.5394021739130435 0.36187563710499493 0.5543478260869565 0.37104994903160043 0.5828804347826086 0.3486238532110092 0.6059782608695652 0.3425076452599388 0.6453804347826086 0.34454638124362896 0.6834239130434783 0.3608562691131499 0.6875 0.3343527013251784 0.701086956521739 0.32415902140672787 0.7160326086956521 0.3231396534148828 0.7350543478260869 0.3109072375127421 0.7404891304347826 0.2915392456676861 0.7146739130434783 0.24770642201834864 0.6956521739130435 0.2385321100917431 0.6725543478260869 0.2507645259938838 0.6413043478260869 0.25484199796126406 0.5828804347826086 0.2711518858307849 0.5366847826086956 0.2996941896024465 0.5285326086956521 0.3190621814475026 0.5285326086956521 0.345565749235474
15 0.5 0.25484199796126406 0.5108695652173914 0.2701325178389399 0.514945652173913 0.2945973496432212 0.5217391304347826 0.30479102956167176 0.5801630434782609 0.2711518858307849 0.6467391304347826 0.25178389398572887 0.6766304347826086 0.2487257900101937 0.6847826086956521 0.24159021406727826 0.6807065217391304 0.22935779816513763 0.6616847826086956 0.2120285423037717 0.6372282608695652 0.20183486238532108 0.6046195652173914 0.19775739041794088 0.561141304347826 0.20081549439347604 0.5421195652173914 0.20591233435270134 0.5108695652173914 0.22222222222222224 0.501358695652174 0.23547400611620795 0.5 0.25484199796126406
50 0.5584239130434783 0.3934760448521917 0.5692934782608695 0.42201834862385323 0.5855978260869565 0.4393476044852192 0.6032608695652174 0.44648318042813456 0.6603260869565217 0.44240570846075433 0.6779891304347826 0.43119266055045874 0.701086956521739 0.40672782874617736 0.701086956521739 0.3934760448521917 0.6902173913043479 0.37104994903160043 0.6508152173913043 0.3476044852191641 0.623641304347826 0.3425076452599388 0.592391304347826 0.34658511722731905 0.5665760869565217 0.3608562691131499 0.5597826086956521 0.3730886850152905 0.5584239130434783 0.3934760448521917
50 0.7038043478260869 0.3720693170234455 0.7214673913043479 0.3904179408766565 0.7364130434782609 0.39551478083588176 0.7717391304347826 0.39653414882772686 0.794836956521739 0.4016309887869521 0.8165760869565217 0.39551478083588176 0.8355978260869564 0.3843017329255861 0.8519021739130433 0.35881753312945974 0.8519021739130433 0.34658511722731905 0.8410326086956521 0.32415902140672787 0.796195652173913 0.3058103975535168 0.7676630434782609 0.3068297655453619 0.7364130434782609 0.31396534148827726 0.7160326086956521 0.32619775739041795 0.701086956521739 0.34658511722731905 0.7038043478260869 0.3720693170234455
55 0.5543478260869565 0.5117227319062182 0.5665760869565217 0.5361875637104995 0.5978260869565217 0.5545361875637105 0.6304347826086956 0.5596330275229359 0.6589673913043479 0.5535168195718654 0.6725543478260869 0.5443425076452599 0.6929347826086956 0.5198776758409787 0.6983695652173914 0.49847094801223246 0.6942934782608695 0.4801223241590214 0.6725543478260869 0.4597349643221203 0.6494565217391304 0.4485219164118247 0.623641304347826 0.44648318042813456 0.5964673913043479 0.4505606523955148 0.5747282608695652 0.46075433231396534 0.563858695652174 0.47196738022426094 0.5557065217391304 0.4913353720693171 0.5543478260869565 0.5117227319062182
55 0.6752717391304348 0.45871559633027525 0.6942934782608695 0.47604485219164117 0.702445652173913 0.49439347604485223 0.7105978260869565 0.4964322120285424 0.7377717391304348 0.4974515800203874 0.7432065217391304 0.4913353720693171 0.8097826086956521 0.4648318042813456 0.8233695652173912 0.45158002038735984 0.8233695652173912 0.42915392456676865 0.8152173913043479 0.41386340468909283 0.7934782608695652 0.4026503567787971 0.7663043478260869 0.3975535168195719 0.733695652173913 0.3975535168195719 0.7160326086956521 0.4026503567787971 0.6766304347826086 0.43527013251783897 0.6752717391304348 0.45871559633027525
55 0.8274456521739131 0.454638124362895 0.8709239130434783 0.4566768603465851 0.892663043478261 0.4648318042813456 0.919836956521739 0.5076452599388379 0.923913043478261 0.5076452599388379 0.9633152173913043 0.45871559633027525 0.9633152173913043 0.43527013251783897 0.9524456521739131 0.42201834862385323 0.9184782608695652 0.4026503567787971 0.8831521739130433 0.3975535168195719 0.8586956521739131 0.40366972477064217 0.8274456521739131 0.4281345565749236 0.8274456521739131 0.454638124362895
5 0.9171195652173912 0.581039755351682 0.9293478260869564 0.6126401630988787 0.9225543478260869 0.6299694189602446 0.8532608695652174 0.6901121304791029 0.7975543478260869 0.7512742099898063 0.8138586956521738 0.7828746177370031 0.8369565217391305 0.7910295616717635 0.8396739130434783 0.8053007135575942 0.8709239130434783 0.8216106014271153 0.8913043478260869 0.8185524974515801 0.9490489130434783 0.752803261977574 0.9986413043478259 0.72782874617737 0.9986413043478259 0.5392456676860347 0.9714673913043479 0.5361875637104995 0.9225543478260869 0.5606523955147809 0.9171195652173912 0.581039755351682
43 0.06929347826086957 0.45871559633027525 0.08016304347826086 0.5168195718654435 0.09782608695652174 0.5596330275229359 0.15489130434782608 0.6585117227319063 0.18206521739130435 0.6890927624872579 0.22010869565217392 0.6860346585117227 0.25 0.6768603465851173 0.3532608695652174 0.5942915392456677 0.3641304347826087 0.5575942915392457 0.3559782608695652 0.5565749235474006 0.3247282608695652 0.5688073394495413 0.30978260869565216 0.5688073394495413 0.28532608695652173 0.5606523955147809 0.2622282608695652 0.5361875637104995 0.24456521739130435 0.4831804281345565 0.2078804347826087 0.4393476044852192 0.16576086956521738 0.40672782874617736 0.12228260869565218 0.382262996941896 0.09782608695652174 0.381243628950051 0.08423913043478261 0.39143730886850153 0.06929347826086957 0.4148827726809379 0.06929347826086957 0.45871559633027525
43 0.09646739130434782 0.3781855249745158 0.1263586956521739 0.38022426095820594 0.13722826086956522 0.3904179408766565 0.16576086956521738 0.4046890927624872 0.20923913043478262 0.43730886850152906 0.23369565217391303 0.4617737003058104 0.21739130434782608 0.3904179408766565 0.20380434782608697 0.36595310907237516 0.18614130434782608 0.3476044852191641 0.1576086956521739 0.3312945973496432 0.125 0.3231396534148828 0.11413043478260869 0.33333333333333337 0.09646739130434782 0.3700305810397554 0.09646739130434782 0.3781855249745158
43 0.01766304347826087 0.5708460754332314 0.028532608695652172 0.582059123343527 0.059782608695652176 0.5881753312945974 0.08152173913043478 0.5840978593272171 0.09103260869565218 0.5779816513761469 0.09510869565217392 0.5596330275229359 0.07608695652173912 0.5147808358817534 0.0625 0.45769622833843016 0.016304347826086956 0.5392456676860347 0.01766304347826087 0.5708460754332314
43 0.07472826086956522 0.6748216106014271 0.08152173913043478 0.6880733944954128 0.12092391304347824 0.7115188583078492 0.14402173913043478 0.7125382262996942 0.1644021739130435 0.7003058103975535 0.17391304347826086 0.6890927624872579 0.10190217391304349 0.5718654434250765 0.08695652173913043 0.5973496432212029 0.07608695652173912 0.6625891946992865 0.07472826086956522 0.6748216106014271