50 0.553125 0.03125 0.5640625 0.0328125 0.5671875 0.0359375 0.578125 0.0390625 0.5875 0.0390625 0.615625 0.0484375 0.63125 0.05 0.6453125 0.05625 0.646875 0.059375 0.6515625 0.0609375 0.659375 0.06875 0.6765625 0.0796875 0.678125 0.0828125 0.6859375 0.0859375 0.6875 0.0890625 0.725 0.10625 0.740625 0.1203125 0.7484375 0.1234375 0.7625 0.1390625 0.7875 0.15625 0.8 0.1703125 0.8078125 0.1859375 0.8078125 0.1921875 0.8015625 0.2 0.8 0.20625 0.8015625 0.225 0.79375 0.2328125 0.7921875 0.24375 0.7875 0.246875 0.7859375 0.2515625 0.7796875 0.2578125 0.7609375 0.2578125 0.7515625 0.2484375 0.7484375 0.2484375 0.746875 0.2515625 0.7375 0.2515625 0.725 0.259375 0.7171875 0.2609375 0.6921875 0.259375 0.6828125 0.265625 0.665625 0.26875 0.659375 0.275 0.6609375 0.2828125 0.659375 0.2953125 0.65625 0.2984375 0.65 0.2984375 0.64375 0.3046875 0.640625 0.3125 0.6359375 0.3109375 0.6296875 0.3171875 0.6265625 0.328125 0.6171875 0.334375 0.6203125 0.3390625 0.609375 0.3359375 0.6046875 0.3375 0.5984375 0.334375 0.5859375 0.3359375 0.584375 0.3390625 0.584375 0.334375 0.5796875 0.3296875 0.575 0.3296875 0.571875 0.3359375 0.5625 0.33125 0.5578125 0.3359375 0.553125 0.3328125 0.5421875 0.3390625 0.5390625 0.3421875 0.540625 0.3453125 0.5234375 0.3609375 0.525 0.3671875 0.5296875 0.365625 0.53125 0.3828125 0.5328125 0.384375 0.5359375 0.38125 0.5390625 0.384375 0.546875 0.384375 0.553125 0.390625 0.5578125 0.3859375 0.565625 0.3875 0.5671875 0.39375 0.578125 0.39375 0.5765625 0.396875 0.5796875 0.4 0.5796875 0.4046875 0.571875 0.4109375 0.56875 0.4109375 0.5625 0.41875 0.575 0.43125 0.5765625 0.4390625 0.571875 0.45 0.571875 0.45625 0.5515625 0.4796875 0.5359375 0.4828125 0.53125 0.475 0.5265625 0.478125 0.5171875 0.4765625 0.5109375 0.4796875 0.509375 0.484375 0.5125 0.4875 0.51875 0.4875 0.5109375 0.4890625 0.509375 0.4921875 0.475 0.4984375 0.4640625 0.4890625 0.4578125 0.49375 0.45625 0.5 0.4390625 0.503125 0.421875 0.5 0.4109375 0.5015625 0.40625 0.5 0.4046875 0.4953125 0.396875 0.503125 0.3703125 0.5015625 0.3265625 0.4890625 0.296875 0.475 0.2890625 0.465625 0.2609375 0.4453125 0.259375 0.4421875 0.240625 0.4328125 0.2328125 0.425 0.2296875 0.425 0.2234375 0.4140625 0.209375 0.3984375 0.20625 0.3875 0.1984375 0.378125 0.1953125 0.3625 0.1984375 0.35625 0.19375 0.353125 0.2109375 0.3515625 0.2125 0.3453125 0.21875 0.34375 0.225 0.334375 0.21875 0.328125 0.21875 0.3140625 0.2125 0.3015625 0.2125 0.29375 0.209375 0.2859375 0.209375 0.2578125 0.2125 0.25 0.2125 0.240625 0.21875 0.23125 0.221875 0.2203125 0.2296875 0.2109375 0.234375 0.2 0.240625 0.19375 0.240625 0.1859375 0.2546875 0.15625 0.2578125 0.1546875 0.2609375 0.1453125 0.271875 0.134375 0.2734375 0.1296875 0.2796875 0.1265625 0.29375 0.1125 0.3109375 0.10625 0.3328125 0.0953125 0.334375 0.0921875 0.396875 0.0609375 0.4046875 0.0609375 0.4203125 0.053125 0.428125 0.053125 0.45 0.0453125 0.4671875 0.0453125 0.4875 0.0390625 0.4984375 0.0390625 0.5 0.0359375 0.5078125 0.0359375 0.5109375 0.0328125 0.5515625 0.0328125
50 0.74375 0.678125 0.753125 0.678125 0.7828125 0.6921875 0.790625 0.6921875 0.79375 0.6953125 0.7984375 0.6953125 0.821875 0.7078125 0.8328125 0.71875 0.834375 0.7234375 0.8421875 0.73125 0.8421875 0.740625 0.8390625 0.7484375 0.8421875 0.75625 0.8703125 0.79375 0.875 0.8265625 0.8734375 0.828125 0.8734375 0.8640625 0.859375 0.896875 0.8546875 0.9015625 0.853125 0.9078125 0.8421875 0.91875 0.8421875 0.921875 0.8328125 0.9296875 0.81875 0.946875 0.803125 0.953125 0.8 0.9578125 0.790625 0.9640625 0.775 0.9703125 0.7609375 0.98125 0.7328125 0.996875 0.7265625 0.9984375 0.671875 0.9984375 0.6671875 0.9953125 0.665625 0.996875 0.6609375 0.9953125 0.6296875 0.9984375 0.6 0.9984375 0.5984375 0.996875 0.596875 0.9984375 0.575 0.9984375 0.5734375 0.996875 0.5421875 0.9984375 0.5296875 0.9953125 0.525 0.9953125 0.5203125 0.9984375 0.515625 0.996875 0.5140625 0.9984375 0.509375 0.996875 0.4390625 0.996875 0.4375 0.9984375 0.4296875 0.996875 0.428125 0.9984375 0.4046875 0.9953125 0.3734375 0.996875 0.365625 0.99375 0.3609375 0.9875 0.3578125 0.9875 0.340625 0.9703125 0.334375 0.9671875 0.3125 0.9359375 0.3109375 0.9296875 0.303125 0.921875 0.2984375 0.9078125 0.2921875 0.9015625 0.2921875 0.8984375 0.31875 0.9015625 0.3328125 0.9078125 0.353125 0.9234375 0.3671875 0.921875 0.378125 0.928125 0.4015625 0.9328125 0.40625 0.9359375 0.4140625 0.9359375 0.4171875 0.9390625 0.434375 0.9421875 0.4484375 0.9484375 0.4578125 0.946875 0.4640625 0.9421875 0.4734375 0.9421875 0.4796875 0.9390625 0.4953125 0.9390625 0.496875 0.940625 0.5140625 0.9390625 0.5265625 0.9328125 0.534375 0.9328125 0.5390625 0.9296875 0.5484375 0.928125 0.5546875 0.9234375 0.58125 0.921875 0.5890625 0.915625 0.5921875 0.915625 0.615625 0.89375 0.6203125 0.8828125 0.628125 0.8765625 0.6328125 0.86875 0.646875 0.86875 0.6484375 0.859375 0.653125 0.8578125 0.6515625 0.8640625 0.6546875 0.8671875 0.65 0.8734375 0.65625 0.8765625 0.653125 0.884375 0.6609375 0.8875 0.6609375 0.890625 0.671875 0.9015625 0.6859375 0.9046875 0.7015625 0.9125 0.7046875 0.9078125 0.7046875 0.903125 0.71875 0.8953125 0.71875 0.8828125 0.7109375 0.8765625 0.7078125 0.8796875 0.7046875 0.8765625 0.7 0.8765625 0.69375 0.884375 0.6875 0.8859375 0.684375 0.8796875 0.6953125 0.86875 0.6859375 0.8609375 0.678125 0.8609375 0.6765625 0.8671875 0.6640625 0.8703125 0.66875 0.8625 0.6734375 0.8625 0.678125 0.8578125 0.678125 0.85 0.671875 0.8453125 0.6640625 0.85 0.6609375 0.8546875 0.659375 0.85 0.6546875 0.8515625 0.6515625 0.8484375 0.65625 0.846875 0.6671875 0.828125 0.6703125 0.828125 0.66875 0.83125 0.675 0.8359375 0.675 0.840625 0.678125 0.84375 0.6828125 0.8421875 0.6890625 0.8453125 0.6875 0.8484375 0.6921875 0.853125 0.7 0.85 0.703125 0.8546875 0.7078125 0.85625 0.7171875 0.8546875 0.7171875 0.8703125 0.7203125 0.875 0.725 0.8703125 0.725 0.8671875 0.734375 0.859375 0.7390625 0.8640625 0.74375 0.859375 0.740625 0.853125 0.7359375 0.853125 0.73125 0.8484375 0.7375 0.8484375 0.7421875 0.8546875 0.759375 0.8546875 0.7625 0.8578125 0.775 0.8546875 0.7796875 0.846875 0.771875 0.8375 0.771875 0.83125 0.7796875 0.8296875 0.78125 0.825 0.771875 0.8171875 0.775 0.8109375 0.784375 0.809375 0.7859375 0.8 0.7828125 0.796875 0.7703125 0.79375 0.771875 0.7875 0.775 0.7890625 0.778125 0.7859375 0.76875 0.7828125 0.7671875 0.778125 0.7703125 0.7734375 0.7625 0.759375 0.7625 0.7546875 0.7671875 0.75 0.765625 0.74375 0.7671875 0.734375 0.7609375 0.7234375 0.7609375 0.7125 0.74375 0.6796875
50 0.4328125 0.55625 0.434375 0.5578125 0.51875 0.5578125 0.528125 0.5609375 0.540625 0.5609375 0.5578125 0.5703125 0.5734375 0.575 0.5828125 0.575 0.596875 0.58125 0.6015625 0.58125 0.6046875 0.584375 0.609375 0.584375 0.6171875 0.590625 0.6296875 0.5953125 0.646875 0.60625 0.6578125 0.615625 0.6765625 0.6234375 0.6875 0.6328125 0.69375 0.634375 0.7125 0.6484375 0.715625 0.6484375 0.7171875 0.653125 0.728125 0.665625 0.728125 0.66875 0.7359375 0.675 0.7390625 0.6859375 0.7484375 0.696875 0.7578125 0.7265625 0.75625 0.7390625 0.7453125 0.746875 0.7265625 0.746875 0.725 0.75 0.728125 0.7515625 0.725 0.75 0.7203125 0.753125 0.715625 0.753125 0.7078125 0.759375 0.703125 0.75625 0.7 0.759375 0.696875 0.7578125 0.6890625 0.7609375 0.6796875 0.759375 0.6765625 0.7609375 0.6765625 0.7703125 0.68125 0.7734375 0.6828125 0.76875 0.6984375 0.765625 0.703125 0.775 0.7046875 0.771875 0.7078125 0.771875 0.70625 0.7765625 0.709375 0.78125 0.7203125 0.7796875 0.7234375 0.78125 0.7234375 0.7828125 0.71875 0.7828125 0.7140625 0.7890625 0.7109375 0.8 0.7109375 0.809375 0.7 0.81875 0.7015625 0.8234375 0.678125 0.8234375 0.6734375 0.8203125 0.66875 0.8203125 0.6671875 0.8171875 0.659375 0.821875 0.6546875 0.8265625 0.653125 0.8328125 0.6375 0.85 0.6203125 0.859375 0.61875 0.8625 0.6203125 0.8765625 0.615625 0.88125 0.6140625 0.8921875 0.603125 0.903125 0.5703125 0.9203125 0.553125 0.9203125 0.5515625 0.9234375 0.5234375 0.93125 0.5203125 0.934375 0.5109375 0.934375 0.5046875 0.9375 0.48125 0.934375 0.4609375 0.940625 0.4390625 0.940625 0.4359375 0.9375 0.4125 0.934375 0.3921875 0.9265625 0.384375 0.9265625 0.371875 0.9203125 0.3546875 0.91875 0.3484375 0.9140625 0.3375 0.9109375 0.33125 0.9046875 0.3234375 0.9046875 0.3140625 0.9 0.30625 0.9 0.2875 0.890625 0.271875 0.875 0.2703125 0.8703125 0.2578125 0.8640625 0.25 0.85625 0.25 0.853125 0.240625 0.84375 0.234375 0.8328125 0.2296875 0.821875 0.228125 0.8046875 0.209375 0.7609375 0.2078125 0.75 0.20625 0.7171875 0.209375 0.7046875 0.240625 0.6421875 0.271875 0.60625 0.309375 0.58125 0.3109375 0.578125 0.3265625 0.571875 0.340625 0.5703125 0.34375 0.5671875 0.3515625 0.5671875 0.3546875 0.5640625 0.36875 0.5640625 0.3734375 0.5609375 0.39375 0.5609375 0.4171875 0.55625 0.43125 0.55625
50 0.5640625 0.0328125 0.5671875 0.0359375 0.5921875 0.040625 0.596875 0.04375 0.603125 0.04375 0.621875 0.05 0.6296875 0.05 0.64375 0.05625 0.68125 0.0859375 0.696875 0.0921875 0.6984375 0.0953125 0.703125 0.0953125 0.7171875 0.1015625 0.7421875 0.121875 0.7484375 0.1234375 0.7625 0.1390625 0.7875 0.15625 0.8 0.1703125 0.80625 0.184375 0.8109375 0.1890625 0.8390625 0.1890625 0.8703125 0.2 0.8765625 0.2109375 0.875 0.2234375 0.8765625 0.228125 0.9203125 0.2640625 0.9640625 0.3203125 0.971875 0.353125 0.971875 0.378125 0.9703125 0.3890625 0.9671875 0.39375 0.9671875 0.4015625 0.9578125 0.4140625 0.95625 0.4234375 0.946875 0.440625 0.946875 0.446875 0.940625 0.45625 0.9359375 0.475 0.9296875 0.48125 0.9265625 0.49375 0.91875 0.5015625 0.915625 0.509375 0.909375 0.5140625 0.9046875 0.5234375 0.8953125 0.534375 0.884375 0.54375 0.853125 0.559375 0.834375 0.565625 0.821875 0.5734375 0.7921875 0.5828125 0.7859375 0.5828125 0.7796875 0.5859375 0.765625 0.5859375 0.759375 0.5890625 0.6859375 0.5890625 0.6578125 0.5828125 0.646875 0.5828125 0.6421875 0.5796875 0.6203125 0.578125 0.5984375 0.5703125 0.56875 0.565625 0.559375 0.559375 0.553125 0.559375 0.53125 0.55 0.5296875 0.546875 0.5234375 0.546875 0.4953125 0.5328125 0.490625 0.5328125 0.4859375 0.5265625 0.4703125 0.51875 0.4578125 0.503125 0.36875 0.503125 0.3296875 0.4890625 0.3234375 0.4890625 0.321875 0.4859375 0.3140625 0.484375 0.296875 0.475 0.278125 0.45625 0.26875 0.4515625 0.259375 0.4421875 0.2546875 0.4390625 0.25 0.4390625 0.2484375 0.4359375 0.240625 0.4328125 0.2375 0.428125 0.2296875 0.425 0.2203125 0.4109375 0.2109375 0.4015625 0.20625 0.3890625 0.1984375 0.378125 0.1953125 0.3609375 0.1890625 0.346875 0.19375 0.3484375 0.2015625 0.34375 0.203125 0.3390625 0.2 0.3359375 0.1953125 0.3390625 0.1921875 0.3359375 0.19375 0.33125 0.1875 0.328125 0.1859375 0.325 0.1828125 0.328125 0.18125 0.3234375 0.1828125 0.321875 0.1859375 0.325 0.1953125 0.3234375 0.2078125 0.325 0.21875 0.321875 0.21875 0.3140625 0.2125 0.3078125 0.2109375 0.2921875 0.20625 0.2859375 0.209375 0.275 0.209375 0.2546875 0.2125 0.2484375 0.2125 0.2375 0.2203125 0.225 0.2203125 0.2203125 0.2390625 0.1953125 0.240625 0.184375 0.2515625 0.159375 0.2609375 0.1484375 0.2609375 0.14375 0.265625 0.140625 0.2671875 0.1359375 0.2734375 0.1296875 0.29375 0.1125 0.3421875 0.090625 0.3703125 0.0734375 0.421875 0.053125 0.428125 0.053125 0.4328125 0.05 0.4515625 0.0453125 0.4734375 0.04375 0.4875 0.0390625 0.4984375 0.0390625 0.5 0.0359375 0.5078125 0.0359375 0.5109375 0.0328125 0.5625 0.0328125
50 0.2515625 0.115625 0.271875 0.109375 0.278125 0.1125 0.2796875 0.1203125 0.253125 0.153125 0.23125 0.2 0.23125 0.2046875 0.21875 0.221875 0.2171875 0.2296875 0.2109375 0.2390625 0.20625 0.2640625 0.2078125 0.2875 0.2171875 0.3140625 0.2171875 0.321875 0.23125 0.34375 0.2328125 0.3515625 0.2390625 0.359375 0.240625 0.3671875 0.24375 0.3671875 0.2484375 0.3734375 0.253125 0.36875 0.2515625 0.3671875 0.253125 0.36875 0.2578125 0.3671875 0.2609375 0.3640625 0.2609375 0.359375 0.2640625 0.359375 0.2671875 0.3625 0.271875 0.3734375 0.2703125 0.3765625 0.2734375 0.3796875 0.278125 0.38125 0.2796875 0.384375 0.29375 0.3875 0.3046875 0.38125 0.3203125 0.3796875 0.325 0.3765625 0.3265625 0.375 0.325 0.371875 0.3265625 0.359375 0.33125 0.3546875 0.3328125 0.346875 0.3359375 0.3453125 0.3390625 0.35625 0.3484375 0.353125 0.353125 0.3734375 0.3609375 0.3796875 0.3640625 0.3796875 0.3734375 0.390625 0.375 0.3890625 0.38125 0.3984375 0.378125 0.40625 0.38125 0.421875 0.3765625 0.425 0.3734375 0.4234375 0.365625 0.43125 0.3640625 0.4359375 0.3796875 0.4453125 0.3859375 0.446875 0.390625 0.4453125 0.415625 0.4546875 0.446875 0.45625 0.4515625 0.45 0.45625 0.4484375 0.4671875 0.45 0.471875 0.446875 0.4796875 0.4484375 0.484375 0.4546875 0.4890625 0.4546875 0.490625 0.45 0.4984375 0.44375 0.5203125 0.440625 0.5265625 0.434375 0.5359375 0.4328125 0.5421875 0.428125 0.565625 0.4265625 0.5734375 0.43125 0.571875 0.453125 0.5671875 0.4578125 0.5609375 0.4703125 0.5453125 0.4796875 0.5203125 0.4890625 0.4984375 0.4921875 0.4953125 0.4953125 0.4703125 0.4953125 0.4671875 0.4984375 0.446875 0.503125 0.428125 0.5015625 0.4265625 0.503125 0.409375 0.503125 0.4046875 0.50625 0.4 0.50625 0.3890625 0.503125 0.359375 0.5 0.3515625 0.4953125 0.34375 0.4953125 0.3421875 0.4921875 0.334375 0.4890625 0.321875 0.4875 0.303125 0.4796875 0.3015625 0.4765625 0.2921875 0.471875 0.2796875 0.453125 0.26875 0.4515625 0.2546875 0.4390625 0.246875 0.4359375 0.2453125 0.4328125 0.240625 0.4328125 0.2390625 0.4296875 0.2296875 0.4265625 0.21875 0.4125 0.209375 0.4046875 0.209375 0.4 0.2 0.3890625 0.1984375 0.378125 0.1875 0.35625 0.184375 0.340625 0.1734375 0.31875 0.1703125 0.290625 0.1703125 0.2625 0.175 0.246875 0.175 0.2390625 0.171875 0.2171875 0.175 0.20625 0.178125 0.203125 0.178125 0.1984375 0.184375 0.1921875 0.1890625 0.1828125 0.1921875 0.18125 0.209375 0.1578125 0.2234375 0.14375 0.2359375 0.1359375 0.2515625 0.1171875
50 0.8234375 0.19375 0.828125 0.19375 0.8359375 0.2015625 0.8265625 0.20625 0.8375 0.2125 0.85625 0.2125 0.8578125 0.2078125 0.8609375 0.2078125 0.8578125 0.2140625 0.8671875 0.2234375 0.8703125 0.2234375 0.884375 0.2328125 0.9265625 0.2703125 0.9265625 0.2734375 0.9328125 0.278125 0.9640625 0.31875 0.9671875 0.328125 0.9671875 0.3390625 0.971875 0.3484375 0.9734375 0.3765625 0.9671875 0.3953125 0.9671875 0.403125 0.9625 0.4078125 0.9578125 0.4171875 0.9578125 0.421875 0.9484375 0.4390625 0.9390625 0.4703125 0.9359375 0.4765625 0.9328125 0.478125 0.9265625 0.490625 0.9265625 0.4953125 0.9171875 0.5046875 0.903125 0.5265625 0.884375 0.5453125 0.8765625 0.546875 0.846875 0.5625 0.834375 0.565625 0.821875 0.5734375 0.7828125 0.5859375 0.76875 0.5859375 0.759375 0.5890625 0.740625 0.5890625 0.7390625 0.590625 0.684375 0.5890625 0.675 0.5859375 0.6640625 0.5859375 0.6546875 0.5828125 0.6109375 0.5765625 0.596875 0.5703125 0.578125 0.56875 0.5734375 0.565625 0.559375 0.5625 0.528125 0.546875 0.5234375 0.546875 0.490625 0.5328125 0.4890625 0.5296875 0.4703125 0.51875 0.4625 0.509375 0.465625 0.5046875 0.4734375 0.5046875 0.4765625 0.5015625 0.496875 0.5 0.5078125 0.496875 0.5109375 0.49375 0.5203125 0.49375 0.525 0.490625 0.5359375 0.4890625 0.5453125 0.484375 0.55 0.484375 0.5625 0.4765625 0.5734375 0.465625 0.5734375 0.459375 0.5828125 0.4453125 0.5828125 0.434375 0.5765625 0.425 0.5765625 0.41875 0.5796875 0.4125 0.5953125 0.4 0.603125 0.4015625 0.609375 0.39375 0.615625 0.3953125 0.621875 0.3921875 0.621875 0.3828125 0.6171875 0.378125 0.603125 0.3765625 0.603125 0.365625 0.6046875 0.3640625 0.6140625 0.365625 0.6328125 0.346875 0.6359375 0.3171875 0.6453125 0.3171875 0.646875 0.3140625 0.65625 0.3125 0.6671875 0.2953125 0.671875 0.2921875 0.665625 0.2859375 0.665625 0.2796875 0.678125 0.2734375 0.6859375 0.2734375 0.690625 0.26875 0.7046875 0.2671875 0.7109375 0.2640625 0.7171875 0.2640625 0.7234375 0.2671875 0.7296875 0.2625 0.74375 0.2609375 0.7796875 0.2625 0.8 0.2484375 0.803125 0.2421875 0.803125 0.234375 0.8109375 0.2234375 0.8125 0.20625 0.8234375 0.1953125
17 0.6467391304347826 0.601427115188583 0.6644021739130435 0.6116207951070336 0.6725543478260869 0.6106014271151886 0.6847826086956521 0.6238532110091743 0.7269021739130435 0.6513761467889909 0.733695652173913 0.6646279306829765 0.7445652173913043 0.671763506625892 0.7567934782608695 0.6697247706422018 0.7676630434782609 0.6799184505606524 0.7907608695652174 0.6860346585117227 0.8138586956521738 0.6982670744138634 0.8451086956521738 0.7339449541284404 0.84375 0.7482161060142711 0.8519021739130433 0.762487257900102 0.8695652173913043 0.7767584097859327 0.8831521739130433 0.7420998980632009 0.8872282608695652 0.7043832823649337 0.8763586956521738 0.6299694189602446 0.8627717391304348 0.6065239551478083 0.8709239130434783 0.5973496432212029 0.8736413043478259 0.5565749235474006 0.8668478260869564 0.5565749235474006 0.857336956521739 0.5677879714576963 0.84375 0.5677879714576963 0.8220108695652174 0.5790010193679919 0.7608695652173914 0.5953109072375128 0.7255434782608695 0.5973496432212029 0.6331521739130435 0.5871559633027523 0.6467391304347826 0.601427115188583
17 0.15353260869565216 0.9398572884811417 0.16032608695652173 0.9429153924566769 0.19701086956521738 0.9408766564729868 0.23097826086956524 0.9439347604485219 0.31385869565217395 0.9734964322120285 0.33016304347826086 0.9755351681957187 0.32065217391304346 0.9592252803261978 0.30842391304347827 0.9531090723751274 0.3043478260869565 0.9327217125382263 0.29483695652173914 0.9276248725790011 0.296195652173913 0.9215086646279307 0.2758152173913043 0.8899082568807339 0.264945652173913 0.8837920489296636 0.2622282608695652 0.8746177370030581 0.24728260869565216 0.8664627930682978 0.22826086956521738 0.8430173292558614 0.22010869565217392 0.8012232415902141 0.20923913043478262 0.7849133537206933 0.1983695652173913 0.7522935779816514 0.19701086956521738 0.7206931702344547 0.20244565217391303 0.7003058103975535 0.24728260869565216 0.6248725790010193 0.3029891304347826 0.5769622833843018 0.3342391304347826 0.5647298674821611 0.4116847826086956 0.5504587155963303 0.49728260869565216 0.5504587155963303 0.4796195652173913 0.5321100917431193 0.46603260869565216 0.527013251783894 0.3152173913043478 0.5035677879714577 0.22826086956521738 0.49439347604485223 0.20244565217391303 0.563710499490316 0.15353260869565216 0.8083588175331295 0.15353260869565216 0.9398572884811417
17 0.19157608695652173 0.48725790010193687 0.3505434782608695 0.5056065239551478 0.28940217391304346 0.472986748216106 0.21331521739130435 0.41794087665647306 0.1983695652173913 0.44036697247706424 0.19157608695652173 0.48725790010193687
17 0.2622282608695652 0.0998980632008155 0.28940217391304346 0.109072375127421 0.32065217391304346 0.09276248725790011 0.32608695652173914 0.0835881753312946 0.34375 0.08256880733944955 0.389945652173913 0.05504587155963303 0.45652173913043476 0.03975535168195719 0.4592391304347826 0.03567787971457696 0.42119565217391297 0.02854230377166157 0.389945652173913 0.030581039755351685 0.3654891304347826 0.02650356778797146 0.3355978260869565 0.03160040774719674 0.29483695652173914 0.027522935779816515 0.28532608695652173 0.03771661569826708 0.264945652173913 0.08868501529051989 0.2622282608695652 0.0998980632008155
17 0.6779891304347826 0.07747196738022426 0.7309782608695652 0.10499490316004079 0.8043478260869564 0.17023445463812437 0.8125 0.18246687054026506 0.8355978260869564 0.1834862385321101 0.875 0.19571865443425077 0.888586956521739 0.2273190621814475 0.9103260869565217 0.2507645259938838 0.9184782608695652 0.25178389398572887 0.9184782608695652 0.19775739041794088 0.8831521739130433 0.10805300713557595 0.8722826086956521 0.09480122324159021 0.8478260869565217 0.08256880733944955 0.8179347826086957 0.07543323139653416 0.718070652173913 0.06422018348623854 0.6915760869565217 0.05504587155963303 0.6847826086956521 0.05912334352701325 0.6616847826086956 0.0581039755351682 0.6779891304347826 0.07747196738022426