4 0.396875 0.35 0.4140625 0.3625 0.415625 0.3796875 0.43125 0.39375 0.446875 0.4015625 0.453125 0.4078125 0.4453125 0.41875 0.4421875 0.41875 0.434375 0.425 0.421875 0.4296875 0.4046875 0.440625 0.3890625 0.440625 0.3546875 0.41875 0.3421875 0.3859375 0.3421875 0.3796875 0.346875 0.3734375 0.390625 0.35 0.3953125 0.35
4 0.5078125 0.5015625 0.5296875 0.5125 0.534375 0.5296875 0.5328125 0.559375 0.525 0.575 0.5140625 0.5796875 0.5 0.5796875 0.49375 0.5828125 0.478125 0.5828125 0.459375 0.5703125 0.453125 0.5578125 0.4515625 0.54375 0.45625 0.5359375 0.459375 0.51875 0.46875 0.5078125 0.4921875 0.5015625 0.50625 0.5015625
4 0.4359375 0.5 0.4515625 0.5078125 0.45625 0.5171875 0.45625 0.525 0.453125 0.5375 0.446875 0.5484375 0.446875 0.553125 0.440625 0.559375 0.428125 0.565625 0.403125 0.565625 0.396875 0.5625 0.384375 0.5625 0.3796875 0.553125 0.3765625 0.525 0.3859375 0.5109375 0.390625 0.5109375 0.4015625 0.5046875 0.4171875 0.5 0.434375 0.5
4 0.465625 0.40625 0.4671875 0.4078125 0.509375 0.409375 0.5109375 0.4109375 0.509375 0.4265625 0.50625 0.4328125 0.5015625 0.4359375 0.49375 0.4296875 0.48125 0.425 0.475 0.425 0.46875 0.421875 0.4546875 0.421875 0.428125 0.4296875 0.4125 0.4453125 0.409375 0.4421875 0.4171875 0.434375 0.421875 0.43125 0.43125 0.4296875 0.4453125 0.4203125 0.45625 0.40625 0.4640625 0.40625
4 0.3890625 0.4421875 0.4078125 0.440625 0.4109375 0.446875 0.40625 0.4546875 0.396875 0.4515625 0.390625 0.44375
4 0.3546875 0.484375 0.3640625 0.490625 0.378125 0.5109375 0.375 0.521875 0.375 0.5359375 0.38125 0.5609375 0.3734375 0.5703125 0.3546875 0.5796875 0.3328125 0.5796875 0.3046875 0.56875 0.2953125 0.5625 0.28125 0.5453125 0.2765625 0.5234375 0.28125 0.5078125 0.29375 0.49375 0.315625 0.490625 0.3328125 0.484375 0.353125 0.484375
4 0.4640625 0.5765625 0.478125 0.584375 0.49375 0.584375 0.5 0.58125 0.5125 0.58125 0.5265625 0.5765625 0.5359375 0.58125 0.540625 0.58125 0.5515625 0.590625 0.5578125 0.6015625 0.559375 0.609375 0.5578125 0.61875 0.5546875 0.6234375 0.546875 0.6203125 0.5390625 0.6125 0.5 0.5984375 0.4796875 0.5859375 0.46875 0.5859375 0.4671875 0.5890625 0.4515625 0.59375 0.45 0.5921875 0.4515625 0.5890625 0.4625 0.578125
4 0.4796875 0.5875 0.503125 0.6015625 0.509375 0.6015625 0.5109375 0.6046875 0.5390625 0.6140625 0.553125 0.625 0.559375 0.6421875 0.559375 0.65 0.55625 0.65625 0.5390625 0.6734375 0.528125 0.6765625 0.51875 0.6765625 0.50625 0.68125 0.4859375 0.68125 0.4703125 0.6765625 0.4671875 0.6734375 0.45625 0.6703125 0.4484375 0.665625 0.44375 0.659375 0.4390625 0.6578125 0.4375 0.65 0.4375 0.615625 0.4390625 0.6125 0.4453125 0.60625 0.45 0.596875 0.4625 0.590625 0.4671875 0.590625 0.4703125 0.5875 0.478125 0.5875
4 0.4078125 0.5671875 0.421875 0.571875 0.428125 0.578125 0.440625 0.584375 0.446875 0.5921875 0.446875 0.6 0.4359375 0.6140625 0.434375 0.640625 0.4265625 0.6546875 0.40625 0.665625 0.384375 0.6703125 0.3625 0.665625 0.3515625 0.659375 0.34375 0.6515625 0.340625 0.6375 0.3359375 0.6296875 0.3359375 0.6171875 0.3453125 0.5953125 0.3546875 0.584375 0.365625 0.5765625 0.3828125 0.5671875 0.40625 0.5671875
4 0.4734375 0.425 0.49375 0.43125 0.5015625 0.4390625 0.4984375 0.453125 0.4921875 0.4671875 0.4953125 0.4953125 0.484375 0.4953125 0.4796875 0.4984375 0.4640625 0.5015625 0.45 0.5015625 0.43125 0.4953125 0.428125 0.484375 0.409375 0.4609375 0.409375 0.453125 0.421875 0.4375 0.4390625 0.4265625 0.45 0.4234375 0.471875 0.425
4 0.609375 0.5078125 0.6234375 0.5125 0.634375 0.5234375 0.6390625 0.5359375 0.6375 0.55 0.6265625 0.55625 0.61875 0.565625 0.6 0.5796875 0.5828125 0.5859375 0.56875 0.5875 0.5515625 0.5859375 0.53125 0.575 0.53125 0.5640625 0.5359375 0.553125 0.534375 0.5171875 0.5390625 0.5140625 0.584375 0.515625 0.5921875 0.5140625 0.603125 0.5078125 0.6078125 0.5078125
4 0.371875 0.43125 0.378125 0.4375 0.390625 0.44375 0.4078125 0.4609375 0.421875 0.478125 0.4234375 0.4828125 0.4265625 0.484375 0.4265625 0.4953125 0.3953125 0.50625 0.38125 0.50625 0.3640625 0.4859375 0.35625 0.4828125 0.34375 0.4671875 0.3421875 0.4609375 0.3296875 0.4421875 0.328125 0.4359375 0.3328125 0.43125 0.3484375 0.4296875 0.3703125 0.43125
4 0.4515625 0.41875 0.4578125 0.40625 0.509375 0.409375 0.5109375 0.4109375 0.509375 0.4265625 0.5015625 0.4359375 0.49375 0.4296875 0.4796875 0.425 0.46875 0.421875 0.453125 0.421875 0.453125 0.4203125
4 0.3453125 0.40625 0.35 0.4109375 0.35 0.415625 0.359375 0.425 0.359375 0.428125 0.33125 0.4296875 0.3265625 0.434375 0.3265625 0.4390625 0.3328125 0.4515625 0.340625 0.4609375 0.3421875 0.4671875 0.35 0.4765625 0.35 0.4796875 0.3296875 0.4796875 0.31875 0.475 0.3125 0.475 0.3109375 0.471875 0.3046875 0.46875 0.303125 0.4609375 0.2921875 0.4453125 0.2921875 0.43125 0.2953125 0.425 0.3125 0.4078125 0.34375 0.40625
29 0.41983695652173914 0.38022426095820594 0.4538043478260869 0.40366972477064217 0.4728260869565217 0.4057084607543323 0.5108695652173914 0.40672782874617736 0.529891304347826 0.3944954128440367 0.5570652173913043 0.38634046890927626 0.5733695652173914 0.38837920489296635 0.5869565217391304 0.37410805300713557 0.5978260869565217 0.34454638124362896 0.595108695652174 0.33333333333333337 0.5557065217391304 0.29561671763506625 0.5081521739130435 0.2884811416921509 0.46739130434782605 0.290519877675841 0.42119565217391297 0.3211009174311927 0.4171195652173913 0.3312945973496432 0.41983695652173914 0.38022426095820594
29 0.5489130434782609 0.5045871559633028 0.5720108695652174 0.5117227319062182 0.5910326086956521 0.5107033639143731 0.623641304347826 0.490316004077472 0.6508152173913043 0.43119266055045874 0.669836956521739 0.4250764525993884 0.6793478260869565 0.4159021406727829 0.688858695652174 0.40061162079510704 0.6820652173913043 0.37512742099898067 0.639945652173913 0.35372069317023447 0.6059782608695652 0.36595310907237516 0.577445652173913 0.38837920489296635 0.5407608695652174 0.43832823649337416 0.5489130434782609 0.5045871559633028
29 0.623641304347826 0.49439347604485223 0.6453804347826086 0.54638124362895 0.6521739130434783 0.5484199796126401 0.669836956521739 0.5443425076452599 0.6834239130434783 0.5474006116207951 0.7214673913043479 0.5861365953109072 0.7622282608695652 0.5759429153924567 0.7880434782608695 0.5402650356778798 0.782608695652174 0.47808358817533125 0.7758152173913043 0.46075433231396534 0.7282608695652174 0.4322120285423038 0.7051630434782609 0.4240570846075434 0.686141304347826 0.42201834862385323 0.6603260869565217 0.42915392456676865 0.6467391304347826 0.44240570846075433 0.623641304347826 0.49439347604485223
29 0.5570652173913043 0.6330275229357798 0.561141304347826 0.6503567787971458 0.5570652173913043 0.6636085626911316 0.5625 0.672782874617737 0.5842391304347826 0.6921508664627931 0.6019021739130435 0.6992864424057085 0.6467391304347826 0.6992864424057085 0.6589673913043479 0.6962283384301733 0.6725543478260869 0.6860346585117227 0.7092391304347826 0.6513761467889909 0.720108695652174 0.5891946992864424 0.6915760869565217 0.5565749235474006 0.6807065217391304 0.5484199796126401 0.6671195652173914 0.5474006116207951 0.6331521739130435 0.5545361875637105 0.6046195652173914 0.5769622833843018 0.5692934782608695 0.5922528032619776 0.5597826086956521 0.6055045871559633 0.5570652173913043 0.6330275229357798
29 0.4945652173913043 0.4740061162079511 0.501358695652174 0.4954128440366973 0.53125 0.5096839959225281 0.5584239130434783 0.508664627930683 0.5448369565217391 0.49439347604485223 0.5380434782608695 0.4413863404689093 0.5720108695652174 0.3893985728848114 0.5529891304347826 0.3893985728848114 0.5176630434782609 0.4046890927624872 0.5 0.44954128440366975 0.4945652173913043 0.4740061162079511