44 0.3953125 0.5671875 0.415625 0.571875 0.4171875 0.575 0.4265625 0.5796875 0.4359375 0.590625 0.4359375 0.60625 0.4328125 0.6171875 0.4265625 0.625 0.4234375 0.6359375 0.415625 0.64375 0.415625 0.646875 0.390625 0.66875 0.384375 0.6796875 0.378125 0.6796875 0.365625 0.6859375 0.359375 0.684375 0.3546875 0.6859375 0.34375 0.6828125 0.3421875 0.6796875 0.3359375 0.678125 0.3328125 0.6734375 0.3125 0.671875 0.296875 0.659375 0.290625 0.646875 0.28125 0.646875 0.2734375 0.64375 0.2703125 0.6390625 0.2703125 0.63125 0.28125 0.6078125 0.3125 0.584375 0.31875 0.58125 0.328125 0.58125 0.3390625 0.575 0.3609375 0.5671875 0.39375 0.5671875
44 0.759375 0.315625 0.784375 0.3203125 0.80625 0.3296875 0.8140625 0.3375 0.8203125 0.3484375 0.821875 0.3734375 0.8109375 0.384375 0.8015625 0.3984375 0.79375 0.4046875 0.784375 0.409375 0.7625 0.4125 0.75625 0.415625 0.75 0.415625 0.725 0.40625 0.6890625 0.4046875 0.6828125 0.4015625 0.6578125 0.4015625 0.6578125 0.3953125 0.659375 0.39375 0.659375 0.378125 0.6625 0.36875 0.6828125 0.34375 0.7375 0.3171875 0.7578125 0.315625
44 0.7859375 0.4140625 0.790625 0.4171875 0.7890625 0.453125 0.790625 0.4609375 0.7984375 0.4765625 0.7953125 0.478125 0.771875 0.4765625 0.759375 0.4796875 0.7453125 0.4796875 0.7453125 0.4734375 0.7546875 0.45625 0.7546875 0.4265625 0.7515625 0.421875 0.75625 0.4171875 0.7625 0.4171875 0.7671875 0.4140625 0.784375 0.4140625
44 0.6390625 0.4765625 0.6609375 0.4875 0.675 0.4984375 0.675 0.5046875 0.665625 0.515625 0.6484375 0.5203125 0.64375 0.5203125 0.6359375 0.515625 0.634375 0.5109375 0.621875 0.4984375 0.609375 0.4921875 0.6046875 0.4921875 0.603125 0.4890625 0.59375 0.4890625 0.5890625 0.4859375 0.578125 0.484375 0.55625 0.484375 0.553125 0.48125 0.5625 0.459375 0.5671875 0.4546875 0.5890625 0.44375 0.6015625 0.440625 0.6046875 0.4375 0.615625 0.4359375 0.6203125 0.4359375 0.6203125 0.4421875 0.6171875 0.4484375 0.6171875 0.4546875 0.6203125 0.4609375 0.628125 0.4703125 0.63125 0.4703125 0.6375 0.4765625
44 0.678125 0.4046875 0.725 0.409375 0.734375 0.4140625 0.740625 0.4140625 0.7484375 0.4203125 0.753125 0.428125 0.753125 0.4546875 0.7421875 0.4765625 0.7359375 0.4828125 0.7234375 0.4859375 0.70625 0.4953125 0.6828125 0.4953125 0.671875 0.4921875 0.646875 0.4796875 0.625 0.465625 0.6203125 0.45625 0.6203125 0.4453125 0.628125 0.4234375 0.634375 0.4171875 0.65 0.4078125 0.6765625 0.40625
44 0.5828125 0.4875 0.5875 0.490625 0.60625 0.49375 0.621875 0.5015625 0.634375 0.515625 0.6453125 0.5421875 0.6453125 0.5515625 0.6234375 0.5828125 0.6109375 0.596875 0.5921875 0.60625 0.55625 0.60625 0.5234375 0.6 0.4953125 0.5828125 0.4828125 0.5609375 0.4828125 0.546875 0.4875 0.5328125 0.490625 0.525 0.5015625 0.5109375 0.5046875 0.5109375 0.515625 0.5015625 0.540625 0.49375 0.54375 0.490625 0.55 0.490625 0.5546875 0.4875 0.58125 0.4875
44 0.7140625 0.7296875 0.71875 0.73125 0.7265625 0.7390625 0.728125 0.746875 0.734375 0.753125 0.7390625 0.7515625 0.746875 0.7609375 0.7546875 0.7625 0.76875 0.771875 0.771875 0.7796875 0.7796875 0.7859375 0.784375 0.796875 0.784375 0.8109375 0.7796875 0.81875 0.7796875 0.8234375 0.7703125 0.8328125 0.7421875 0.840625 0.734375 0.8453125 0.7046875 0.846875 0.6859375 0.853125 0.6703125 0.853125 0.66875 0.8515625 0.64375 0.853125 0.63125 0.846875 0.61875 0.834375 0.6109375 0.8296875 0.6078125 0.821875 0.6078125 0.7984375 0.6046875 0.790625 0.6046875 0.78125 0.60625 0.778125 0.6375 0.7578125 0.6484375 0.7578125 0.6671875 0.7484375 0.675 0.7484375 0.6828125 0.7453125 0.6984375 0.7328125 0.7125 0.7296875
44 0.634375 0.621875 0.6375 0.625 0.653125 0.6296875 0.6671875 0.640625 0.671875 0.640625 0.684375 0.6484375 0.6953125 0.6609375 0.696875 0.665625 0.7078125 0.675 0.7140625 0.6859375 0.7109375 0.70625 0.70625 0.7171875 0.696875 0.7296875 0.6890625 0.7328125 0.6765625 0.74375 0.659375 0.746875 0.646875 0.753125 0.6359375 0.753125 0.625 0.75 0.60625 0.75 0.5890625 0.740625 0.5734375 0.7359375 0.5640625 0.7296875 0.5484375 0.7125 0.5421875 0.703125 0.5390625 0.690625 0.53125 0.6765625 0.53125 0.6625 0.5359375 0.653125 0.553125 0.634375 0.5640625 0.6265625 0.575 0.625 0.5796875 0.621875 0.5953125 0.6203125 0.6328125 0.621875
44 0.7796875 0.5984375 0.7828125 0.6015625 0.790625 0.6015625 0.7953125 0.6046875 0.7984375 0.6203125 0.8015625 0.625 0.8015625 0.63125 0.8109375 0.646875 0.8109375 0.6546875 0.784375 0.6546875 0.775 0.65625 0.7703125 0.659375 0.7625 0.659375 0.7546875 0.6640625 0.746875 0.6609375 0.75 0.65 0.75 0.6265625 0.74375 0.6109375 0.74375 0.6046875 0.746875 0.6015625 0.7578125 0.5984375 0.778125 0.5984375
44 0.5046875 0.43125 0.509375 0.434375 0.51875 0.4359375 0.540625 0.453125 0.546875 0.465625 0.546875 0.478125 0.5390625 0.4890625 0.5265625 0.4921875 0.51875 0.4984375 0.5125 0.5 0.50625 0.50625 0.490625 0.5140625 0.465625 0.5125 0.4375 0.4953125 0.43125 0.4671875 0.434375 0.4546875 0.4390625 0.446875 0.4484375 0.440625 0.4625 0.434375 0.4671875 0.434375 0.4703125 0.43125 0.48125 0.4296875 0.503125 0.43125
44 0.690625 0.578125 0.7109375 0.584375 0.7171875 0.584375 0.71875 0.5875 0.7265625 0.590625 0.7375 0.6015625 0.746875 0.621875 0.7484375 0.6484375 0.74375 0.659375 0.7375 0.665625 0.73125 0.6671875 0.715625 0.678125 0.7109375 0.6765625 0.6984375 0.665625 0.6953125 0.6578125 0.6875 0.6484375 0.678125 0.64375 0.6765625 0.640625 0.6359375 0.6203125 0.615625 0.6171875 0.615625 0.6125 0.628125 0.5984375 0.6453125 0.590625 0.646875 0.5875 0.66875 0.578125 0.6890625 0.578125
44 0.6859375 0.521875 0.696875 0.54375 0.696875 0.5515625 0.6875 0.5609375 0.6859375 0.56875 0.678125 0.565625 0.6765625 0.55625 0.665625 0.5578125 0.6515625 0.55 0.6453125 0.5359375 0.6453125 0.53125 0.65 0.525 0.678125 0.5203125 0.684375 0.521875
44 0.78125 0.4796875 0.809375 0.484375 0.821875 0.490625 0.8234375 0.49375 0.8390625 0.5046875 0.8484375 0.5203125 0.85 0.5296875 0.840625 0.553125 0.815625 0.559375 0.80625 0.56875 0.8015625 0.5703125 0.7875 0.5703125 0.7765625 0.575 0.765625 0.5765625 0.7375 0.5734375 0.7265625 0.56875 0.7171875 0.559375 0.7140625 0.559375 0.6984375 0.54375 0.69375 0.5296875 0.69375 0.51875 0.703125 0.5015625 0.7203125 0.490625 0.740625 0.484375 0.7796875 0.4796875
44 0.3171875 0.678125 0.33125 0.684375 0.3421875 0.684375 0.353125 0.690625 0.365625 0.6921875 0.3703125 0.6953125 0.3734375 0.7046875 0.38125 0.715625 0.3765625 0.7359375 0.3734375 0.740625 0.371875 0.753125 0.3609375 0.7734375 0.34375 0.790625 0.3421875 0.796875 0.3328125 0.80625 0.325 0.809375 0.309375 0.8078125 0.303125 0.8109375 0.278125 0.8109375 0.2578125 0.8046875 0.2484375 0.79375 0.2109375 0.7828125 0.1984375 0.7703125 0.1984375 0.765625 0.1953125 0.7609375 0.1953125 0.75 0.203125 0.73125 0.209375 0.721875 0.2328125 0.7015625 0.2546875 0.6953125 0.2609375 0.690625 0.278125 0.690625 0.290625 0.6875 0.2921875 0.684375 0.296875 0.684375 0.3015625 0.68125 0.315625 0.6796875
44 0.5484375 0.721875 0.5515625 0.721875 0.553125 0.725 0.55625 0.725 0.571875 0.7375 0.5984375 0.7484375 0.603125 0.7484375 0.6046875 0.7515625 0.6234375 0.753125 0.628125 0.75625 0.628125 0.759375 0.6203125 0.7671875 0.6171875 0.7671875 0.609375 0.7734375 0.603125 0.775 0.5953125 0.7734375 0.5734375 0.75625 0.5421875 0.746875 0.53125 0.740625 0.5375 0.7390625 0.54375 0.73125 0.54375 0.725 0.5484375 0.7234375
44 0.54375 0.75 0.571875 0.7578125 0.5984375 0.778125 0.6 0.7875 0.603125 0.7921875 0.603125 0.825 0.5921875 0.8375 0.5671875 0.85625 0.5515625 0.8640625 0.540625 0.8640625 0.5234375 0.86875 0.4796875 0.8671875 0.46875 0.8640625 0.4671875 0.8609375 0.4578125 0.85625 0.4515625 0.85625 0.4390625 0.85 0.4375 0.8453125 0.4171875 0.8265625 0.4140625 0.8203125 0.4125 0.8140625 0.4140625 0.7890625 0.41875 0.778125 0.43125 0.765625 0.4546875 0.7515625 0.4734375 0.7515625 0.4796875 0.7484375 0.5015625 0.7484375 0.503125 0.746875 0.5265625 0.746875 0.5421875 0.75
44 0.853125 0.525 0.8640625 0.528125 0.8734375 0.5375 0.8765625 0.54375 0.8765625 0.5484375 0.8734375 0.5515625 0.846875 0.553125 0.8453125 0.55 0.846875 0.540625 0.853125 0.5265625
44 0.3953125 0.7328125 0.440625 0.7484375 0.4421875 0.7515625 0.415625 0.778125 0.4125 0.7859375 0.409375 0.8140625 0.4203125 0.8375 0.415625 0.840625 0.4078125 0.840625 0.3953125 0.846875 0.3890625 0.846875 0.3828125 0.85 0.3640625 0.85 0.3390625 0.840625 0.328125 0.8328125 0.3203125 0.8234375 0.31875 0.8125 0.3328125 0.809375 0.3421875 0.8 0.3453125 0.7921875 0.3640625 0.778125 0.365625 0.7703125 0.371875 0.7609375 0.375 0.7453125 0.3875 0.73125 0.39375 0.7328125
44 0.875 0.5546875 0.8859375 0.5609375 0.9046875 0.5671875 0.921875 0.578125 0.9234375 0.58125 0.9265625 0.58125 0.934375 0.590625 0.946875 0.6 0.95625 0.6125 0.9546875 0.6265625 0.946875 0.6328125 0.9359375 0.646875 0.9046875 0.6671875 0.8796875 0.671875 0.8546875 0.6703125 0.8515625 0.6671875 0.8234375 0.6578125 0.8078125 0.6390625 0.803125 0.6296875 0.8 0.6125 0.8 0.5875 0.803125 0.5828125 0.803125 0.578125 0.815625 0.5640625 0.8203125 0.5640625 0.8234375 0.5609375 0.8359375 0.5609375 0.8453125 0.55625 0.8734375 0.5546875
44 0.6125 0.60625 0.6140625 0.609375 0.6125 0.6140625 0.6078125 0.6171875 0.584375 0.61875 0.5765625 0.6203125 0.5734375 0.6234375 0.5640625 0.6234375 0.546875 0.640625 0.5421875 0.6421875 0.5328125 0.653125 0.5296875 0.653125 0.5234375 0.64375 0.5328125 0.621875 0.5421875 0.6109375 0.55625 0.6078125 0.5859375 0.609375 0.6109375 0.60625
44 0.465625 0.628125 0.4734375 0.63125 0.4875 0.63125 0.5046875 0.64375 0.51875 0.646875 0.5296875 0.6578125 0.528125 0.665625 0.5296875 0.68125 0.540625 0.70625 0.540625 0.7140625 0.5171875 0.7328125 0.5078125 0.7375 0.4796875 0.740625 0.4703125 0.74375 0.440625 0.7421875 0.425 0.7359375 0.41875 0.7359375 0.40625 0.7296875 0.396875 0.7203125 0.3859375 0.703125 0.3859375 0.6921875 0.396875 0.675 0.396875 0.671875 0.415625 0.65625 0.421875 0.6453125 0.4375 0.634375 0.45625 0.628125 0.4640625 0.628125
44 0.26875 0.65 0.271875 0.6484375 0.2890625 0.65 0.2921875 0.65625 0.3125 0.675 0.3109375 0.678125 0.2984375 0.6796875 0.2921875 0.6828125 0.290625 0.6859375 0.271875 0.6859375 0.2703125 0.6875 0.2578125 0.6859375 0.2609375 0.6671875 0.26875 0.6515625
44 0.471875 0.540625 0.478125 0.54375 0.4796875 0.546875 0.48125 0.5640625 0.4875 0.571875 0.4921875 0.5828125 0.5140625 0.5984375 0.525 0.6015625 0.5328125 0.609375 0.5296875 0.615625 0.5171875 0.6265625 0.50625 0.63125 0.496875 0.63125 0.484375 0.6265625 0.465625 0.6265625 0.459375 0.6234375 0.4453125 0.6234375 0.4375 0.6140625 0.4390625 0.5921875 0.4375 0.5875 0.4265625 0.5765625 0.4265625 0.5703125 0.4390625 0.5515625 0.4484375 0.54375 0.45625 0.540625 0.4703125 0.540625
44 0.8171875 0.659375 0.8328125 0.6640625 0.8390625 0.66875 0.853125 0.671875 0.8640625 0.678125 0.8734375 0.6890625 0.884375 0.709375 0.8828125 0.7328125 0.871875 0.753125 0.85 0.7640625 0.825 0.7671875 0.81875 0.7703125 0.790625 0.7703125 0.7734375 0.7671875 0.7703125 0.7640625 0.765625 0.7640625 0.75625 0.759375 0.740625 0.7453125 0.7390625 0.7390625 0.7328125 0.7328125 0.725 0.7171875 0.725 0.7046875 0.7296875 0.6875 0.7359375 0.68125 0.7484375 0.675 0.753125 0.66875 0.7671875 0.6609375 0.78125 0.6578125 0.8140625 0.6578125 0.815625 0.659375
44 0.6859375 0.521875 0.6890625 0.5234375 0.696875 0.5453125 0.7171875 0.5640625 0.7203125 0.5703125 0.7296875 0.575 0.73125 0.584375 0.728125 0.5890625 0.7171875 0.5828125 0.7 0.5796875 0.6859375 0.5734375 0.6640625 0.5765625 0.646875 0.584375 0.6515625 0.575 0.6453125 0.56875 0.640625 0.5703125 0.640625 0.565625 0.646875 0.55625 0.6484375 0.5484375 0.6453125 0.5359375 0.646875 0.528125 0.65 0.525 0.6671875 0.521875 0.684375 0.521875
44 0.740625 0.58125 0.7453125 0.578125 0.76875 0.578125 0.784375 0.5734375 0.7953125 0.5734375 0.8 0.575 0.8015625 0.578125 0.796875 0.5890625 0.7953125 0.603125 0.7796875 0.596875 0.7671875 0.5953125 0.7453125 0.5984375 0.740625 0.59375 0.74375 0.5875 0.74375 0.584375 0.740625 0.5828125
44 0.875 0.3796875 0.896875 0.390625 0.9015625 0.390625 0.9234375 0.403125 0.9296875 0.4109375 0.9421875 0.4203125 0.94375 0.428125 0.9515625 0.440625 0.9515625 0.4484375 0.9453125 0.459375 0.93125 0.46875 0.9265625 0.475 0.9171875 0.4796875 0.8953125 0.5 0.884375 0.503125 0.8515625 0.5 0.84375 0.496875 0.8390625 0.4921875 0.8234375 0.4890625 0.821875 0.4859375 0.81875 0.4859375 0.8046875 0.4765625 0.7921875 0.4578125 0.7921875 0.434375 0.7953125 0.4203125 0.803125 0.409375 0.8078125 0.396875 0.8125 0.3921875 0.8125 0.3875 0.8203125 0.3796875 0.825 0.3765625 0.8609375 0.3765625 0.8671875 0.3796875 0.8734375 0.3796875
52 0.016304347826086956 0.6024464831804281 0.029891304347826088 0.6299694189602446 0.04755434782608696 0.6523955147808359 0.08967391304347826 0.691131498470948 0.13043478260869565 0.7563710499490316 0.1644021739130435 0.780835881753313 0.1983695652173913 0.780835881753313 0.19157608695652173 0.7604485219164119 0.1956521739130435 0.7380224260958206 0.21739130434782608 0.7104994903160041 0.23505434782608697 0.6962283384301733 0.24728260869565216 0.6921508664627931 0.2622282608695652 0.6585117227319063 0.26358695652173914 0.6391437308868502 0.2730978260869565 0.6156982670744139 0.30570652173913043 0.5840978593272171 0.31657608695652173 0.5657492354740061 0.30842391304347827 0.5239551478083588 0.3016304347826087 0.5188583078491336 0.24592391304347827 0.5219164118246687 0.021739130434782608 0.582059123343527 0.01766304347826087 0.5891946992864424 0.016304347826086956 0.6024464831804281
52 0.27717391304347827 0.4852191641182467 0.2934782608695652 0.5045871559633028 0.3070652173913043 0.5117227319062182 0.3546195652173913 0.5219164118246687 0.4307065217391305 0.5504587155963303 0.45244565217391297 0.5382262996941896 0.47010869565217395 0.5341488277268094 0.47690217391304346 0.5290519877675841 0.47690217391304346 0.5219164118246687 0.44565217391304346 0.5045871559633028 0.4334239130434782 0.49235474006116214 0.42527173913043476 0.47196738022426094 0.42934782608695654 0.45565749235474007 0.4470108695652174 0.43832823649337416 0.4945652173913043 0.42303771661569833 0.5054347826086956 0.3761467889908257 0.46739130434782605 0.381243628950051 0.3070652173913043 0.44240570846075433 0.28804347826086957 0.45361875637105 0.27989130434782605 0.46687054026503566 0.27717391304347827 0.4852191641182467
52 0.5 0.4250764525993884 0.5190217391304348 0.4332313965341489 0.5570652173913043 0.46279306829765543 0.5788043478260869 0.4454638124362895 0.6168478260869565 0.4322120285423038 0.626358695652174 0.41997961264016315 0.6508152173913043 0.4046890927624872 0.657608695652174 0.3690112130479103 0.6480978260869565 0.36187563710499493 0.6168478260869565 0.35270132517838937 0.5665760869565217 0.3414882772680938 0.5366847826086956 0.3394495412844037 0.5230978260869565 0.34964322120285424 0.5067934782608695 0.3853211009174312 0.5 0.4250764525993884
52 0.23097826086956524 0.35677879714576965 0.23505434782608697 0.35881753312945974 0.264945652173913 0.35372069317023447 0.3233695652173913 0.3720693170234455 0.36277173913043476 0.3669724770642202 0.42934782608695654 0.36799184505606525 0.4592391304347826 0.35270132517838937 0.4538043478260869 0.3312945973496432 0.40625 0.290519877675841 0.3817934782608695 0.2619775739041794 0.360054347826087 0.24464831804281348 0.34782608695652173 0.24159021406727826 0.3192934782608695 0.22324159021406728 0.30027173913043476 0.22324159021406728 0.2934782608695652 0.2273190621814475 0.23369565217391303 0.3476044852191641 0.23097826086956524 0.35677879714576965
52 0.21875 0.381243628950051 0.21875 0.3904179408766565 0.22282608695652173 0.4301732925586137 0.23641304347826084 0.4831804281345565 0.266304347826087 0.5117227319062182 0.2866847826086957 0.5137614678899083 0.29483695652173914 0.5076452599388379 0.27445652173913043 0.4821610601427115 0.2866847826086957 0.45361875637105 0.31657608695652173 0.43730886850152906 0.37228260869565216 0.41692150866462796 0.3804347826086957 0.40366972477064217 0.3654891304347826 0.39245667686034663 0.28940217391304346 0.3608562691131499 0.26358695652173914 0.35677879714576965 0.2296195652173913 0.363914373088685 0.21875 0.381243628950051
52 0.13994565217391303 0.48114169215086644 0.19157608695652173 0.48929663608562696 0.22418478260869565 0.5096839959225281 0.23369565217391303 0.5035677879714577 0.23369565217391303 0.4933741080530072 0.2214673913043478 0.4678899082568807 0.21467391304347827 0.37920489296636084 0.19429347826086957 0.3690112130479103 0.16576086956521738 0.36799184505606525 0.1480978260869565 0.37410805300713557 0.13858695652173914 0.3873598369011213 0.13994565217391303 0.48114169215086644
52 0.028532608695652172 0.5076452599388379 0.07472826086956522 0.5677879714576963 0.12907608695652173 0.5555555555555556 0.14402173913043478 0.5565749235474006 0.15353260869565216 0.5484199796126401 0.22282608695652173 0.5249745158002039 0.22282608695652173 0.5178389398572885 0.20923913043478262 0.5005096839959225 0.1875 0.490316004077472 0.1671195652173913 0.4862385321100918 0.06929347826086957 0.4841997961264016 0.042119565217391304 0.48929663608562696 0.029891304347826088 0.49847094801223246 0.028532608695652172 0.5076452599388379
52 0.07744565217391304 0.41386340468909283 0.08288043478260869 0.43119266055045874 0.10869565217391304 0.4689092762487258 0.12907608695652173 0.47808358817533125 0.1358695652173913 0.4658511722731906 0.13722826086956522 0.382262996941896 0.10869565217391304 0.382262996941896 0.09239130434782608 0.38837920489296635 0.08016304347826086 0.399592252803262 0.07744565217391304 0.41386340468909283
52 0.40353260869565216 0.2619775739041794 0.41983695652173914 0.24464831804281348 0.47146739130434784 0.273190621814475 0.4850543478260869 0.290519877675841 0.4932065217391304 0.31702344546381245 0.501358695652174 0.3190621814475026 0.5081521739130435 0.3312945973496432 0.5230978260869565 0.3414882772680938 0.53125 0.33843017329255864 0.5692934782608695 0.34046890927624873 0.6372282608695652 0.35677879714576965 0.6372282608695652 0.3516819571865443 0.6100543478260869 0.32619775739041795 0.5244565217391304 0.27930682976554533 0.4945652173913043 0.25484199796126406 0.4646739130434782 0.23751274209989806 0.4307065217391305 0.23343527013251783 0.40760869565217395 0.23751274209989806 0.40353260869565216 0.24362895005096843 0.40353260869565216 0.2619775739041794
52 0.3967391304347826 0.2579001019367992 0.3967391304347826 0.27217125382262997 0.40353260869565216 0.2833843017329256 0.45108695652173914 0.32619775739041795 0.4619565217391305 0.3476044852191641 0.46059782608695654 0.35372069317023447 0.4415760869565217 0.3649337410805301 0.44565217391304346 0.37920489296636084 0.4633152173913043 0.37920489296636084 0.5040760869565217 0.3700305810397554 0.5176630434782609 0.3516819571865443 0.47690217391304346 0.27930682976554533 0.43885869565217395 0.2507645259938838 0.41847826086956524 0.24260958205912336 0.41440217391304346 0.24974515800203875 0.40353260869565216 0.25178389398572887 0.3967391304347826 0.2579001019367992
52 0.33695652173913043 0.37920489296636084 0.36820652173913043 0.39143730886850153 0.389945652173913 0.40876656472986744 0.4375 0.3904179408766565 0.4415760869565217 0.3720693170234455 0.43614130434782605 0.3669724770642202 0.3654891304347826 0.3690112130479103 0.3383152173913043 0.37512742099898067 0.33695652173913043 0.37920489296636084
52 0.5 0.4250764525993884 0.5190217391304348 0.4332313965341489 0.5570652173913043 0.46279306829765543 0.5788043478260869 0.4454638124362895 0.6168478260869565 0.4322120285423038 0.626358695652174 0.41997961264016315 0.6508152173913043 0.4046890927624872 0.657608695652174 0.36799184505606525 0.6426630434782609 0.35983690112130484 0.5665760869565217 0.3414882772680938 0.532608695652174 0.34046890927624873 0.5230978260869565 0.34964322120285424 0.5067934782608695 0.3853211009174312 0.501358695652174 0.4159021406727829 0.5 0.4250764525993884
52 0.19429347826086957 0 0.2010869565217391 0.019367991845056064 0.22010869565217392 0.01834862385321101 0.23369565217391303 0.007135575942915392 0.23505434782608697 0 0.19429347826086957 0