8 0.1359375 0.6546875 0.1546875 0.6625 0.165625 0.671875 0.16875 0.69375 0.1609375 0.7046875 0.140625 0.7171875 0.1046875 0.7234375 0.059375 0.7234375 0.034375 0.7171875 0.015625 0.7015625 0.0125 0.69375 0.0140625 0.6796875 0.0328125 0.6609375 0.0546875 0.653125 0.084375 0.65 0.1140625 0.65 0.1203125 0.653125 0.134375 0.6546875
8 0.109375 0.3828125 0.1390625 0.3859375 0.165625 0.3984375 0.171875 0.409375 0.1703125 0.43125 0.1625 0.4390625 0.1578125 0.440625 0.115625 0.4390625 0.084375 0.4453125 0.0734375 0.44375 0.059375 0.4328125 0.040625 0.4265625 0.0375 0.4203125 0.0375 0.4109375 0.0515625 0.39375 0.0671875 0.3859375 0.084375 0.3828125 0.1078125 0.3828125
8 0.21875 0.321875 0.2359375 0.325 0.2515625 0.334375 0.25625 0.340625 0.25625 0.35625 0.2453125 0.365625 0.2359375 0.3703125 0.21875 0.3734375 0.2140625 0.3765625 0.2 0.378125 0.190625 0.3765625 0.184375 0.3671875 0.1703125 0.353125 0.159375 0.3484375 0.15625 0.3421875 0.1609375 0.3359375 0.171875 0.3296875 0.1828125 0.328125 0.1875 0.325 0.2171875 0.321875
8 0.1984375 0.5640625 0.228125 0.5734375 0.2390625 0.584375 0.240625 0.5890625 0.2359375 0.60625 0.228125 0.615625 0.1984375 0.628125 0.1875 0.628125 0.16875 0.615625 0.153125 0.6140625 0.1484375 0.6109375 0.134375 0.6109375 0.125 0.603125 0.1265625 0.584375 0.134375 0.575 0.15 0.5671875 0.165625 0.5625 0.1953125 0.5625 0.196875 0.5640625
8 0.14375 0.6125 0.15 0.615625 0.159375 0.615625 0.16875 0.61875 0.178125 0.6234375 0.184375 0.63125 0.184375 0.640625 0.1734375 0.65 0.165625 0.6640625 0.1609375 0.6640625 0.1421875 0.6546875 0.1234375 0.6515625 0.11875 0.6484375 0.09375 0.6484375 0.0859375 0.6453125 0.0859375 0.6375 0.1046875 0.621875 0.1171875 0.6171875 0.1421875 0.6140625
8 0.1890625 0.2609375 0.20625 0.26875 0.2171875 0.28125 0.21875 0.290625 0.2140625 0.3046875 0.2 0.3109375 0.1953125 0.315625 0.1796875 0.31875 0.1671875 0.31875 0.153125 0.3078125 0.1359375 0.2984375 0.1140625 0.2953125 0.1109375 0.29375 0.109375 0.2859375 0.115625 0.271875 0.134375 0.2609375 0.1453125 0.2578125 0.175 0.2578125 0.1875 0.2609375
8 0.0671875 0.471875 0.078125 0.475 0.1015625 0.4875 0.1140625 0.5015625 0.1140625 0.509375 0.1046875 0.51875 0.090625 0.5171875 0.059375 0.5234375 0.0359375 0.5421875 0.009375 0.540625 0 0.5359375 0 0.475 0.025 0.4703125 0.065625 0.471875
8 0.1375 0.3015625 0.159375 0.315625 0.1640625 0.3234375 0.1640625 0.3296875 0.15 0.3453125 0.1359375 0.3421875 0.0734375 0.34375 0.0625 0.3359375 0.059375 0.3359375 0.05625 0.33125 0.05625 0.321875 0.059375 0.3125 0.0671875 0.30625 0.08125 0.303125 0.0875 0.2984375 0.1265625 0.2984375 0.1359375 0.3015625
8 0.1140625 0.521875 0.121875 0.525 0.140625 0.5390625 0.1515625 0.5609375 0.1515625 0.5640625 0.1234375 0.578125 0.115625 0.5765625 0.1125 0.571875 0.084375 0.5609375 0.04375 0.559375 0.0390625 0.553125 0.0390625 0.5421875 0.0484375 0.5328125 0.05625 0.5296875 0.0609375 0.525 0.08125 0.5203125 0.1125 0.521875
8 0.084375 0.5625 0.1109375 0.5734375 0.1203125 0.584375 0.121875 0.5921875 0.11875 0.603125 0.1078125 0.6171875 0.0984375 0.6203125 0.090625 0.6265625 0.0765625 0.6296875 0.0671875 0.628125 0.05625 0.61875 0.04375 0.6140625 0.0109375 0.609375 0 0.5984375 0 0.584375 0.015625 0.5703125 0.0375 0.5625 0.0484375 0.5609375 0.0828125 0.5625
8 0 0.396875 0.009375 0.396875 0.0203125 0.4 0.028125 0.4046875 0.034375 0.4125 0.034375 0.421875 0.0296875 0.4265625 0 0.4265625 0 0.3984375
8 0.1421875 0.3453125 0.16875 0.3546875 0.1828125 0.36875 0.184375 0.371875 0.1828125 0.384375 0.16875 0.3953125 0.159375 0.39375 0.134375 0.3828125 0.1140625 0.3828125 0.1125 0.38125 0.0796875 0.38125 0.0703125 0.384375 0.0578125 0.3828125 0.05625 0.3765625 0.0578125 0.365625 0.075 0.3484375 0.1 0.34375 0.140625 0.3453125
8 0 0.6125 0.021875 0.6125 0.053125 0.61875 0.071875 0.6375 0.071875 0.646875 0.0375 0.65625 0.0125 0.6734375 0 0.6734375 0 0.6140625
8 0 0.4296875 0.003125 0.428125 0.0390625 0.428125 0.05625 0.434375 0.0609375 0.4375 0.065625 0.4453125 0.065625 0.4515625 0.0609375 0.4625 0.05625 0.4671875 0.01875 0.46875 0 0.4734375 0 0.43125
8 0.1484375 0.4421875 0.165625 0.4484375 0.1703125 0.453125 0.175 0.4609375 0.175 0.4734375 0.16875 0.4796875 0.1609375 0.48125 0.1265625 0.4984375 0.115625 0.4984375 0.1015625 0.484375 0.0734375 0.4703125 0.0703125 0.4671875 0.0703125 0.4625 0.078125 0.453125 0.09375 0.4453125 0.121875 0.440625 0.146875 0.4421875
8 0.0359375 0.3328125 0.05625 0.3359375 0.071875 0.34375 0.071875 0.346875 0.0578125 0.3609375 0.053125 0.3796875 0.04375 0.3828125 0.015625 0.3828125 0 0.3765625 0 0.3359375 0.0140625 0.3328125 0.034375 0.3328125
4 0.3525925925925926 0.7649999999999999 0.3762962962962963 0.7766666666666666 0.4488888888888889 0.7933333333333333 0.49333333333333335 0.7958333333333333 0.5362962962962963 0.7933333333333333 0.5807407407407408 0.7849999999999999 0.6237037037037038 0.7575000000000001 0.6385185185185185 0.7316666666666667 0.6385185185185185 0.6975 0.6162962962962963 0.6849999999999999 0.5748148148148149 0.6741666666666666 0.48 0.6775 0.4488888888888889 0.6825 0.4014814814814815 0.6975 0.34814814814814815 0.7375 0.3525925925925926 0.7649999999999999
4 0.6355555555555557 0.7508333333333332 0.6533333333333333 0.7666666666666667 0.6859259259259259 0.7825 0.7155555555555556 0.7891666666666667 0.7644444444444445 0.7908333333333333 0.8044444444444444 0.7841666666666667 0.8414814814814815 0.77 0.8518518518518519 0.7533333333333333 0.8503703703703704 0.7158333333333333 0.8311111111111111 0.7016666666666667 0.8 0.6866666666666666 0.7437037037037038 0.6741666666666666 0.7022222222222222 0.675 0.6666666666666667 0.6849999999999999 0.642962962962963 0.7033333333333334 0.6355555555555557 0.7508333333333332
8 0.1688888888888889 0.7024999999999999 0.19555555555555557 0.7208333333333333 0.23703703703703702 0.7325 0.27555555555555555 0.7366666666666666 0.3244444444444444 0.735 0.36444444444444446 0.7216666666666667 0.39851851851851855 0.6950000000000001 0.40444444444444444 0.6641666666666667 0.4 0.645 0.35851851851851857 0.6258333333333332 0.3540740740740741 0.62 0.35555555555555557 0.6016666666666667 0.33037037037037037 0.5933333333333334 0.2770370370370371 0.5966666666666667 0.24740740740740744 0.6058333333333333 0.2014814814814815 0.63 0.1688888888888889 0.6608333333333334 0.1688888888888889 0.7024999999999999
4 0.17037037037037037 0.7033333333333334 0.1762962962962963 0.71 0.20592592592592593 0.725 0.24 0.7325 0.28296296296296297 0.7366666666666666 0.32592592592592595 0.7341666666666666 0.35703703703703704 0.725 0.39851851851851855 0.6950000000000001 0.40444444444444444 0.6649999999999999 0.4 0.6441666666666667 0.36 0.6266666666666667 0.35555555555555557 0.6016666666666667 0.3288888888888889 0.5925 0.27111111111111114 0.5974999999999999 0.24888888888888888 0.605 0.20296296296296296 0.6291666666666667 0.1688888888888889 0.6608333333333334 0.17037037037037037 0.7033333333333334
4 0.3614814814814815 0.6233333333333333 0.4133333333333334 0.6475 0.44148148148148153 0.65 0.47703703703703704 0.6583333333333333 0.5496296296296297 0.6666666666666667 0.6088888888888889 0.6633333333333333 0.6577777777777778 0.6533333333333333 0.6799999999999999 0.6433333333333333 0.6844444444444445 0.6358333333333334 0.6888888888888889 0.6158333333333333 0.682962962962963 0.6008333333333333 0.6503703703703704 0.5708333333333333 0.6281481481481481 0.5616666666666666 0.5851851851851853 0.5725 0.5437037037037038 0.5775 0.4992592592592593 0.5741666666666666 0.4503703703703704 0.5566666666666666 0.39555555555555555 0.5725 0.36888888888888893 0.585 0.362962962962963 0.5925 0.3614814814814815 0.6233333333333333
4 0.11851851851851851 0.5191666666666667 0.16 0.5608333333333333 0.1925925925925926 0.5599999999999999 0.21481481481481485 0.5658333333333333 0.24444444444444446 0.585 0.27555555555555555 0.5941666666666666 0.30962962962962964 0.5908333333333333 0.34814814814814815 0.5791666666666667 0.37333333333333335 0.5566666666666666 0.37333333333333335 0.5441666666666667 0.34814814814814815 0.5133333333333333 0.2977777777777778 0.4833333333333333 0.2414814814814815 0.4741666666666666 0.19111111111111112 0.4741666666666666 0.14074074074074075 0.49333333333333335 0.12 0.5075000000000001 0.11851851851851851 0.5191666666666667
4 0.44148148148148153 0.54 0.45481481481481484 0.5549999999999999 0.4948148148148149 0.5708333333333333 0.5288888888888889 0.5758333333333333 0.5540740740740742 0.5758333333333333 0.6088888888888889 0.5650000000000001 0.6562962962962964 0.5416666666666667 0.6651851851851852 0.5325 0.6711111111111111 0.5075000000000001 0.6651851851851852 0.4966666666666667 0.6370370370370371 0.47833333333333333 0.6014814814814815 0.4658333333333333 0.5585185185185185 0.4616666666666666 0.5155555555555555 0.46749999999999997 0.4874074074074074 0.47750000000000004 0.4666666666666667 0.4916666666666667 0.44296296296296295 0.5225 0.44148148148148153 0.54
4 0.3451851851851852 0.5083333333333333 0.3777777777777778 0.5483333333333333 0.4177777777777778 0.5616666666666666 0.4488888888888889 0.5533333333333333 0.44000000000000006 0.5433333333333333 0.43851851851851853 0.5291666666666667 0.47111111111111115 0.48583333333333334 0.5007407407407408 0.47000000000000003 0.5481481481481482 0.4608333333333333 0.5703703703703704 0.4625 0.5748148148148149 0.45999999999999996 0.5377777777777778 0.4525 0.44148148148148153 0.4625 0.4059259259259259 0.4725 0.34814814814814815 0.5008333333333332 0.3451851851851852 0.5083333333333333
4 0.17037037037037037 0.4458333333333333 0.17777777777777778 0.4575 0.19703703703703707 0.4708333333333333 0.2548148148148148 0.4741666666666666 0.30074074074074075 0.48083333333333333 0.3466666666666667 0.46749999999999997 0.362962962962963 0.45666666666666667 0.37037037037037035 0.4416666666666667 0.36592592592592593 0.4166666666666667 0.3318518518518519 0.38166666666666665 0.31703703703703706 0.37583333333333335 0.2725925925925926 0.3675 0.24740740740740744 0.3683333333333333 0.2162962962962963 0.3775 0.1940740740740741 0.38916666666666666 0.1748148148148148 0.41500000000000004 0.17037037037037037 0.4458333333333333
4 0.4162962962962963 0.43 0.4311111111111111 0.4408333333333333 0.4666666666666667 0.45666666666666667 0.5170370370370371 0.45166666666666666 0.5466666666666666 0.4525 0.6088888888888889 0.4658333333333333 0.6325925925925926 0.4741666666666666 0.642962962962963 0.47333333333333333 0.6592592592592592 0.46333333333333326 0.6592592592592592 0.4525 0.6488888888888888 0.4383333333333333 0.6577777777777778 0.425 0.6503703703703704 0.41083333333333333 0.6177777777777778 0.39 0.5644444444444445 0.36916666666666664 0.5081481481481481 0.36333333333333334 0.47555555555555556 0.36583333333333334 0.4311111111111111 0.38 0.4103703703703704 0.40083333333333326 0.4162962962962963 0.43
4 0.34074074074074073 0.3875 0.36888888888888893 0.4166666666666667 0.4103703703703704 0.43 0.40888888888888897 0.4025 0.4222222222222222 0.38416666666666666 0.47555555555555556 0.365 0.5333333333333334 0.36333333333333334 0.5807407407407408 0.37333333333333335 0.6074074074074074 0.385 0.6118518518518519 0.38333333333333336 0.5940740740740741 0.36583333333333334 0.5511111111111111 0.34833333333333333 0.4696296296296296 0.335 0.4133333333333334 0.33916666666666667 0.3851851851851852 0.345 0.3466666666666667 0.36083333333333334 0.34074074074074073 0.3675 0.34074074074074073 0.3875
4 0.3748148148148148 0.25166666666666665 0.39555555555555555 0.29 0.42074074074074075 0.30166666666666664 0.4651851851851852 0.30833333333333335 0.5022222222222222 0.30333333333333334 0.5555555555555556 0.3058333333333333 0.6103703703703703 0.32083333333333336 0.6281481481481481 0.3058333333333333 0.6592592592592592 0.2891666666666667 0.6474074074074074 0.2758333333333333 0.6044444444444445 0.25083333333333335 0.56 0.23916666666666667 0.5022222222222222 0.23500000000000001 0.4607407407407408 0.23583333333333334 0.3777777777777778 0.24666666666666667 0.3748148148148148 0.25166666666666665
4 0.4503703703703704 0.33416666666666667 0.482962962962963 0.335 0.5303703703703704 0.3416666666666667 0.6014814814814815 0.3675 0.6177777777777778 0.3516666666666667 0.6103703703703703 0.325 0.5866666666666667 0.31333333333333335 0.5644444444444445 0.30833333333333335 0.5111111111111112 0.30416666666666664 0.48 0.30666666666666664 0.45777777777777784 0.31416666666666665 0.44740740740740736 0.3283333333333333 0.4503703703703704 0.33416666666666667
4 0.21481481481481485 0.315 0.24740740740740744 0.3275 0.2562962962962963 0.3375 0.2607407407407408 0.35666666666666663 0.28 0.35666666666666663 0.3214814814814815 0.34750000000000003 0.33925925925925926 0.34750000000000003 0.37333333333333335 0.3308333333333333 0.3807407407407407 0.3125 0.3925925925925926 0.3025 0.38666666666666666 0.27166666666666667 0.35703703703703704 0.23666666666666666 0.3377777777777778 0.22833333333333333 0.30518518518518517 0.22833333333333333 0.2859259259259259 0.23333333333333334 0.23555555555555557 0.2625 0.21925925925925926 0.2783333333333333 0.21481481481481485 0.315
4 0.3451851851851852 0.3516666666666667 0.3511111111111111 0.35666666666666663 0.4133333333333334 0.33666666666666667 0.44296296296296295 0.33416666666666667 0.4607407407407408 0.31 0.4311111111111111 0.30416666666666664 0.3925925925925926 0.305 0.36888888888888893 0.33666666666666667 0.3466666666666667 0.345 0.3451851851851852 0.3516666666666667
29 0.6162962962962963 0.33249999999999996 0.6251851851851853 0.345 0.6355555555555557 0.35 0.6992592592592592 0.3675 0.7333333333333334 0.3675 0.7422222222222222 0.3725 0.7851851851851852 0.36916666666666664 0.8118518518518518 0.3625 0.8385185185185187 0.36333333333333334 0.8459259259259259 0.3591666666666667 0.8592592592592594 0.3616666666666667 0.965925925925926 0.345 0.9940740740740741 0.32416666666666666 0.9955555555555555 0.29083333333333333 0.9822222222222223 0.2791666666666667 0.9170370370370371 0.26916666666666667 0.8237037037037037 0.26916666666666667 0.7437037037037038 0.2733333333333333 0.7155555555555556 0.27666666666666667 0.6548148148148148 0.29416666666666663 0.6251851851851853 0.31 0.6177777777777778 0.31916666666666665 0.6162962962962963 0.33249999999999996
29 0.605925925925926 0.3725 0.6192592592592593 0.3883333333333333 0.6488888888888888 0.4066666666666666 0.6637037037037038 0.4225 0.7066666666666668 0.42750000000000005 0.7644444444444445 0.42750000000000005 0.9407407407407409 0.40750000000000003 0.9896296296296297 0.39666666666666667 0.9940740740740741 0.39499999999999996 0.9985185185185186 0.37083333333333335 0.9985185185185186 0.3408333333333333 0.9940740740740741 0.33249999999999996 0.9866666666666667 0.33166666666666667 0.9718518518518519 0.345 0.9214814814814816 0.35583333333333333 0.8829629629629631 0.3575 0.8548148148148149 0.36416666666666664 0.8103703703703704 0.365 0.762962962962963 0.3725 0.7422222222222222 0.37333333333333335 0.722962962962963 0.36666666666666664 0.6859259259259259 0.36416666666666664 0.64 0.35333333333333333 0.6192592592592593 0.35833333333333334 0.6074074074074074 0.3675 0.605925925925926 0.3725
29 0.6503703703703704 0.43666666666666665 0.6740740740740742 0.4666666666666667 0.7022222222222222 0.48583333333333334 0.7377777777777779 0.49333333333333335 0.8296296296296296 0.4958333333333333 0.9081481481481483 0.4925 0.9881481481481481 0.47750000000000004 0.9955555555555555 0.4708333333333333 0.9985185185185186 0.40083333333333326 0.9940740740740741 0.3975 0.9422222222222223 0.4091666666666667 0.7703703703703704 0.42833333333333334 0.7377777777777779 0.42666666666666664 0.7333333333333334 0.4291666666666667 0.7066666666666668 0.4291666666666667 0.6607407407407407 0.4258333333333333 0.6503703703703704 0.43666666666666665
29 0.6681481481481482 0.5366666666666666 0.6785185185185185 0.5433333333333333 0.7111111111111111 0.5516666666666666 0.7792592592592593 0.5541666666666667 0.9037037037037038 0.545 0.9392592592592592 0.5383333333333333 0.9762962962962962 0.5358333333333334 0.9911111111111112 0.5316666666666666 0.9970370370370369 0.5258333333333333 0.9940740740740741 0.4766666666666667 0.9540740740740741 0.48666666666666664 0.8770370370370371 0.4958333333333333 0.7718518518518519 0.49749999999999994 0.7155555555555556 0.4925 0.6918518518518518 0.49416666666666664 0.6740740740740742 0.5016666666666667 0.6681481481481482 0.5366666666666666
29 0.6740740740740742 0.5616666666666666 0.6933333333333334 0.58 0.7614814814814814 0.5941666666666666 0.8770370370370371 0.6016666666666667 0.9525925925925927 0.5991666666666666 0.9985185185185186 0.5925 0.9985185185185186 0.5291666666666667 0.9807407407407407 0.5349999999999999 0.8577777777777778 0.5491666666666666 0.7170370370370371 0.5533333333333333 0.6814814814814815 0.545 0.6740740740740742 0.5466666666666666 0.6740740740740742 0.5616666666666666
29 0.6874074074074075 0.6508333333333333 0.7022222222222222 0.6708333333333333 0.7437037037037038 0.6725 0.7866666666666667 0.6808333333333334 0.8474074074074075 0.705 0.9955555555555555 0.7108333333333333 0.9985185185185186 0.5974999999999999 0.9214814814814816 0.6016666666666667 0.8296296296296296 0.6008333333333333 0.7851851851851852 0.5991666666666666 0.7155555555555556 0.5875 0.7051851851851852 0.5966666666666667 0.6903703703703704 0.6341666666666667 0.6874074074074075 0.6508333333333333