29 0.490625 0.2046875 0.5015625 0.215625 0.5078125 0.225 0.5078125 0.23125 0.5109375 0.2375 0.51875 0.2453125 0.5375 0.2578125 0.5578125 0.2578125 0.5640625 0.2640625 0.5640625 0.2859375 0.5609375 0.2921875 0.5421875 0.3078125 0.521875 0.31875 0.509375 0.31875 0.5 0.3140625 0.4828125 0.29375 0.4734375 0.2859375 0.4578125 0.284375 0.45625 0.28125 0.4453125 0.275 0.434375 0.2734375 0.4125 0.2625 0.403125 0.2515625 0.4046875 0.24375 0.421875 0.228125 0.428125 0.225 0.440625 0.2234375 0.4546875 0.215625 0.459375 0.209375 0.465625 0.20625 0.4765625 0.2046875 0.48125 0.2015625 0.4859375 0.2015625 0.4890625 0.2046875
29 0.471875 0.2875 0.484375 0.2984375 0.5109375 0.328125 0.515625 0.3375 0.5359375 0.3578125 0.55 0.378125 0.55 0.384375 0.5328125 0.3921875 0.5203125 0.3953125 0.4890625 0.3953125 0.4875 0.396875 0.465625 0.3953125 0.4546875 0.3890625 0.446875 0.3890625 0.4390625 0.384375 0.4328125 0.384375 0.415625 0.3734375 0.4046875 0.3703125 0.4015625 0.3671875 0.396875 0.3671875 0.3765625 0.3546875 0.359375 0.3375 0.359375 0.33125 0.371875 0.3234375 0.3765625 0.3234375 0.3890625 0.3171875 0.3984375 0.3171875 0.4203125 0.30625 0.428125 0.3046875 0.4375 0.2984375 0.4453125 0.296875 0.4484375 0.29375 0.4703125 0.2875
29 0.4 0.29375 0.4171875 0.2921875 0.4265625 0.2984375 0.4234375 0.3046875 0.4109375 0.3109375 0.40625 0.3109375 0.3984375 0.315625 0.3890625 0.315625 0.39375 0.3015625 0.4 0.2953125
29 0.315625 0.18125 0.3265625 0.184375 0.334375 0.190625 0.3703125 0.2046875 0.38125 0.20625 0.3859375 0.209375 0.39375 0.209375 0.409375 0.2171875 0.4109375 0.2203125 0.409375 0.234375 0.403125 0.2390625 0.3984375 0.2484375 0.4015625 0.25625 0.40625 0.2609375 0.40625 0.284375 0.3984375 0.2921875 0.3890625 0.3109375 0.3828125 0.315625 0.36875 0.3140625 0.353125 0.3046875 0.3328125 0.3 0.3296875 0.296875 0.3171875 0.29375 0.30625 0.2859375 0.3 0.278125 0.2953125 0.2671875 0.2921875 0.25 0.2859375 0.240625 0.2859375 0.234375 0.2828125 0.228125 0.2828125 0.2125 0.2890625 0.1984375 0.3 0.1875 0.3078125 0.1828125 0.3140625 0.1828125
29 0.3734375 0.521875 0.3859375 0.5234375 0.390625 0.5265625 0.39375 0.5234375 0.3984375 0.5234375 0.3984375 0.5265625 0.3875 0.5296875 0.3859375 0.5328125 0.3484375 0.5515625 0.3421875 0.559375 0.3328125 0.5796875 0.3046875 0.578125 0.28125 0.58125 0.2640625 0.58125 0.2640625 0.578125 0.2671875 0.571875 0.2859375 0.553125 0.29375 0.5515625 0.3015625 0.5453125 0.3125 0.540625 0.3234375 0.53125 0.3390625 0.5234375 0.371875 0.521875
29 0.3625 0.3453125 0.39375 0.371875 0.39375 0.3765625 0.390625 0.38125 0.3859375 0.384375 0.38125 0.384375 0.3640625 0.3953125 0.3453125 0.4 0.328125 0.4109375 0.3171875 0.4125 0.3 0.421875 0.2859375 0.425 0.2828125 0.428125 0.2578125 0.4328125 0.2546875 0.4359375 0.2484375 0.4359375 0.24375 0.4265625 0.2328125 0.415625 0.2265625 0.3984375 0.209375 0.3734375 0.209375 0.36875 0.2125 0.3640625 0.2234375 0.3578125 0.25 0.35 0.2609375 0.34375 0.3140625 0.3453125 0.315625 0.346875 0.3609375 0.3453125
29 0.0609375 0.53125 0.0671875 0.534375 0.084375 0.534375 0.0984375 0.540625 0.1296875 0.5453125 0.1453125 0.5515625 0.16875 0.553125 0.1703125 0.55625 0.1703125 0.571875 0.16875 0.5734375 0.15625 0.5765625 0.1375 0.575 0.13125 0.578125 0.115625 0.5734375 0.1125 0.5703125 0.103125 0.571875 0.09375 0.5703125 0.0859375 0.575 0.0703125 0.5765625 0.046875 0.56875 0.03125 0.5546875 0.0234375 0.5390625 0.0234375 0.53125 0.025 0.5296875 0.059375 0.53125
29 0.375 0.4109375 0.3828125 0.4125 0.415625 0.43125 0.4171875 0.434375 0.4265625 0.4390625 0.4328125 0.4453125 0.446875 0.453125 0.453125 0.459375 0.45625 0.459375 0.4640625 0.4671875 0.4671875 0.4671875 0.4875 0.4796875 0.496875 0.490625 0.4921875 0.4984375 0.4828125 0.5015625 0.4734375 0.5015625 0.465625 0.50625 0.4578125 0.50625 0.4390625 0.5140625 0.43125 0.5140625 0.428125 0.5171875 0.4203125 0.5171875 0.4125 0.5203125 0.38125 0.5171875 0.3484375 0.509375 0.33125 0.509375 0.3203125 0.503125 0.315625 0.503125 0.3140625 0.5 0.2890625 0.490625 0.2828125 0.4828125 0.2828125 0.4796875 0.2890625 0.471875 0.309375 0.459375 0.3234375 0.4453125 0.33125 0.4421875 0.3453125 0.4234375 0.3484375 0.4234375 0.3703125 0.409375 0.3734375 0.4109375
29 0.375 0.390625 0.3875 0.3890625 0.390625 0.3921875 0.390625 0.396875 0.38125 0.4078125 0.3671875 0.4078125 0.3484375 0.421875 0.3453125 0.421875 0.3359375 0.4359375 0.3109375 0.453125 0.30625 0.4484375 0.2859375 0.4484375 0.284375 0.446875 0.2734375 0.446875 0.2625 0.4515625 0.2484375 0.4515625 0.240625 0.4484375 0.240625 0.4421875 0.24375 0.4390625 0.25625 0.4375 0.259375 0.434375 0.2671875 0.434375 0.2703125 0.43125 0.284375 0.4296875 0.3125 0.41875 0.321875 0.4125 0.3390625 0.4078125 0.3484375 0.4015625 0.3578125 0.4 0.375 0.3921875
29 0.4 0.3859375 0.4171875 0.3859375 0.4328125 0.390625 0.440625 0.396875 0.45625 0.4359375 0.45625 0.4515625 0.4578125 0.453125 0.45625 0.45625 0.4484375 0.4546875 0.43125 0.44375 0.415625 0.4296875 0.3984375 0.41875 0.3859375 0.4140625 0.378125 0.4078125 0.3828125 0.40625 0.4 0.3875
29 0.2765625 0.2234375 0.2796875 0.2265625 0.284375 0.24375 0.2875 0.246875 0.290625 0.2625 0.29375 0.2671875 0.29375 0.2734375 0.3015625 0.2890625 0.29375 0.2921875 0.2859375 0.2921875 0.284375 0.2953125 0.2609375 0.2984375 0.240625 0.3046875 0.2375 0.3078125 0.2328125 0.3078125 0.2140625 0.31875 0.2015625 0.33125 0.196875 0.3421875 0.190625 0.3484375 0.178125 0.3546875 0.171875 0.35 0.171875 0.334375 0.175 0.3234375 0.1921875 0.29375 0.2 0.2890625 0.2171875 0.2546875 0.2421875 0.234375 0.2578125 0.2265625 0.275 0.2234375
29 0.0609375 0.5328125 0.0703125 0.5359375 0.084375 0.5359375 0.1015625 0.5421875 0.1140625 0.5421875 0.1171875 0.5453125 0.1375 0.5484375 0.1484375 0.553125 0.165625 0.553125 0.16875 0.55625 0.1703125 0.571875 0.1796875 0.578125 0.1875 0.5796875 0.196875 0.5890625 0.2 0.5984375 0.2 0.6109375 0.196875 0.6140625 0.1875 0.6203125 0.1640625 0.628125 0.1328125 0.628125 0.1234375 0.6328125 0.115625 0.63125 0.103125 0.6359375 0.09375 0.634375 0.08125 0.6359375 0.075 0.6390625 0.0625 0.6359375 0.053125 0.621875 0.053125 0.609375 0.059375 0.6046875 0.0609375 0.5953125 0.0578125 0.5921875 0.059375 0.5890625 0.0546875 0.584375 0.0515625 0.584375 0.0515625 0.58125 0.053125 0.584375 0.0578125 0.584375 0.0609375 0.58125 0.0578125 0.5796875 0.059375 0.575 0.046875 0.56875 0.0375 0.5609375 0.0296875 0.5515625 0.025 0.540625 0.0265625 0.5296875 0.04375 0.5296875 0.059375 0.5328125
29 0.18125 0.409375 0.1984375 0.409375 0.2 0.4125 0.2296875 0.4203125 0.240625 0.428125 0.2390625 0.4375 0.228125 0.4484375 0.2203125 0.4484375 0.2109375 0.45625 0.196875 0.4875 0.1859375 0.48125 0.171875 0.4640625 0.1625 0.4578125 0.159375 0.453125 0.159375 0.4421875 0.18125 0.4109375
29 0.1140625 0.43125 0.1421875 0.4453125 0.14375 0.4484375 0.1703125 0.4671875 0.19375 0.490625 0.1953125 0.5140625 0.190625 0.534375 0.1828125 0.546875 0.178125 0.546875 0.1734375 0.55 0.1546875 0.55 0.140625 0.546875 0.1359375 0.54375 0.125 0.54375 0.1140625 0.5390625 0.0984375 0.5390625 0.0859375 0.5328125 0.0671875 0.5328125 0.0625 0.5296875 0.0453125 0.528125 0.0375 0.525 0.0375 0.515625 0.046875 0.484375 0.046875 0.475 0.0515625 0.4625 0.053125 0.4453125 0.0578125 0.434375 0.0625 0.43125 0.078125 0.4328125 0.1125 0.43125
29 0.1578125 0.33125 0.1625 0.334375 0.1625 0.3453125 0.1703125 0.359375 0.16875 0.3875 0.171875 0.39375 0.1703125 0.396875 0.1765625 0.40625 0.1765625 0.4109375 0.16875 0.425 0.1625 0.4265625 0.1015625 0.4265625 0.1 0.428125 0.065625 0.4265625 0.059375 0.428125 0.05 0.4359375 0.03125 0.4375 0.0265625 0.4421875 0.021875 0.4421875 0.00625 0.43125 0.003125 0.4125 0.0125 0.3984375 0.015625 0.3875 0.0234375 0.375 0.0375 0.3609375 0.0640625 0.3453125 0.0890625 0.3375 0.0921875 0.334375 0.0984375 0.334375 0.1046875 0.33125 0.15625 0.33125
29 0.31875 0.296875 0.334375 0.3046875 0.35 0.30625 0.365625 0.3171875 0.365625 0.3203125 0.353125 0.33125 0.3546875 0.3375 0.353125 0.340625 0.346875 0.34375 0.259375 0.340625 0.25 0.346875 0.240625 0.3484375 0.2296875 0.3546875 0.2140625 0.359375 0.203125 0.3734375 0.1859375 0.365625 0.1796875 0.3578125 0.196875 0.34375 0.2015625 0.33125 0.2125 0.3203125 0.2390625 0.30625 0.25625 0.303125 0.2671875 0.2984375 0.3 0.29375 0.3171875 0.296875
29 0.05625 0.575 0.075 0.5828125 0.078125 0.590625 0.0765625 0.5984375 0.0671875 0.603125 0.059375 0.6125 0.059375 0.6234375 0.0671875 0.634375 0.08125 0.6375 0.0953125 0.6359375 0.0984375 0.6375 0.103125 0.634375 0.1171875 0.6328125 0.1265625 0.6265625 0.1296875 0.6296875 0.1546875 0.6296875 0.1703125 0.628125 0.1859375 0.6234375 0.1890625 0.6265625 0.1875 0.6421875 0.190625 0.653125 0.1984375 0.6640625 0.196875 0.66875 0.190625 0.671875 0.16875 0.678125 0.1328125 0.6765625 0.1265625 0.6734375 0.1109375 0.671875 0.0953125 0.665625 0.0859375 0.665625 0.0828125 0.6625 0.06875 0.6609375 0.0390625 0.646875 0.03125 0.6390625 0.0203125 0.61875 0.009375 0.6046875 0.00625 0.5984375 0.00625 0.5875 0.0109375 0.578125 0.01875 0.575 0.0546875 0.575
29 0.015625 0.3484375 0.0109375 0.340625 0.009375 0.328125 0.0109375 0.3171875 0.015625 0.3125 0.0578125 0.3015625 0.071875 0.3015625 0.0890625 0.296875 0.1421875 0.296875 0.146875 0.29375 0.1859375 0.29375 0.1859375 0.3015625 0.1734375 0.325 0.1671875 0.33125 0.1453125 0.3265625 0.121875 0.3265625 0.0984375 0.3296875 0.0875 0.3359375 0.06875 0.340625 0.0359375 0.359375 0.0296875 0.359375 0.0171875 0.3484375
29 0.1859375 0.371875 0.1921875 0.375 0.203125 0.375 0.2140625 0.3828125 0.228125 0.4046875 0.228125 0.415625 0.221875 0.4171875 0.1953125 0.4078125 0.1796875 0.40625 0.175 0.4 0.1734375 0.3859375 0.175 0.3796875 0.184375 0.3734375
29 0.2890625 0.4515625 0.3046875 0.453125 0.3046875 0.45625 0.2921875 0.46875 0.2859375 0.4703125 0.2765625 0.4796875 0.2765625 0.484375 0.28125 0.4859375 0.290625 0.496875 0.2984375 0.496875 0.3140625 0.5046875 0.315625 0.5078125 0.328125 0.5109375 0.3359375 0.515625 0.3359375 0.51875 0.303125 0.540625 0.3015625 0.54375 0.2875 0.55 0.271875 0.5609375 0.2515625 0.565625 0.234375 0.565625 0.2078125 0.5734375 0.1875 0.5734375 0.175 0.5703125 0.1734375 0.5609375 0.175 0.55625 0.1859375 0.5484375 0.190625 0.5421875 0.190625 0.5375 0.1984375 0.51875 0.196875 0.503125 0.1984375 0.490625 0.2125 0.4578125 0.2171875 0.4515625 0.234375 0.4515625 0.253125 0.4546875 0.26875 0.453125 0.275 0.45 0.2875 0.4515625
29 0.046875 0.440625 0.05 0.4421875 0.0484375 0.4671875 0.0453125 0.475 0.04375 0.4953125 0.0375 0.50625 0.034375 0.521875 0.0296875 0.525 0.0203125 0.525 0.0140625 0.528125 0 0.528125 0 0.490625 0.003125 0.4875 0 0.48125 0 0.4515625 0.025 0.4484375 0.0328125 0.4421875 0.0453125 0.440625
29 0.5140625 0.4546875 0.5234375 0.45625 0.528125 0.459375 0.5359375 0.459375 0.54375 0.4640625 0.5578125 0.4671875 0.5703125 0.4671875 0.578125 0.4703125 0.59375 0.4703125 0.6171875 0.475 0.634375 0.484375 0.6390625 0.4921875 0.6359375 0.50625 0.628125 0.521875 0.6203125 0.53125 0.609375 0.5546875 0.60625 0.55625 0.5859375 0.590625 0.575 0.5984375 0.5703125 0.5984375 0.5546875 0.590625 0.5328125 0.584375 0.5296875 0.58125 0.5015625 0.5703125 0.4890625 0.5625 0.48125 0.5515625 0.471875 0.525 0.46875 0.50625 0.4703125 0.5046875 0.4921875 0.5046875 0.5 0.5 0.5015625 0.4890625 0.484375 0.4734375 0.4828125 0.4671875 0.49375 0.45625 0.5125 0.4546875
29 0.228125 0.575 0.2296875 0.5765625 0.2375 0.575 0.246875 0.5859375 0.3078125 0.5796875 0.328125 0.58125 0.3296875 0.6 0.3328125 0.609375 0.33125 0.61875 0.3359375 0.6609375 0.334375 0.678125 0.3296875 0.690625 0.325 0.69375 0.29375 0.6984375 0.2765625 0.6984375 0.26875 0.6953125 0.259375 0.684375 0.215625 0.6625 0.2078125 0.6609375 0.1953125 0.6515625 0.1921875 0.64375 0.190625 0.6265625 0.2046875 0.6109375 0.2046875 0.6 0.2015625 0.5875 0.20625 0.58125 0.2265625 0.575
29 0.125 0.575 0.1296875 0.578125 0.140625 0.5765625 0.159375 0.578125 0.171875 0.5734375 0.1921875 0.5828125 0.1984375 0.5921875 0.1984375 0.5984375 0.2015625 0.6046875 0.2015625 0.609375 0.1984375 0.6140625 0.1890625 0.6203125 0.1796875 0.621875 0.165625 0.628125 0.1359375 0.628125 0.125 0.6328125 0.1140625 0.6328125 0.10625 0.6359375 0.0875 0.6359375 0.0796875 0.6390625 0.0703125 0.6390625 0.0640625 0.6359375 0.0546875 0.625 0.053125 0.6109375 0.059375 0.603125 0.0578125 0.5921875 0.059375 0.5890625 0.05625 0.584375 0.0578125 0.58125 0.0546875 0.578125 0.059375 0.5765625 0.0609375 0.578125 0.078125 0.578125 0.0890625 0.575 0.0921875 0.571875 0.1046875 0.5703125 0.1234375 0.575
4 0.23851851851851852 0.7750247770069375 0.24888888888888888 0.7938553022794846 0.2666666666666667 0.8097125867195242 0.29629629629629634 0.8196233894945489 0.3244444444444444 0.8225966303270564 0.3718518518518519 0.815659068384539 0.4148148148148148 0.7958374628344896 0.42814814814814817 0.7839444995044598 0.44148148148148153 0.7443012884043607 0.4296296296296297 0.7165510406342913 0.4133333333333334 0.6967294350842418 0.3851851851851852 0.6818632309217046 0.35703703703703704 0.6739345887016849 0.3362962962962963 0.6788899900891973 0.3244444444444444 0.6997026759167493 0.31407407407407406 0.7036669970267592 0.28296296296296297 0.705649157581764 0.2651851851851852 0.6967294350842418 0.25925925925925924 0.6977205153617443 0.24740740740740744 0.7086223984142715 0.2340740740740741 0.7443012884043607 0.23851851851851852 0.7750247770069375
4 0.49333333333333335 0.8245787908820613 0.5051851851851852 0.8453914767096136 0.5303703703703704 0.8662041625371655 0.5911111111111111 0.8870168483647175 0.6296296296296297 0.8840436075322101 0.682962962962963 0.8642220019821606 0.7140740740740741 0.8275520317145689 0.7140740740740741 0.8136769078295341 0.7007407407407408 0.7849355797819623 0.6725925925925926 0.7561942517343905 0.6562962962962964 0.7452923686818632 0.6088888888888889 0.7314172447968286 0.5748148148148149 0.7304261645193261 0.5348148148148149 0.7393458870168483 0.5111111111111112 0.755203171456888 0.48888888888888893 0.7869177403369673 0.49333333333333335 0.8245787908820613
4 0.22666666666666666 0.7938553022794846 0.24888888888888888 0.8186323092170464 0.27111111111111114 0.8315163528245788 0.2859259259259259 0.8325074331020813 0.3155555555555556 0.8424182358771061 0.3674074074074074 0.8394449950445987 0.39407407407407413 0.8325074331020813 0.42814814814814817 0.8136769078295341 0.44296296296296295 0.7998017839444995 0.4503703703703704 0.7611496531219029 0.44148148148148153 0.7443012884043607 0.42814814814814817 0.7879088206144698 0.39407407407407413 0.8097125867195242 0.33925925925925926 0.8235877106045588 0.30518518518518517 0.8225966303270564 0.28444444444444444 0.817641228939544 0.26222222222222225 0.8077304261645193 0.23851851851851852 0.7819623389494549 0.22814814814814816 0.7443012884043607 0.24 0.7224975222993062 0.23111111111111113 0.7264618434093161 0.22370370370370368 0.7393458870168483 0.22666666666666666 0.7938553022794846
4 0.3777777777777778 0.8384539147670962 0.32592592592592595 0.8434093161546086 0.2696296296296296 0.8315163528245788 0.24 0.8146679881070366 0.24 0.8216055500495539 0.2577777777777778 0.8444003964321111 0.2770370370370371 0.8553022794846383 0.3066666666666667 0.8602576808721507 0.3466666666666667 0.8612487611496531 0.3748148148148148 0.8543111992071358 0.40740740740740744 0.8344895936570863 0.40740740740740744 0.8275520317145689 0.3777777777777778 0.8384539147670962
4 0.3318518518518519 0.6005946481665014 0.33925925925925926 0.6293359762140733 0.3777777777777778 0.66402378592666 0.4177777777777778 0.6719524281466799 0.4814814814814815 0.6669970267591675 0.5125925925925926 0.6501486620416254 0.5392592592592592 0.6253716551040635 0.5466666666666666 0.5926660059464817 0.49037037037037035 0.5659068384539148 0.4651851851851852 0.5252725470763131 0.4177777777777778 0.5242814667988107 0.397037037037037 0.5292368681863231 0.3466666666666667 0.5550049554013875 0.3377777777777778 0.5698711595639246 0.3318518518518519 0.6005946481665014
4 0.6414814814814815 0.48364717542120916 0.6414814814814815 0.5014866204162537 0.6044444444444445 0.5639246778989098 0.6044444444444445 0.574826560951437 0.6474074074074074 0.5946481665014866 0.6918518518518518 0.6005946481665014 0.725925925925926 0.597621407333994 0.762962962962963 0.5837462834489593 0.7807407407407407 0.5668979187314173 0.7911111111111111 0.5371655104063429 0.7866666666666667 0.5014866204162537 0.7748148148148148 0.4905847373637265 0.7362962962962963 0.4687809712586719 0.6785185185185185 0.4568880079286422 0.6607407407407407 0.45787908820614465 0.6237037037037038 0.4737363726461843 0.6414814814814815 0.48364717542120916
4 0.6118518518518519 0.6382556987115956 0.6237037037037038 0.66798810703667 0.6355555555555557 0.6828543111992071 0.6696296296296296 0.7016848364717542 0.7288888888888889 0.705649157581764 0.7822222222222223 0.6967294350842418 0.8088888888888889 0.6848364717542121 0.8385185185185187 0.6570862239841426 0.8400000000000001 0.6154608523290387 0.8325925925925926 0.6005946481665014 0.8148148148148149 0.5837462834489593 0.7896296296296297 0.5708622398414271 0.7792592592592593 0.5698711595639246 0.7703703703703704 0.5797819623389494 0.7140740740740741 0.6005946481665014 0.6637037037037038 0.5996035678889989 0.6340740740740741 0.593657086223984 0.6177777777777778 0.6114965312190288 0.6118518518518519 0.6382556987115956
4 0.5185185185185185 0.6927651139742319 0.5392592592592592 0.709613478691774 0.5733333333333334 0.7254707631318136 0.64 0.7373637264618434 0.6814814814814815 0.7324083250743311 0.6918518518518518 0.709613478691774 0.6548148148148148 0.6967294350842418 0.6311111111111112 0.6808721506442021 0.6207407407407407 0.6669970267591675 0.6103703703703703 0.6422200198216055 0.6103703703703703 0.6253716551040635 0.6162962962962963 0.6164519326065412 0.6133333333333334 0.6065411298315164 0.6044444444444445 0.6065411298315164 0.5540740740740742 0.6253716551040635 0.5274074074074074 0.6461843409316155 0.52 0.6590683845391476 0.5185185185185185 0.6927651139742319
4 0.49037037037037035 0.666005946481665 0.4651851851851852 0.6709613478691774 0.45925925925925926 0.6759167492566898 0.4814814814814815 0.7115956392467789 0.5022222222222222 0.7274529236868186 0.5318518518518519 0.738354806739346 0.5748148148148149 0.7264618434093161 0.5392592592592592 0.7106045589692764 0.5155555555555555 0.6878097125867195 0.5155555555555555 0.6570862239841426 0.5111111111111112 0.6541129831516352 0.49037037037037035 0.666005946481665
4 0.42814814814814817 0.709613478691774 0.4503703703703704 0.7472745292368682 0.4844444444444445 0.7591674925668979 0.5066666666666666 0.7561942517343905 0.5259259259259259 0.7433102081268583 0.5274074074074074 0.738354806739346 0.4992592592592593 0.7264618434093161 0.4814814814814815 0.7125867195242814 0.4562962962962963 0.6729435084241824 0.44296296296296295 0.6749256689791874 0.4296296296296297 0.6957383548067393 0.42814814814814817 0.709613478691774
4 0.45925925925925926 0.45490584737363726 0.47703703703703704 0.4697720515361744 0.48592592592592593 0.45887016848364715 0.5051851851851852 0.4519326065411298 0.562962962962963 0.464816650148662 0.6162962962962963 0.4697720515361744 0.6133333333333334 0.4519326065411298 0.6014814814814815 0.4321110009910803 0.557037037037037 0.3994053518334985 0.5407407407407407 0.3954410307234886 0.49037037037037035 0.39841427155599607 0.4518518518518519 0.4132804757185332 0.45925925925925926 0.45490584737363726
4 0.768888888888889 0.7304261645193261 0.7851851851851852 0.7631318136769079 0.8 0.7770069375619425 0.8311111111111111 0.7938553022794846 0.8577777777777778 0.7958374628344896 0.888888888888889 0.7908820614469771 0.9244444444444445 0.7720515361744301 0.9392592592592592 0.755203171456888 0.9422222222222223 0.7274529236868186 0.9348148148148148 0.6907829534192269 0.9200000000000002 0.666005946481665 0.8770370370370371 0.643211100099108 0.8444444444444444 0.6412289395441031 0.8400000000000001 0.6590683845391476 0.8162962962962963 0.6828543111992071 0.7896296296296297 0.6987115956392468 0.7703703703703704 0.7026759167492567 0.768888888888889 0.7304261645193261
4 0.6888888888888889 0.7680872150644202 0.7066666666666668 0.7869177403369673 0.7318518518518519 0.798810703666997 0.76 0.8077304261645193 0.7970370370370371 0.8107036669970267 0.8459259259259259 0.7998017839444995 0.8474074074074075 0.7968285431119921 0.8207407407407408 0.7918731417244796 0.7837037037037037 0.7651139742319127 0.768888888888889 0.7403369672943508 0.7614814814814814 0.7026759167492567 0.7022222222222222 0.7086223984142715 0.682962962962963 0.736372646184341 0.6888888888888889 0.7680872150644202
4 0.2651851851851852 0.5817641228939544 0.30962962962962964 0.576808721506442 0.3288888888888889 0.5807730426164519 0.3466666666666667 0.554013875123885 0.38222222222222224 0.5322101090188305 0.3792592592592593 0.5272547076313181 0.36 0.5213082259663032 0.33333333333333337 0.5252725470763131 0.27111111111111114 0.5668979187314173 0.2651851851851852 0.5817641228939544
52 0.557037037037037 0.3349851337958375 0.562962962962963 0.35678889990089196 0.5777777777777777 0.37958374628344893 0.6133333333333334 0.40138751238850345 0.642962962962963 0.40634291377601583 0.6725925925925926 0.4033696729435084 0.6740740740740742 0.38751238850346875 0.6859259259259259 0.3637264618434093 0.768888888888889 0.354806739345887 0.7718518518518519 0.3260654112983151 0.7674074074074074 0.3121902874132805 0.7377777777777779 0.28543111992071357 0.7007407407407408 0.26957383548067393 0.6251851851851853 0.26957383548067393 0.5896296296296296 0.288404360753221 0.5688888888888889 0.30921704658077304 0.557037037037037 0.3349851337958375
52 0.7896296296296297 0.3270564915758176 0.8 0.3657086223984143 0.8340740740740742 0.3865213082259663 0.8859259259259259 0.3954410307234886 0.9570370370370371 0.37462834489593655 0.9451851851851852 0.354806739345887 0.9051851851851852 0.3201189296333003 0.8933333333333333 0.29435084241823584 0.8607407407407408 0.25074331020812685 0.8414814814814815 0.2566897918731417 0.8177777777777779 0.2715559960356789 0.7925925925925926 0.30426164519326065 0.7896296296296297 0.3270564915758176
52 0.437037037037037 0.1823587710604559 0.44592592592592595 0.19028741328047571 0.4948148148148149 0.2041625371655104 0.5111111111111112 0.22497522299306244 0.5155555555555555 0.2398414271555996 0.5422222222222223 0.2547076313181368 0.5688888888888889 0.2547076313181368 0.6088888888888889 0.2338949454905847 0.6148148148148149 0.22101090188305253 0.6118518518518519 0.20614469772051533 0.6 0.19226957383548066 0.5777777777777777 0.17839444995044598 0.5333333333333334 0.1694747274529237 0.44148148148148153 0.17443012884043607 0.437037037037037 0.1823587710604559
52 0.5703703703703704 0.28245787908820613 0.5807407407407408 0.2844400396432111 0.5940740740740741 0.28344895936570863 0.6311111111111112 0.2666005946481665 0.6533333333333333 0.2666005946481665 0.6548148148148148 0.24677898909811696 0.645925925925926 0.22993062438057482 0.6311111111111112 0.22001982160555006 0.6192592592592593 0.21902874132804756 0.6 0.24281466798810705 0.5688888888888889 0.2616451932606541 0.5703703703703704 0.28245787908820613
52 0.6637037037037038 0.425173439048563 0.6711111111111111 0.43508424182358774 0.6814814814814815 0.4390485629335976 0.7125925925925926 0.4321110009910803 0.7555555555555556 0.4083250743310208 0.768888888888889 0.3904856293359762 0.7733333333333333 0.36174430128840435 0.7674074074074074 0.3577799801783944 0.6903703703703704 0.36174430128840435 0.6770370370370371 0.38354806739345887 0.6637037037037038 0.425173439048563
52 0.76 0.40634291377601583 0.7437037037037038 0.4192269573835481 0.7037037037037037 0.4390485629335976 0.7437037037037038 0.44598612487611494 0.7911111111111111 0.4321110009910803 0.8237037037037037 0.41625371655104065 0.8340740740740742 0.4033696729435084 0.8296296296296296 0.3894945490584737 0.802962962962963 0.3785926660059465 0.7762962962962964 0.37561942517343905 0.76 0.40634291377601583
52 0.8651851851851852 0.4192269573835481 0.8651851851851852 0.4380574826560951 0.8903703703703704 0.46679881070366697 0.8977777777777778 0.489593657086224 0.9644444444444444 0.512388503468781 0.9911111111111112 0.5094152626362736 0.9970370370370369 0.5034687809712587 0.9955555555555555 0.38255698711595637 0.9555555555555555 0.377601585728444 0.8962962962962964 0.3954410307234886 0.8711111111111112 0.4112983151635282 0.8651851851851852 0.4192269573835481
52 0.9200000000000002 0.6273538156590683 0.8992592592592594 0.6412289395441031 0.8977777777777778 0.6471754212091179 0.9318518518518519 0.666005946481665 0.9525925925925927 0.666005946481665 0.9703703703703704 0.6610505450941526 0.9955555555555555 0.6442021803766105 0.9985185185185186 0.5708622398414271 0.9985185185185186 0.55599603567889 0.9703703703703704 0.5262636273538156 0.9496296296296297 0.5242814667988107 0.9318518518518519 0.533201189296333 0.9051851851851852 0.5916749256689792 0.9200000000000002 0.6273538156590683
52 0.7985185185185186 0.5708622398414271 0.8311111111111111 0.5946481665014866 0.842962962962963 0.6164519326065412 0.8444444444444444 0.6372646184340931 0.8918518518518519 0.6412289395441031 0.9170370370370371 0.6333002973240832 0.9022222222222223 0.5926660059464817 0.9037037037037038 0.5738354806739345 0.9111111111111111 0.5738354806739345 0.9066666666666666 0.5629335976214074 0.8903703703703704 0.5589692765113974 0.8162962962962963 0.5550049554013875 0.8 0.5639246778989098 0.7985185185185186 0.5708622398414271
52 0.7925925925925926 0.510406342913776 0.8296296296296296 0.5282457879088206 0.8281481481481482 0.5450941526263627 0.837037037037037 0.554013875123885 0.874074074074074 0.554013875123885 0.9007407407407408 0.5381565906838454 0.9155555555555557 0.5222993062438057 0.9170370370370371 0.514370664023786 0.9066666666666666 0.5084241823587711 0.7866666666666667 0.49157581764122893 0.7925925925925926 0.510406342913776
52 0.7318518518518519 0.4618434093161546 0.7496296296296296 0.4737363726461843 0.7822222222222223 0.48860257680872154 0.8592592592592594 0.49454905847373637 0.8785185185185185 0.49256689791873143 0.888888888888889 0.48662041625371655 0.8874074074074075 0.4687809712586719 0.8696296296296296 0.44697720515361744 0.8311111111111111 0.43310208126858274 0.7881481481481483 0.43508424182358774 0.7496296296296296 0.44598612487611494 0.7318518518518519 0.4558969276511397 0.7318518518518519 0.4618434093161546
52 0.7925925925925926 0.5113974231912785 0.8296296296296296 0.5272547076313181 0.8281481481481482 0.5450941526263627 0.8340740740740742 0.5530227948463826 0.874074074074074 0.554013875123885 0.9007407407407408 0.5381565906838454 0.9155555555555557 0.5222993062438057 0.9170370370370371 0.514370664023786 0.9081481481481483 0.5084241823587711 0.8488888888888889 0.4975222993062438 0.7866666666666667 0.49157581764122893 0.7925925925925926 0.5113974231912785