52 0.865625 0.4328125 0.8703125 0.4359375 0.8703125 0.4453125 0.8640625 0.459375 0.834375 0.4765625 0.815625 0.4953125 0.8078125 0.496875 0.796875 0.4953125 0.796875 0.490625 0.803125 0.48125 0.8109375 0.4765625 0.8390625 0.446875 0.853125 0.440625 0.859375 0.434375 0.8640625 0.434375
52 0.6578125 0.3140625 0.6921875 0.3265625 0.728125 0.3296875 0.728125 0.3609375 0.715625 0.3796875 0.709375 0.3828125 0.7078125 0.3859375 0.6875 0.39375 0.6546875 0.3921875 0.646875 0.3890625 0.6359375 0.3671875 0.6296875 0.3625 0.625 0.353125 0.6125 0.3421875 0.6125 0.328125 0.6171875 0.3203125 0.6328125 0.3140625 0.65625 0.3140625
52 0.596875 0.265625 0.6015625 0.271875 0.6234375 0.2828125 0.628125 0.290625 0.628125 0.2984375 0.6234375 0.3078125 0.61875 0.309375 0.6109375 0.31875 0.584375 0.328125 0.5625 0.328125 0.5453125 0.3234375 0.5359375 0.3078125 0.5359375 0.296875 0.5453125 0.2796875 0.55 0.2765625 0.5703125 0.2671875 0.5828125 0.2671875 0.5921875 0.2640625 0.5953125 0.265625
52 0.5828125 0.38125 0.590625 0.384375 0.603125 0.39375 0.6140625 0.409375 0.6140625 0.4125 0.6234375 0.4234375 0.6234375 0.428125 0.6265625 0.4328125 0.609375 0.4328125 0.603125 0.4359375 0.5953125 0.4359375 0.584375 0.4421875 0.571875 0.4640625 0.571875 0.471875 0.575 0.4796875 0.553125 0.465625 0.5359375 0.434375 0.53125 0.415625 0.5359375 0.4078125 0.54375 0.403125 0.5546875 0.390625 0.5640625 0.384375 0.58125 0.38125
52 0.709375 0.5078125 0.725 0.5078125 0.7390625 0.5109375 0.78125 0.5109375 0.784375 0.5140625 0.7890625 0.5390625 0.7875 0.553125 0.7765625 0.5765625 0.7671875 0.5921875 0.75625 0.603125 0.728125 0.603125 0.7171875 0.6 0.709375 0.5953125 0.70625 0.5890625 0.7078125 0.5828125 0.70625 0.53125 0.709375 0.509375
52 0.35625 0.4484375 0.3640625 0.453125 0.3640625 0.465625 0.359375 0.4703125 0.328125 0.4765625 0.3 0.4890625 0.2921875 0.4859375 0.290625 0.471875 0.2921875 0.4671875 0.303125 0.4578125 0.3328125 0.446875 0.353125 0.446875 0.3546875 0.4484375
52 0.4125 0.3390625 0.4234375 0.34375 0.4328125 0.3546875 0.4390625 0.3671875 0.4359375 0.375 0.4203125 0.3890625 0.409375 0.3921875 0.390625 0.403125 0.3734375 0.40625 0.34375 0.4046875 0.3359375 0.4015625 0.325 0.3890625 0.3234375 0.3703125 0.3296875 0.359375 0.3296875 0.353125 0.334375 0.3484375 0.340625 0.3484375 0.3484375 0.34375 0.35625 0.34375 0.3734375 0.334375 0.4046875 0.3359375 0.4109375 0.3390625
52 0.6265625 0.434375 0.64375 0.4421875 0.659375 0.453125 0.684375 0.4640625 0.7015625 0.484375 0.70625 0.496875 0.70625 0.509375 0.696875 0.5421875 0.6890625 0.546875 0.65625 0.546875 0.6234375 0.5421875 0.615625 0.5421875 0.6140625 0.5453125 0.609375 0.5453125 0.6046875 0.540625 0.60625 0.5375 0.6046875 0.5171875 0.6015625 0.5125 0.5953125 0.5125 0.5890625 0.509375 0.596875 0.5 0.5953125 0.49375 0.575 0.4796875 0.5734375 0.4703125 0.5828125 0.4640625 0.5859375 0.4484375 0.5890625 0.44375 0.5921875 0.44375 0.59375 0.440625 0.6 0.440625 0.60625 0.4359375 0.625 0.4359375
52 0.4796875 0.3765625 0.49375 0.3796875 0.5109375 0.3796875 0.53125 0.384375 0.5515625 0.384375 0.5546875 0.3875 0.5515625 0.39375 0.5375 0.4046875 0.5015625 0.4046875 0.49375 0.4015625 0.484375 0.4015625 0.471875 0.3953125 0.4625 0.38125 0.4671875 0.3765625 0.478125 0.3765625
52 0.384375 0.4765625 0.4015625 0.484375 0.4078125 0.4953125 0.4015625 0.521875 0.396875 0.5234375 0.3875 0.5328125 0.38125 0.5359375 0.375 0.5359375 0.3625 0.5453125 0.3484375 0.546875 0.340625 0.55 0.3125 0.55 0.2875 0.5390625 0.28125 0.5328125 0.2796875 0.5265625 0.28125 0.5109375 0.284375 0.5046875 0.303125 0.4890625 0.3234375 0.4796875 0.3390625 0.478125 0.353125 0.4734375 0.3828125 0.4765625
52 0.6484375 0.5484375 0.696875 0.5546875 0.703125 0.5671875 0.703125 0.5890625 0.6921875 0.60625 0.665625 0.6296875 0.6421875 0.6390625 0.6328125 0.640625 0.6125 0.6390625 0.6046875 0.6359375 0.603125 0.6328125 0.5953125 0.63125 0.5875 0.625 0.584375 0.6203125 0.584375 0.6078125 0.58125 0.6015625 0.58125 0.5859375 0.584375 0.571875 0.5890625 0.5703125 0.60625 0.5546875 0.6125 0.5546875 0.615625 0.5515625 0.621875 0.5515625 0.6265625 0.5484375 0.646875 0.5484375
52 0.609375 0.50625 0.6109375 0.5078125 0.634375 0.5078125 0.64375 0.5140625 0.653125 0.54375 0.65 0.546875 0.6375 0.5453125 0.6234375 0.546875 0.61875 0.55 0.6046875 0.553125 0.6015625 0.55 0.6015625 0.5390625 0.6046875 0.528125 0.6046875 0.5171875 0.6015625 0.5109375 0.6078125 0.5078125
52 0.5328125 0.3203125 0.5421875 0.3265625 0.559375 0.33125 0.5625 0.3390625 0.5609375 0.3421875 0.5296875 0.3640625 0.5109375 0.3703125 0.4921875 0.36875 0.484375 0.365625 0.4796875 0.359375 0.4796875 0.3421875 0.4921875 0.3265625 0.5078125 0.3203125 0.53125 0.3203125
52 0.8421875 0.4828125 0.884375 0.4984375 0.890625 0.50625 0.8921875 0.5125 0.884375 0.5375 0.8859375 0.55 0.8828125 0.5609375 0.8734375 0.5703125 0.8453125 0.58125 0.8359375 0.58125 0.8265625 0.5765625 0.809375 0.559375 0.803125 0.55625 0.79375 0.5375 0.7890625 0.5171875 0.7890625 0.5078125 0.7953125 0.5 0.8125 0.496875 0.8234375 0.4859375 0.834375 0.48125 0.840625 0.4828125
52 0.8328125 0.6265625 0.8484375 0.63125 0.8625 0.63125 0.875 0.634375 0.8796875 0.64375 0.8921875 0.646875 0.890625 0.653125 0.884375 0.6625 0.8796875 0.665625 0.8375 0.678125 0.8125 0.6765625 0.809375 0.6734375 0.803125 0.6734375 0.78125 0.6625 0.771875 0.65 0.7640625 0.6328125 0.7640625 0.628125 0.771875 0.621875 0.8109375 0.621875 0.8171875 0.625 0.83125 0.6265625
52 0.63125 0.434375 0.6515625 0.446875 0.640625 0.4484375 0.6265625 0.459375 0.6265625 0.471875 0.63125 0.48125 0.6265625 0.4921875 0.6234375 0.4953125 0.615625 0.4953125 0.6140625 0.4984375 0.6 0.4984375 0.5953125 0.4953125 0.5921875 0.4890625 0.5875 0.4890625 0.578125 0.484375 0.5734375 0.4796875 0.5734375 0.4609375 0.58125 0.446875 0.5953125 0.4375 0.6015625 0.4375 0.60625 0.434375 0.6296875 0.434375
52 0.521875 0.5640625 0.5328125 0.5703125 0.55 0.575 0.559375 0.58125 0.5640625 0.5875 0.575 0.5953125 0.5828125 0.615625 0.5828125 0.6296875 0.5796875 0.640625 0.5703125 0.65 0.5625 0.653125 0.5515625 0.6625 0.5328125 0.6703125 0.4875 0.6703125 0.459375 0.6625 0.4578125 0.659375 0.4484375 0.65625 0.4375 0.6453125 0.43125 0.6265625 0.4375 0.60625 0.4484375 0.59375 0.4484375 0.590625 0.4609375 0.5796875 0.475 0.571875 0.4875 0.5703125 0.503125 0.5640625 0.5203125 0.5640625
4 0.5407608695652174 0.7074413863404689 0.5475543478260869 0.72579001019368 0.5883152173913043 0.7563710499490316 0.6372282608695652 0.7706422018348624 0.6684782608695652 0.7716615698267074 0.7092391304347826 0.7584097859327217 0.7377717391304348 0.7349643221202855 0.7527173913043479 0.7013251783893986 0.75 0.6738022426095821 0.732336956521739 0.6574923547400612 0.6970108695652174 0.6381243628950052 0.65625 0.6360856269113151 0.6304347826086956 0.6432212028542305 0.5883152173913043 0.6381243628950052 0.5407608695652174 0.672782874617737 0.5407608695652174 0.7074413863404689
4 0.46059782608695654 0.7716615698267074 0.47146739130434784 0.7859327217125383 0.4959239130434782 0.7961264016309888 0.5828804347826086 0.798165137614679 0.608695652173913 0.7930682976554537 0.6440217391304348 0.7767584097859327 0.6413043478260869 0.7716615698267074 0.5964673913043479 0.7614678899082569 0.5434782608695652 0.726809378185525 0.47010869565217395 0.7298674821610602 0.4578804347826087 0.7380224260958206 0.46059782608695654 0.7716615698267074
4 0.2839673913043478 0.6146788990825688 0.2934782608695652 0.6330275229357798 0.34375 0.6687054026503568 0.37907608695652173 0.6788990825688074 0.40353260869565216 0.6778797145769623 0.42119565217391297 0.6748216106014271 0.4429347826086956 0.6585117227319063 0.4307065217391305 0.6360856269113151 0.42934782608695654 0.6197757390417941 0.46059782608695654 0.5728848114169216 0.4483695652173913 0.5586136595310907 0.41440217391304346 0.5382262996941896 0.3858695652173913 0.5351681957186545 0.3641304347826087 0.545361875637105 0.3328804347826087 0.5524974515800204 0.31385869565217395 0.5524974515800204 0.2839673913043478 0.5902140672782875 0.2839673913043478 0.6146788990825688
4 0.40760869565217395 0.5188583078491336 0.4130434782608695 0.5341488277268094 0.46603260869565216 0.5698267074413864 0.5027173913043479 0.561671763506626 0.5217391304347826 0.561671763506626 0.5502717391304348 0.5708460754332314 0.5801630434782609 0.5596330275229359 0.5978260869565217 0.5412844036697247 0.6005434782608695 0.5219164118246687 0.5801630434782609 0.5188583078491336 0.5760869565217391 0.5107033639143731 0.5896739130434783 0.5035677879714577 0.5910326086956521 0.49439347604485223 0.5760869565217391 0.48725790010193687 0.5502717391304348 0.4648318042813456 0.53125 0.43119266055045874 0.5271739130434783 0.436289500509684 0.4945652173913043 0.4332313965341489 0.4592391304347826 0.4444444444444445 0.4334239130434782 0.4658511722731906 0.4103260869565217 0.49439347604485223 0.40760869565217395 0.5188583078491336
4 0.3654891304347826 0.4444444444444445 0.375 0.4689092762487258 0.3953804347826087 0.4770642201834862 0.4103260869565217 0.48929663608562696 0.45652173913043476 0.4454638124362895 0.4796195652173913 0.436289500509684 0.5040760869565217 0.4322120285423038 0.532608695652174 0.43527013251783897 0.5271739130434783 0.40672782874617736 0.4741847826086956 0.39857288481141695 0.45652173913043476 0.38022426095820594 0.3980978260869565 0.399592252803262 0.375 0.4159021406727829 0.3668478260869565 0.4301732925586137 0.3654891304347826 0.4444444444444445
4 0.2717391304347826 0.4770642201834862 0.28260869565217395 0.4831804281345565 0.28940217391304346 0.4689092762487258 0.30842391304347827 0.45361875637105 0.3342391304347826 0.4444444444444445 0.36141304347826086 0.4475025484199796 0.3668478260869565 0.4250764525993884 0.38315217391304346 0.4077471967380224 0.35190217391304346 0.4077471967380224 0.33152173913043476 0.4026503567787971 0.3029891304347826 0.4097859327217125 0.28125 0.42609582059123347 0.2703804347826087 0.4525993883792049 0.2717391304347826 0.4770642201834862
4 0.3546195652173913 0.33843017329255864 0.37228260869565216 0.33231396534148827 0.42119565217391297 0.3312945973496432 0.4470108695652174 0.33843017329255864 0.47010869565217395 0.3506625891946993 0.4891304347826087 0.32415902140672787 0.4959239130434782 0.29561671763506625 0.46739130434782605 0.28236493374108057 0.41440217391304346 0.27930682976554533 0.37907608695652173 0.2925586136595311 0.3532608695652174 0.32008154943934763 0.3546195652173913 0.33843017329255864
4 0.5135869565217391 0.3761467889908257 0.5258152173913043 0.381243628950051 0.561141304347826 0.3843017329255861 0.5788043478260869 0.38022426095820594 0.592391304347826 0.3843017329255861 0.6059782608695652 0.39551478083588176 0.6277173913043479 0.4301732925586137 0.6426630434782609 0.4342507645259939 0.6453804347826086 0.39551478083588176 0.6345108695652174 0.3700305810397554 0.6154891304347826 0.3476044852191641 0.595108695652174 0.3414882772680938 0.5625 0.3435270132517839 0.514945652173913 0.3720693170234455 0.5135869565217391 0.3761467889908257
4 0.23777173913043476 0.6156982670744139 0.2554347826086957 0.6299694189602446 0.2934782608695652 0.63506625891947 0.27989130434782605 0.598369011213048 0.30842391304347827 0.5524974515800204 0.28260869565217395 0.5392456676860347 0.2608695652173913 0.545361875637105 0.24592391304347827 0.563710499490316 0.23777173913043476 0.5953109072375128 0.23777173913043476 0.6156982670744139
4 0.3532608695652174 0.6962283384301733 0.358695652173913 0.7033639143730887 0.40353260869565216 0.7176350662589195 0.4429347826086956 0.7135575942915393 0.4728260869565217 0.6972477064220184 0.48777173913043476 0.6799184505606524 0.48233695652173914 0.671763506625892 0.4470108695652174 0.6595310907237513 0.42391304347826086 0.6748216106014271 0.40625 0.6788990825688074 0.37907608695652173 0.6799184505606524 0.3546195652173913 0.672782874617737 0.3532608695652174 0.6962283384301733
4 0.6807065217391304 0.4240570846075434 0.702445652173913 0.4250764525993884 0.7364130434782609 0.43832823649337416 0.7744565217391304 0.47196738022426094 0.8152173913043479 0.46381243628950053 0.8396739130434783 0.4393476044852192 0.8451086956521738 0.41386340468909283 0.8410326086956521 0.39857288481141695 0.8111413043478259 0.3690112130479103 0.7744565217391304 0.3557594291539246 0.751358695652174 0.35372069317023447 0.7309782608695652 0.3608562691131499 0.7160326086956521 0.38022426095820594 0.686141304347826 0.39653414882772686 0.6807065217391304 0.40672782874617736 0.6807065217391304 0.4240570846075434
4 0.6480978260869565 0.44240570846075433 0.688858695652174 0.4658511722731906 0.7105978260869565 0.5035677879714577 0.7445652173913043 0.508664627930683 0.779891304347826 0.508664627930683 0.7839673913043478 0.5056065239551478 0.779891304347826 0.4831804281345565 0.7595108695652174 0.4566768603465851 0.7350543478260869 0.43832823649337416 0.6956521739130435 0.4250764525993884 0.6603260869565217 0.4281345565749236 0.6508152173913043 0.43527013251783897 0.6480978260869565 0.44240570846075433
4 0.6684782608695652 0.6330275229357798 0.701086956521739 0.6381243628950052 0.7404891304347826 0.6625891946992865 0.75 0.671763506625892 0.7581521739130435 0.6972477064220184 0.7894021739130435 0.6819571865443426 0.78125 0.6676860346585117 0.732336956521739 0.6197757390417941 0.7269021739130435 0.6044852191641182 0.702445652173913 0.5963302752293578 0.6739130434782609 0.6238532110091743 0.6684782608695652 0.6330275229357798