1 0.6515625 0.2484375 0.6546875 0.2484375 0.6515625 0.2515625 0.615625 0.2625 0.6 0.2703125 0.5953125 0.2703125 0.5921875 0.2734375 0.584375 0.2734375 0.5765625 0.2765625 0.55625 0.2765625 0.5390625 0.2859375 0.5328125 0.2859375 0.5140625 0.2921875 0.50625 0.2921875 0.4734375 0.31875 0.465625 0.334375 0.4625 0.3359375 0.45625 0.334375 0.45 0.340625 0.4390625 0.34375 0.43125 0.3515625 0.4140625 0.35625 0.3796875 0.3765625 0.3640625 0.3765625 0.3421875 0.384375 0.334375 0.3828125 0.3296875 0.390625 0.3171875 0.390625 0.315625 0.39375 0.3109375 0.39375 0.3046875 0.3984375 0.3 0.396875 0.2859375 0.4046875 0.275 0.40625 0.265625 0.4140625 0.25625 0.4140625 0.2359375 0.4234375 0.2296875 0.4234375 0.2234375 0.428125 0.2109375 0.4296875 0.2015625 0.4359375 0.1859375 0.4390625 0.1765625 0.4453125 0.16875 0.4453125 0.1609375 0.45 0.153125 0.45 0.1421875 0.4546875 0.1359375 0.4546875 0.1171875 0.465625 0.1 0.46875 0.09375 0.471875 0.0890625 0.478125 0.0859375 0.4765625 0.0765625 0.478125 0.0734375 0.48125 0.0671875 0.48125 0.0625 0.4875 0.046875 0.490625 0.0328125 0.496875 0.028125 0.5015625 0.015625 0.5078125 0.0109375 0.5140625 0.00625 0.515625 0 0.515625 0 0.503125 0.003125 0.5015625 0.003125 0.4984375 0.009375 0.4953125 0.015625 0.4953125 0.0265625 0.484375 0.0328125 0.48125 0.05 0.478125 0.053125 0.475 0.053125 0.4703125 0.0578125 0.4703125 0.0640625 0.4640625 0.0734375 0.4625 0.0796875 0.45625 0.0875 0.45625 0.090625 0.453125 0.0953125 0.453125 0.109375 0.44375 0.1265625 0.4359375 0.1390625 0.434375 0.1515625 0.425 0.1671875 0.4203125 0.175 0.4203125 0.1796875 0.415625 0.1796875 0.4109375 0.184375 0.4109375 0.1859375 0.4140625 0.1984375 0.4125 0.203125 0.4078125 0.2140625 0.4078125 0.2390625 0.4 0.2703125 0.3953125 0.275 0.3921875 0.28125 0.3921875 0.284375 0.3890625 0.2921875 0.3890625 0.3046875 0.384375 0.315625 0.378125 0.325 0.378125 0.328125 0.371875 0.3359375 0.371875 0.340625 0.3671875 0.3375 0.359375 0.3421875 0.35625 0.3484375 0.353125 0.3546875 0.353125 0.3578125 0.35 0.365625 0.353125 0.3703125 0.3515625 0.371875 0.35 0.36875 0.346875 0.3703125 0.3359375 0.378125 0.3359375 0.38125 0.3296875 0.3875 0.325 0.3984375 0.3203125 0.4 0.321875 0.409375 0.3203125 0.4109375 0.3171875 0.425 0.3078125 0.4375 0.303125 0.4453125 0.303125 0.4515625 0.3 0.453125 0.296875 0.4578125 0.296875 0.4640625 0.290625 0.49375 0.284375 0.51875 0.275 0.5390625 0.271875 0.5484375 0.2671875 0.55625 0.2671875 0.5609375 0.2640625 0.5671875 0.2640625 0.5703125 0.2609375 0.6046875 0.2578125 0.6109375 0.2546875 0.6203125 0.2546875 0.6328125 0.2484375 0.65 0.2484375
1 0.5921875 0.1859375 0.5984375 0.1859375 0.6015625 0.1890625 0.5984375 0.1984375 0.5875 0.2078125 0.5703125 0.2171875 0.5453125 0.2203125 0.5328125 0.2265625 0.5265625 0.2265625 0.5140625 0.23125 0.490625 0.2421875 0.4671875 0.246875 0.4453125 0.25625 0.4234375 0.2609375 0.403125 0.2703125 0.396875 0.2703125 0.38125 0.2765625 0.3734375 0.2765625 0.3703125 0.2796875 0.365625 0.2796875 0.34375 0.290625 0.3375 0.290625 0.328125 0.296875 0.3265625 0.3 0.328125 0.30625 0.3203125 0.315625 0.3171875 0.315625 0.315625 0.3203125 0.30625 0.3265625 0.3015625 0.321875 0.2890625 0.321875 0.2859375 0.325 0.2765625 0.3265625 0.271875 0.3296875 0.253125 0.3328125 0.209375 0.353125 0.2 0.3546875 0.1953125 0.3578125 0.18125 0.3578125 0.178125 0.3609375 0.1625 0.3640625 0.1484375 0.3703125 0.10625 0.3734375 0.1 0.3765625 0.0890625 0.3765625 0.08125 0.3796875 0.059375 0.3796875 0.021875 0.384375 0.0109375 0.3859375 0 0.390625 0 0.3703125 0.1125 0.35625 0.1171875 0.353125 0.125 0.353125 0.128125 0.35 0.14375 0.3484375 0.1484375 0.3453125 0.1609375 0.3453125 0.1796875 0.3390625 0.1890625 0.3390625 0.19375 0.3359375 0.209375 0.3359375 0.2140625 0.3328125 0.2484375 0.325 0.25625 0.3203125 0.2609375 0.3203125 0.265625 0.3140625 0.26875 0.3140625 0.296875 0.2953125 0.303125 0.29375 0.309375 0.2875 0.3359375 0.275 0.3375 0.271875 0.35 0.2640625 0.365625 0.2609375 0.3765625 0.2546875 0.3875 0.2546875 0.409375 0.2421875 0.4203125 0.2421875 0.421875 0.2390625 0.4390625 0.2359375 0.4484375 0.2296875 0.4609375 0.228125 0.4640625 0.225 0.5046875 0.2125 0.5078125 0.209375 0.5296875 0.209375 0.534375 0.20625 0.5671875 0.196875 0.56875 0.1921875 0.58125 0.1890625 0.5890625 0.190625 0.5921875 0.1875
1 0.2140625 0.4 0.2203125 0.4015625 0.2203125 0.40625 0.209375 0.4125 0.203125 0.4125 0.196875 0.4171875 0.1921875 0.4171875 0.1859375 0.421875 0.184375 0.4265625 0.178125 0.4265625 0.1734375 0.4296875 0.178125 0.4328125 0.18125 0.43125 0.184375 0.434375 0.1828125 0.4390625 0.1703125 0.4390625 0.1625 0.4453125 0.15625 0.4453125 0.1359375 0.4546875 0.1234375 0.4546875 0.1203125 0.4609375 0.1125 0.465625 0.096875 0.46875 0.0796875 0.478125 0.075 0.478125 0.05625 0.4875 0.0421875 0.490625 0.040625 0.49375 0.0359375 0.49375 0.0140625 0.5046875 0.0046875 0.5171875 0 0.5171875 0 0.4953125 0.0140625 0.4921875 0.034375 0.4765625 0.0625 0.4640625 0.0671875 0.459375 0.0796875 0.453125 0.0921875 0.45 0.1203125 0.4359375 0.1296875 0.434375 0.13125 0.43125 0.1453125 0.425 0.1484375 0.4203125 0.153125 0.4203125 0.1546875 0.4171875 0.1578125 0.4171875 0.1640625 0.4109375 0.159375 0.4078125 0.165625 0.40625 0.171875 0.4109375 0.1953125 0.4015625 0.2125 0.4
1 0.5578125 0.153125 0.559375 0.1578125 0.5578125 0.1671875 0.546875 0.175 0.5421875 0.175 0.5265625 0.184375 0.525 0.1875 0.5140625 0.190625 0.503125 0.1984375 0.4984375 0.1984375 0.4921875 0.2046875 0.484375 0.2078125 0.4796875 0.2140625 0.46875 0.2171875 0.4609375 0.2234375 0.45625 0.2234375 0.428125 0.2375 0.4234375 0.2375 0.4140625 0.2421875 0.4078125 0.2421875 0.4125 0.2359375 0.4359375 0.21875 0.4546875 0.209375 0.4640625 0.1984375 0.465625 0.1921875 0.478125 0.1828125 0.4828125 0.1828125 0.4875 0.1765625 0.5078125 0.1609375 0.5125 0.165625 0.5328125 0.1578125 0.5421875 0.15 0.553125 0.15 0.55625 0.153125
1 0.5984375 0.184375 0.6046875 0.1890625 0.6 0.1984375 0.5859375 0.2109375 0.58125 0.2109375 0.571875 0.2171875 0.540625 0.221875 0.5234375 0.2296875 0.496875 0.2375 0.4859375 0.24375 0.465625 0.246875 0.4625 0.25 0.4484375 0.253125 0.4359375 0.259375 0.428125 0.259375 0.4140625 0.265625 0.409375 0.265625 0.3953125 0.2734375 0.3859375 0.2734375 0.38125 0.2765625 0.375 0.2765625 0.3578125 0.2859375 0.3375 0.2921875 0.328125 0.2984375 0.3234375 0.2984375 0.315625 0.309375 0.303125 0.309375 0.3015625 0.3140625 0.2953125 0.3125 0.2921875 0.315625 0.2765625 0.3140625 0.275 0.3109375 0.2796875 0.30625 0.2875 0.303125 0.2890625 0.3 0.2921875 0.3 0.31875 0.28125 0.3359375 0.275 0.3484375 0.2640625 0.3546875 0.2640625 0.3765625 0.2546875 0.3828125 0.2546875 0.4078125 0.2421875 0.41875 0.2421875 0.4296875 0.2359375 0.4359375 0.2359375 0.446875 0.2296875 0.4671875 0.225 0.4796875 0.21875 0.484375 0.21875 0.4875 0.215625 0.4953125 0.215625 0.4984375 0.2125 0.5046875 0.2125 0.5140625 0.2078125 0.5265625 0.2078125 0.540625 0.203125 0.54375 0.2 0.55625 0.2 0.5703125 0.1890625 0.5796875 0.1890625 0.596875 0.184375
1 0.4546875 0.25625 0.4671875 0.2546875 0.471875 0.2578125 0.475 0.2546875 0.5046875 0.2515625 0.5078125 0.2484375 0.5140625 0.2484375 0.5171875 0.2453125 0.525 0.2453125 0.5296875 0.2421875 0.546875 0.2390625 0.559375 0.2328125 0.56875 0.2328125 0.5796875 0.228125 0.6078125 0.2265625 0.6296875 0.21875 0.659375 0.215625 0.6734375 0.2125 0.678125 0.209375 0.6859375 0.209375 0.690625 0.20625 0.6984375 0.20625 0.703125 0.203125 0.7171875 0.203125 0.721875 0.209375 0.721875 0.221875 0.7125 0.228125 0.6984375 0.23125 0.69375 0.234375 0.684375 0.234375 0.6609375 0.24375 0.6375 0.24375 0.6234375 0.25 0.6140625 0.25 0.6078125 0.253125 0.5578125 0.259375 0.528125 0.2703125 0.51875 0.2703125 0.515625 0.2734375 0.509375 0.2734375 0.49375 0.2796875 0.471875 0.2828125 0.4578125 0.2890625 0.45 0.2953125 0.4390625 0.2984375 0.4296875 0.2984375 0.425 0.3015625 0.4109375 0.3046875 0.40625 0.309375 0.3921875 0.3125 0.375 0.321875 0.3671875 0.321875 0.346875 0.33125 0.30625 0.340625 0.3015625 0.3453125 0.29375 0.3484375 0.2875 0.3484375 0.2734375 0.3546875 0.253125 0.3578125 0.2359375 0.3640625 0.228125 0.3640625 0.2265625 0.359375 0.2328125 0.3515625 0.2328125 0.3453125 0.2390625 0.3453125 0.2453125 0.3390625 0.259375 0.3359375 0.2734375 0.3296875 0.2796875 0.3296875 0.2921875 0.3234375 0.3015625 0.3234375 0.3234375 0.3171875 0.33125 0.3109375 0.3328125 0.3 0.3359375 0.3 0.3359375 0.3046875 0.3421875 0.3078125 0.3546875 0.2984375 0.3640625 0.2953125 0.371875 0.2875 0.3828125 0.28125 0.3921875 0.2796875 0.3984375 0.275 0.409375 0.271875 0.415625 0.275 0.4171875 0.271875 0.4140625 0.2703125 0.421875 0.2671875 0.4296875 0.2703125 0.446875 0.2578125 0.4515625 0.2578125 0.45625 0.2609375 0.4578125 0.259375 0.45625 0.25625
1 0.1640625 0.40625 0.1671875 0.4078125 0.1640625 0.4125 0.1484375 0.41875 0.14375 0.4234375 0.1390625 0.4234375 0.121875 0.4328125 0.1171875 0.4328125 0.1046875 0.4390625 0.0828125 0.4453125 0.0734375 0.4515625 0.0515625 0.4578125 0.0484375 0.4609375 0.0125 0.475 0 0.475 0 0.4515625 0.003125 0.45 0.0078125 0.45 0.0109375 0.446875 0.03125 0.440625 0.046875 0.43125 0.0734375 0.425 0.075 0.421875 0.0828125 0.4203125 0.0859375 0.4171875 0.0921875 0.4171875 0.0953125 0.4140625 0.1046875 0.4140625 0.1375 0.4046875 0.1609375 0.4046875 0.1625 0.40625
1 0.4671875 0.3359375 0.4734375 0.3421875 0.4703125 0.3515625 0.4578125 0.3609375 0.4546875 0.3609375 0.4484375 0.3671875 0.4234375 0.3765625 0.3859375 0.396875 0.3734375 0.4 0.365625 0.40625 0.3609375 0.40625 0.3453125 0.415625 0.3375 0.415625 0.325 0.4234375 0.3109375 0.4265625 0.3015625 0.4328125 0.2953125 0.4328125 0.2796875 0.440625 0.2671875 0.4421875 0.2515625 0.4515625 0.234375 0.4546875 0.2171875 0.465625 0.2109375 0.465625 0.1984375 0.471875 0.178125 0.4734375 0.1703125 0.471875 0.1671875 0.46875 0.1515625 0.471875 0.1421875 0.48125 0.1390625 0.48125 0.1328125 0.4875 0.128125 0.4875 0.115625 0.5015625 0.090625 0.5140625 0.0796875 0.5171875 0.071875 0.5234375 0.0640625 0.5234375 0.0453125 0.5328125 0.03125 0.5359375 0.021875 0.5359375 0.0171875 0.53125 0.0171875 0.528125 0.0109375 0.521875 0.0109375 0.5125 0.015625 0.50625 0.0265625 0.503125 0.0359375 0.496875 0.0515625 0.4921875 0.0546875 0.4890625 0.059375 0.4890625 0.0765625 0.4796875 0.0828125 0.4796875 0.0859375 0.4765625 0.090625 0.4765625 0.103125 0.4703125 0.125 0.4640625 0.1296875 0.459375 0.134375 0.459375 0.1484375 0.453125 0.1546875 0.453125 0.159375 0.45 0.1671875 0.45 0.171875 0.446875 0.18125 0.446875 0.1859375 0.4421875 0.2015625 0.434375 0.2078125 0.434375 0.2203125 0.428125 0.228125 0.428125 0.25 0.4171875 0.265625 0.4140625 0.2734375 0.4078125 0.28125 0.4078125 0.29375 0.4015625 0.3078125 0.3984375 0.3109375 0.3953125 0.31875 0.3953125 0.3234375 0.3921875 0.3421875 0.3890625 0.35 0.384375 0.371875 0.378125 0.375 0.375 0.3859375 0.375 0.3953125 0.36875 0.4171875 0.3625 0.425 0.35625 0.465625 0.3359375
1 0.6265625 0.1625 0.63125 0.1640625 0.63125 0.1703125 0.6171875 0.178125 0.5796875 0.1859375 0.5625 0.1953125 0.5484375 0.1984375 0.54375 0.2015625 0.5375 0.2015625 0.534375 0.2046875 0.5234375 0.2046875 0.5234375 0.2015625 0.5265625 0.1953125 0.5328125 0.1921875 0.5375 0.1859375 0.5609375 0.1796875 0.5796875 0.1671875 0.6 0.1609375 0.6234375 0.1609375 0.625 0.1625
34 0.03673469387755102 0.6356916578669483 0.02857142857142857 0.6536430834213305 0.05170068027210885 0.672650475184794 0.11428571428571428 0.7412882787750792 0.11972789115646258 0.7602956705385429 0.14965986394557823 0.7961985216473073 0.18231292517006803 0.8162618796198522 0.2149659863945578 0.8194297782470962 0.2503401360544218 0.8289334741288279 0.3238095238095238 0.8236536430834214 0.36462585034013606 0.8088701161562829 0.39183673469387753 0.8078141499472016 0.47346938775510206 0.7750791974656811 0.48435374149659866 0.764519535374868 0.48571428571428565 0.7518479408658922 0.5265306122448979 0.6969376979936642 0.5346938775510204 0.6779303062302007 0.5537414965986394 0.6642027455121436 0.5578231292517006 0.6546990496304118 0.5551020408163265 0.631467793030623 0.5319727891156463 0.6092925026399155 0.49523809523809526 0.4963041182682154 0.48435374149659866 0.4878563885955649 0.47619047619047616 0.47201689545934533 0.4775510204081632 0.45195353748680045 0.4040816326530612 0.4160506863780359 0.3687074829931972 0.42344244984160506 0.3292517006802721 0.44984160506863785 0.3074829931972789 0.45617740232312565 0.26666666666666666 0.4582893347412883 0.20952380952380953 0.4804646251319958 0.1782312925170068 0.47729672650475186 0.14693877551020407 0.4804646251319958 0.1251700680272109 0.4941921858500528 0.10612244897959185 0.5227032734952481 0.08027210884353742 0.542766631467793 0.06258503401360545 0.5744456177402324 0.03673469387755102 0.6029567053854277 0.03673469387755102 0.6356916578669483
7 0.47891156462585033 0.34213305174234426 0.4721088435374149 0.3611404435058078 0.4775510204081632 0.38542766631467795 0.4802721088435374 0.4688489968321014 0.48571428571428565 0.4836325237592397 0.5006802721088436 0.49736008447729674 0.4965986394557823 0.5227032734952481 0.5197278911564626 0.5564941921858501 0.5306122448979591 0.5913410770855332 0.5659863945578232 0.6219640971488912 0.5782312925170068 0.6504751847940866 0.5782312925170068 0.6673706441393875 0.5673469387755101 0.6747624076029567 0.5659863945578232 0.6948257655755016 0.5537414965986394 0.7053854276663147 0.5523809523809524 0.7370644139387539 0.5387755102040817 0.764519535374868 0.5401360544217687 0.7835269271383316 0.5265306122448979 0.8247096092925027 0.5455782312925169 0.8458289334741288 0.5564625850340136 0.8732840549102429 0.5659863945578232 0.8722280887011615 0.5836734693877551 0.8785638859556494 0.6244897959183673 0.8743400211193242 0.6517006802721088 0.8553326293558607 0.6653061224489796 0.8384371700105596 0.7306122448979592 0.8109820485744457 0.8353741496598639 0.7265047518479408 0.8680272108843538 0.6747624076029567 0.9020408163265305 0.6557550158394931 0.926530612244898 0.634635691657867 0.9414965986394558 0.6061246040126715 0.9591836734693878 0.5881731784582893 0.9591836734693878 0.5797254487856389 0.9782312925170068 0.5501583949313622 0.9850340136054422 0.5117919746568109 0.9986394557823128 0.5036958817317846 0.9986394557823128 0.36853220696937694 0.982312925170068 0.34213305174234426 0.9238095238095237 0.2893347412882788 0.8857142857142858 0.2829989440337909 0.8530612244897959 0.2682154171066526 0.8408163265306122 0.2555438225976769 0.7972789115646258 0.2576557550158395 0.745578231292517 0.2481520591341077 0.6639455782312924 0.25131995776135163 0.5931972789115646 0.27560718057022177 0.5537414965986394 0.2819429778247096 0.5088435374149659 0.2998944033790919 0.48435374149659866 0.3157338965153115 0.47346938775510206 0.3326293558606125 0.47891156462585033 0.34213305174234426
1 0.09795918367346938 0.4076029567053855 0.24489795918367346 0.3938753959873284 0.31020408163265306 0.3759239704329461 0.3387755102040816 0.34635691657866946 0.30204081632653057 0.3474128827877508 0.2258503401360544 0.3717001055966209 0.14693877551020407 0.37909186906019005 0.12380952380952381 0.38965153115100315 0.10476190476190476 0.39281942977824713 0.09795918367346938 0.4076029567053855
1 0 0.3717001055966209 0.0027210884353741495 0.3907074973600845 0.10476190476190476 0.3759239704329461 0.16734693877551018 0.37909186906019005 0.26530612244897955 0.35691657866948256 0.29931972789115646 0.34635691657866946 0.30612244897959184 0.33896515311510034 0.34829931972789113 0.3273495248152059 0.33061224489795915 0.3136219640971489 0.28843537414965986 0.3157338965153115 0.13061224489795917 0.35163674762407604 0.004081632653061224 0.3695881731784583 0 0.3717001055966209
1 0.4530612244897959 0.25448785638859556 0.4557823129251701 0.2587117212249208 0.5020408163265306 0.25237592397043296 0.5523809523809524 0.235480464625132 0.5605442176870749 0.23020063357972545 0.5591836734693877 0.22597676874340022 0.5537414965986394 0.22175290390707497 0.5387755102040817 0.22386483632523763 0.4625850340136054 0.2481520591341077 0.4530612244897959 0.25448785638859556
1 0 0.5448785638859557 0.0027210884353741495 0.5659978880675818 0.03265306122448979 0.5575501583949314 0.0707482993197279 0.525871172122492 0.009523809523809523 0.5395987328405492 0 0.5448785638859557
1 0.5673469387755101 0.22280887011615627 0.5673469387755101 0.22914466737064415 0.6122448979591837 0.22386483632523763 0.636734693877551 0.20802534318901794 0.6462585034013605 0.18585005279831046 0.6217687074829932 0.1816261879619852 0.6054421768707483 0.191129883843717 0.5673469387755101 0.22280887011615627