33 0.4083333333333333 0.8802083333333333 0.4125 0.8885416666666666 0.4305555555555555 0.8989583333333332 0.4819444444444444 0.9052083333333332 0.5125 0.9 0.5416666666666666 0.8885416666666666 0.5875 0.846875 0.6222222222222221 0.7854166666666667 0.6347222222222222 0.7447916666666666 0.6347222222222222 0.721875 0.6291666666666667 0.703125 0.6166666666666666 0.6885416666666666 0.5805555555555555 0.6666666666666666 0.5416666666666666 0.6614583333333333 0.5083333333333333 0.6708333333333333 0.46388888888888885 0.6947916666666666 0.4375 0.7166666666666666 0.41944444444444445 0.7458333333333333 0.4097222222222222 0.83125 0.4083333333333333 0.8802083333333333
33 0.6125 0.8354166666666666 0.6180555555555556 0.8520833333333332 0.6569444444444443 0.8833333333333332 0.6694444444444444 0.8885416666666666 0.7138888888888888 0.8916666666666666 0.7555555555555555 0.8791666666666667 0.7833333333333333 0.8614583333333332 0.8069444444444445 0.83125 0.8194444444444444 0.790625 0.8180555555555555 0.6927083333333333 0.8111111111111111 0.6677083333333333 0.7958333333333333 0.6541666666666666 0.7652777777777777 0.653125 0.7305555555555555 0.6583333333333333 0.6972222222222222 0.6833333333333333 0.6708333333333333 0.6927083333333333 0.6402777777777777 0.734375 0.6138888888888888 0.8114583333333332 0.6125 0.8354166666666666
33 0.8222222222222222 0.803125 0.8402777777777777 0.8458333333333332 0.8680555555555556 0.8739583333333332 0.8958333333333333 0.890625 0.9125 0.8958333333333333 0.9444444444444444 0.8916666666666666 0.9791666666666666 0.8666666666666666 0.9986111111111111 0.8354166666666666 0.9986111111111111 0.6947916666666666 0.9875 0.6791666666666666 0.961111111111111 0.6552083333333333 0.9180555555555555 0.646875 0.8902777777777777 0.6604166666666667 0.8388888888888889 0.6739583333333333 0.8291666666666666 0.6895833333333333 0.8236111111111111 0.721875 0.8222222222222222 0.803125
33 0.22361111111111112 0.8729166666666666 0.2347222222222222 0.896875 0.35138888888888886 0.9052083333333332 0.4027777777777778 0.834375 0.4097222222222222 0.809375 0.40555555555555556 0.759375 0.38055555555555554 0.7302083333333333 0.35138888888888886 0.7083333333333333 0.32916666666666666 0.6989583333333333 0.3055555555555555 0.7010416666666666 0.2597222222222222 0.721875 0.2458333333333333 0.7354166666666666 0.23194444444444443 0.7635416666666666 0.2208333333333333 0.815625 0.22361111111111112 0.8729166666666666
33 0.1361111111111111 0.6625 0.14861111111111108 0.6895833333333333 0.16527777777777777 0.7072916666666667 0.19722222222222222 0.725 0.2208333333333333 0.7291666666666666 0.2458333333333333 0.725 0.2791666666666667 0.7083333333333333 0.3083333333333333 0.6822916666666666 0.3375 0.6302083333333333 0.35 0.5927083333333333 0.3486111111111111 0.5697916666666666 0.3388888888888889 0.546875 0.3069444444444444 0.5104166666666666 0.2777777777777778 0.49375 0.2375 0.4875 0.20277777777777778 0.4927083333333333 0.17638888888888887 0.503125 0.15138888888888888 0.528125 0.13333333333333333 0.58125 0.1361111111111111 0.6625
33 0.3361111111111111 0.678125 0.35 0.7 0.36527777777777776 0.7135416666666666 0.3763888888888889 0.71875 0.39444444444444443 0.71875 0.44027777777777777 0.7052083333333333 0.5041666666666667 0.66875 0.5569444444444444 0.625 0.5694444444444444 0.6010416666666666 0.575 0.5677083333333333 0.5722222222222222 0.5510416666666667 0.5569444444444444 0.5260416666666666 0.5152777777777777 0.4989583333333333 0.4875 0.496875 0.4666666666666666 0.5010416666666666 0.4305555555555555 0.5208333333333333 0.38611111111111107 0.5614583333333333 0.3486111111111111 0.60625 0.3347222222222222 0.6395833333333333 0.3361111111111111 0.678125
33 0.5736111111111111 0.6260416666666666 0.5888888888888888 0.65625 0.6347222222222222 0.6833333333333333 0.6638888888888889 0.6895833333333333 0.6847222222222221 0.6864583333333333 0.7180555555555556 0.6666666666666666 0.7513888888888889 0.6270833333333333 0.7777777777777778 0.575 0.7833333333333333 0.5270833333333333 0.7555555555555555 0.5114583333333333 0.7097222222222221 0.471875 0.6888888888888889 0.4729166666666666 0.6652777777777777 0.49375 0.6402777777777777 0.5052083333333333 0.6027777777777777 0.5322916666666666 0.5777777777777777 0.5635416666666666 0.5736111111111111 0.5875 0.5736111111111111 0.6260416666666666
33 0.7819444444444443 0.6166666666666666 0.7916666666666666 0.6385416666666666 0.8083333333333332 0.6572916666666666 0.826388888888889 0.6677083333333333 0.8486111111111111 0.6708333333333333 0.8902777777777777 0.6583333333333333 0.9402777777777777 0.625 0.9847222222222222 0.56875 0.9944444444444445 0.5239583333333333 0.9791666666666666 0.4875 0.9569444444444445 0.4666666666666666 0.9347222222222221 0.4541666666666666 0.8902777777777777 0.446875 0.8722222222222221 0.4833333333333333 0.8583333333333332 0.4989583333333333 0.825 0.5197916666666667 0.7916666666666666 0.53125 0.7819444444444443 0.5697916666666666 0.7819444444444443 0.6166666666666666
33 0.06805555555555555 0.4135416666666666 0.0736111111111111 0.4291666666666666 0.08888888888888888 0.4458333333333333 0.11666666666666665 0.4614583333333333 0.17083333333333334 0.46875 0.20972222222222223 0.4625 0.24166666666666664 0.45 0.2763888888888889 0.41875 0.2875 0.3833333333333333 0.2833333333333333 0.3416666666666667 0.2625 0.29375 0.23055555555555554 0.2875 0.1847222222222222 0.2708333333333333 0.1472222222222222 0.2833333333333333 0.12777777777777777 0.29791666666666666 0.10138888888888889 0.32916666666666666 0.07777777777777777 0.36875 0.06944444444444445 0.39375 0.06805555555555555 0.4135416666666666
33 0.2861111111111111 0.4291666666666666 0.29166666666666663 0.45 0.3138888888888889 0.4770833333333333 0.34305555555555556 0.496875 0.3680555555555555 0.5041666666666667 0.4208333333333333 0.503125 0.45 0.4916666666666666 0.4694444444444444 0.4739583333333333 0.47777777777777775 0.4572916666666666 0.47916666666666663 0.4239583333333333 0.4611111111111111 0.3614583333333333 0.43472222222222223 0.32291666666666663 0.3847222222222222 0.29791666666666666 0.36666666666666664 0.2947916666666667 0.3416666666666667 0.296875 0.325 0.303125 0.31111111111111106 0.3145833333333333 0.29027777777777775 0.365625 0.2861111111111111 0.4291666666666666
33 0.4652777777777778 0.36666666666666664 0.4847222222222222 0.4447916666666666 0.5069444444444444 0.4729166666666666 0.5347222222222222 0.490625 0.5736111111111111 0.5052083333333333 0.6194444444444444 0.5072916666666666 0.6527777777777778 0.4958333333333333 0.6819444444444444 0.46354166666666663 0.6847222222222221 0.4333333333333333 0.6625 0.3677083333333333 0.6222222222222221 0.315625 0.5694444444444444 0.28854166666666664 0.525 0.2864583333333333 0.4958333333333333 0.2958333333333333 0.48611111111111105 0.303125 0.4722222222222222 0.321875 0.4666666666666666 0.3416666666666667 0.4652777777777778 0.36666666666666664
33 0.6694444444444444 0.3802083333333333 0.6875 0.428125 0.7055555555555555 0.4604166666666666 0.736111111111111 0.49479166666666663 0.7722222222222221 0.51875 0.7888888888888889 0.5239583333333333 0.8125 0.5229166666666666 0.8444444444444444 0.5072916666666666 0.8666666666666666 0.4885416666666666 0.8805555555555555 0.4645833333333333 0.888888888888889 0.4385416666666666 0.888888888888889 0.4135416666666666 0.8666666666666666 0.33125 0.8486111111111111 0.2989583333333333 0.8319444444444445 0.28229166666666666 0.8111111111111111 0.271875 0.7930555555555555 0.26875 0.7652777777777777 0.2677083333333333 0.7319444444444444 0.275 0.711111111111111 0.2875 0.6902777777777778 0.309375 0.6694444444444444 0.3552083333333333 0.6694444444444444 0.3802083333333333
33 0.05833333333333333 0.11770833333333333 0.0736111111111111 0.153125 0.11111111111111112 0.20729166666666665 0.15694444444444444 0.2520833333333333 0.18333333333333332 0.26875 0.23888888888888887 0.2875 0.2847222222222222 0.2895833333333333 0.3194444444444444 0.278125 0.325 0.2625 0.3263888888888889 0.22395833333333331 0.31805555555555554 0.19375 0.28888888888888886 0.12604166666666666 0.275 0.10520833333333332 0.25 0.08229166666666667 0.22222222222222224 0.06458333333333333 0.1736111111111111 0.04479166666666666 0.13194444444444445 0.03854166666666666 0.10138888888888889 0.04375 0.07916666666666666 0.053125 0.06527777777777778 0.06666666666666667 0.05833333333333333 0.08958333333333332 0.05833333333333333 0.11770833333333333
33 0.28888888888888886 0.11979166666666666 0.3263888888888889 0.20729166666666665 0.3458333333333333 0.23541666666666666 0.36666666666666664 0.2552083333333333 0.39166666666666666 0.26979166666666665 0.4222222222222222 0.2770833333333333 0.4527777777777778 0.275 0.47638888888888886 0.265625 0.49027777777777776 0.2489583333333333 0.49861111111111106 0.228125 0.5013888888888889 0.18854166666666666 0.4847222222222222 0.11770833333333333 0.4708333333333333 0.09479166666666666 0.4333333333333333 0.06875 0.40555555555555556 0.059375 0.3680555555555555 0.05416666666666666 0.3402777777777778 0.057291666666666664 0.3138888888888889 0.06666666666666667 0.3 0.07708333333333332 0.2875 0.09895833333333333 0.28888888888888886 0.11979166666666666
33 0.4930555555555555 0.14166666666666666 0.5111111111111111 0.19583333333333333 0.5319444444444443 0.22604166666666664 0.5569444444444444 0.25104166666666666 0.6027777777777777 0.2802083333333333 0.6375 0.29166666666666663 0.6680555555555555 0.290625 0.6944444444444444 0.2770833333333333 0.7083333333333333 0.2645833333333333 0.7208333333333333 0.240625 0.7236111111111111 0.19791666666666666 0.7055555555555555 0.13854166666666665 0.6861111111111111 0.10208333333333333 0.6611111111111111 0.071875 0.5944444444444443 0.04895833333333333 0.5694444444444444 0.046875 0.5527777777777778 0.05 0.5166666666666666 0.078125 0.49444444444444435 0.11979166666666666 0.4930555555555555 0.14166666666666666
33 0.7097222222222221 0.13541666666666666 0.7180555555555556 0.16875 0.7319444444444444 0.2114583333333333 0.7569444444444444 0.25104166666666666 0.7680555555555555 0.2583333333333333 0.8222222222222222 0.2739583333333333 0.8486111111111111 0.2927083333333333 0.8805555555555555 0.29166666666666663 0.8958333333333333 0.2791666666666667 0.9125 0.2552083333333333 0.9291666666666666 0.19895833333333332 0.923611111111111 0.12291666666666665 0.9041666666666666 0.08125 0.8763888888888889 0.05625 0.8472222222222221 0.040625 0.8236111111111111 0.034375 0.7916666666666666 0.035416666666666666 0.7444444444444444 0.051041666666666666 0.7277777777777777 0.06354166666666666 0.7166666666666666 0.07708333333333332 0.7097222222222221 0.09791666666666667 0.7097222222222221 0.13541666666666666