22 0.440625 0.3890625 0.45625 0.3921875 0.4796875 0.3921875 0.5171875 0.396875 0.528125 0.4 0.5515625 0.4140625 0.5828125 0.446875 0.5828125 0.4515625 0.5921875 0.4671875 0.5921875 0.4984375 0.5828125 0.5171875 0.571875 0.53125 0.571875 0.534375 0.5390625 0.5703125 0.5265625 0.575 0.50625 0.5921875 0.4890625 0.6015625 0.44375 0.615625 0.409375 0.6203125 0.36875 0.61875 0.3515625 0.6140625 0.34375 0.6140625 0.303125 0.6 0.3015625 0.596875 0.278125 0.5859375 0.271875 0.5796875 0.265625 0.559375 0.2625 0.5578125 0.25 0.51875 0.2546875 0.4671875 0.2625 0.4296875 0.2921875 0.4328125 0.3125 0.4125 0.346875 0.3953125 0.4390625 0.3890625
22 0.809375 0.359375 0.8796875 0.3734375 0.8984375 0.3796875 0.9015625 0.3828125 0.946875 0.396875 0.98125 0.421875 0.99375 0.44375 0.9953125 0.4484375 0.99375 0.459375 0.984375 0.4625 0.9796875 0.471875 0.9546875 0.4953125 0.9328125 0.50625 0.91875 0.509375 0.9140625 0.5125 0.90625 0.5125 0.9015625 0.509375 0.875 0.503125 0.8546875 0.503125 0.853125 0.5015625 0.7515625 0.503125 0.734375 0.4984375 0.6828125 0.5140625 0.659375 0.5140625 0.6359375 0.509375 0.6 0.49375 0.596875 0.465625 0.578125 0.43125 0.584375 0.4171875 0.6046875 0.4 0.61875 0.39375 0.6234375 0.39375 0.6390625 0.384375 0.66875 0.371875 0.7296875 0.3609375 0.7515625 0.3625 0.75625 0.359375 0.76875 0.3609375 0.8078125 0.359375
22 0.184375 0.578125 0.1859375 0.5796875 0.2046875 0.5765625 0.225 0.5765625 0.25 0.5828125 0.2578125 0.5828125 0.2640625 0.5859375 0.2703125 0.5859375 0.303125 0.6046875 0.321875 0.609375 0.325 0.6125 0.35 0.621875 0.3625 0.621875 0.375 0.625 0.4 0.625 0.4015625 0.6234375 0.415625 0.625 0.453125 0.6390625 0.4828125 0.6671875 0.4890625 0.6796875 0.4890625 0.6890625 0.496875 0.70625 0.4984375 0.721875 0.496875 0.7296875 0.4890625 0.7390625 0.4765625 0.7484375 0.459375 0.75625 0.4578125 0.759375 0.4265625 0.7734375 0.3953125 0.78125 0.3328125 0.7875 0.321875 0.7859375 0.2859375 0.7875 0.2671875 0.784375 0.2609375 0.7859375 0.23125 0.784375 0.2234375 0.78125 0.203125 0.7796875 0.178125 0.7734375 0.1671875 0.7734375 0.153125 0.7671875 0.146875 0.7671875 0.1421875 0.7640625 0.1265625 0.7609375 0.121875 0.7578125 0.1078125 0.7546875 0.075 0.7390625 0.0625 0.7203125 0.0484375 0.7140625 0.03125 0.69375 0.03125 0.690625 0.021875 0.6796875 0.021875 0.6625 0.03125 0.6515625 0.03125 0.6484375 0.046875 0.6265625 0.0625 0.6109375 0.09375 0.59375 0.1078125 0.590625 0.11875 0.584375 0.1359375 0.58125 0.1828125 0.578125
22 0.7453125 0.5046875 0.7546875 0.509375 0.76875 0.509375 0.775 0.50625 0.825 0.50625 0.8265625 0.5046875 0.8734375 0.50625 0.884375 0.509375 0.896875 0.5171875 0.909375 0.51875 0.9390625 0.5359375 0.953125 0.5390625 0.9640625 0.5453125 0.9859375 0.565625 0.9890625 0.5703125 0.9890625 0.60625 0.978125 0.6234375 0.946875 0.65625 0.9140625 0.6765625 0.90625 0.678125 0.8828125 0.690625 0.8078125 0.7109375 0.7296875 0.71875 0.703125 0.71875 0.6640625 0.7140625 0.6453125 0.7140625 0.60625 0.7046875 0.5671875 0.690625 0.55 0.6796875 0.54375 0.678125 0.5359375 0.6703125 0.53125 0.66875 0.515625 0.6515625 0.5 0.6265625 0.5 0.6046875 0.5265625 0.5828125 0.55 0.5734375 0.55625 0.5671875 0.55625 0.5609375 0.5625 0.55625 0.590625 0.5484375 0.609375 0.5359375 0.6140625 0.5359375 0.6171875 0.5328125 0.628125 0.53125 0.653125 0.521875 0.696875 0.5171875 0.7015625 0.5125 0.7265625 0.5078125 0.7296875 0.5046875 0.74375 0.5046875
2 0.5489130434782609 0.2652905198776758 0.5502717391304348 0.2798165137614679 0.5652173913043479 0.30963302752293576 0.5855978260869565 0.3356269113149847 0.6222826086956521 0.363914373088685 0.6671195652173914 0.36697247706422015 0.7377717391304348 0.30810397553516816 0.7622282608695652 0.2759938837920489 0.7595108695652174 0.25535168195718655 0.7269021739130435 0.24541284403669725 0.6671195652173914 0.24388379204892968 0.5964673913043479 0.25 0.5543478260869565 0.26146788990825687 0.5489130434782609 0.2652905198776758
2 0.389945652173913 0.30045871559633025 0.42119565217391297 0.30963302752293576 0.42527173913043476 0.3165137614678899 0.42391304347826086 0.33868501529051986 0.45244565217391297 0.3241590214067278 0.4850543478260869 0.3188073394495413 0.5054347826086956 0.3256880733944954 0.532608695652174 0.3646788990825688 0.5421195652173914 0.35856269113149847 0.5584239130434783 0.35550458715596334 0.5883152173913043 0.36085626911314983 0.6100543478260869 0.36085626911314983 0.608695652173913 0.35397553516819574 0.5788043478260869 0.33103975535168195 0.5502717391304348 0.2851681957186544 0.5475543478260869 0.26758409785932724 0.5679347826086956 0.2530581039755352 0.5040760869565217 0.2194189602446483 0.5 0.20336391437308868 0.47690217391304346 0.2117737003058104 0.4375 0.2561162079510703 0.389945652173913 0.29357798165137616 0.389945652173913 0.30045871559633025
2 0.3070652173913043 0.4051987767584098 0.31385869565217395 0.40672782874617736 0.3464673913043478 0.3937308868501529 0.4334239130434782 0.38685015290519875 0.4755434782608695 0.3891437308868501 0.5285326086956521 0.3967889908256881 0.53125 0.36850152905198774 0.5054347826086956 0.327217125382263 0.48641304347826086 0.3195718654434251 0.45108695652173914 0.3256880733944954 0.40760869565217395 0.35015290519877673 0.3559782608695652 0.36850152905198774 0.30842391304347827 0.40061162079510704 0.3070652173913043 0.4051987767584098
2 0.5339673913043479 0.39984709480122327 0.546195652173913 0.4059633027522936 0.5706521739130435 0.4288990825688074 0.6059782608695652 0.39755351681957185 0.6603260869565217 0.3730886850152905 0.6589673913043479 0.36926605504587157 0.5529891304347826 0.3562691131498471 0.5434782608695652 0.35932721712538224 0.5353260869565217 0.37003058103975534 0.5339673913043479 0.39984709480122327
2 0.07744565217391304 0.4151376146788991 0.09103260869565218 0.42966360856269115 0.13858695652173914 0.44877675840978587 0.15489130434782608 0.44648318042813456 0.17527173913043476 0.41743119266055045 0.25 0.4120795107033639 0.2839673913043478 0.4029051987767584 0.297554347826087 0.4029051987767584 0.3152173913043478 0.3906727828746177 0.27717391304347827 0.3623853211009174 0.25135869565217395 0.3486238532110092 0.16304347826086957 0.33715596330275227 0.11277173913043478 0.3379204892966361 0.09918478260869565 0.3409785932721713 0.07744565217391304 0.3730886850152905 0.07744565217391304 0.4151376146788991
2 0.25815217391304346 0.35015290519877673 0.3233695652173913 0.38990825688073394 0.34782608695652173 0.3730886850152905 0.41440217391304346 0.3448012232415902 0.4225543478260869 0.3134556574923547 0.4130434782608695 0.30810397553516816 0.37364130434782605 0.2981651376146789 0.35733695652173914 0.2981651376146789 0.33016304347826086 0.30504587155963303 0.2921195652173913 0.32033639143730885 0.2595108695652174 0.34021406727828746 0.25815217391304346 0.35015290519877673
2 0.11548913043478262 0.3058103975535168 0.15625 0.327217125382263 0.20923913043478262 0.3409785932721713 0.25 0.3470948012232416 0.2703804347826087 0.33027522935779813 0.3247282608695652 0.30428134556574926 0.3220108695652174 0.2974006116207951 0.3016304347826087 0.286697247706422 0.23097826086956524 0.26146788990825687 0.21603260869565216 0.26223241590214064 0.11548913043478262 0.30045871559633025 0.11548913043478262 0.3058103975535168
2 0.2554347826086957 0.2308868501529052 0.296195652173913 0.2782874617737003 0.34103260869565216 0.29357798165137616 0.3654891304347826 0.29510703363914376 0.3872282608695652 0.2874617737003058 0.4334239130434782 0.2561162079510703 0.4483695652173913 0.24159021406727826 0.48369565217391297 0.19571865443425077 0.48369565217391297 0.17660550458715596 0.47690217391304346 0.172782874617737 0.45652173913043476 0.1712538226299694 0.41983695652173914 0.17737003058103976 0.2608695652173913 0.22400611620795105 0.2554347826086957 0.2308868501529052
2 0.1480978260869565 0.4678899082568807 0.16847826086956522 0.4954128440366972 0.1793478260869565 0.5 0.19972826086956522 0.49847094801223235 0.24456521739130435 0.514525993883792 0.25679347826086957 0.4342507645259939 0.266304347826087 0.42660550458715596 0.2921195652173913 0.4281345565749235 0.30978260869565216 0.41055045871559626 0.30027173913043476 0.4059633027522936 0.28125 0.40443425076452594 0.24728260869565216 0.4143730886850153 0.17527173913043476 0.4181957186544342 0.1480978260869565 0.459480122324159 0.1480978260869565 0.4678899082568807
2 0.12228260869565218 0.5802752293577982 0.21739130434782608 0.573394495412844 0.26766304347826086 0.5818042813455657 0.24592391304347827 0.5191131498470948 0.20244565217391303 0.5 0.17527173913043476 0.503822629969419 0.16983695652173914 0.5076452599388379 0.16304347826086957 0.5267584097859327 0.13043478260869565 0.5634556574923547 0.12228260869565218 0.5802752293577982
2 0 0.48547400611620795 0 0.5466360856269113 0.024456521739130436 0.5703363914373089 0.04076086956521739 0.5779816513761468 0.05434782608695652 0.5779816513761468 0.11684782608695651 0.5581039755351682 0.1467391304347826 0.5420489296636085 0.16032608695652173 0.5259938837920489 0.16304347826086957 0.5053516819571866 0.15489130434782608 0.48241590214067276 0.13858695652173914 0.4579510703363915 0.12364130434782608 0.44571865443425074 0.09510869565217392 0.4327217125382263 0.08288043478260869 0.4342507645259939 0.03260869565217391 0.4617737003058104 0 0.48547400611620795
2 0.6752717391304348 0.3662079510703364 0.6834239130434783 0.3662079510703364 0.7296195652173914 0.35932721712538224 0.8138586956521738 0.35856269113149847 0.8682065217391305 0.367737003058104 0.8858695652173912 0.3547400611620795 0.9008152173913043 0.3195718654434251 0.8722826086956521 0.31422018348623854 0.7404891304347826 0.31116207951070335 0.6752717391304348 0.36162079510703365 0.6752717391304348 0.3662079510703364