44 0.5081521739130435 0.8315217391304348 0.5217391304347826 0.8423913043478259 0.5380434782608695 0.8434782608695652 0.5570652173913043 0.8391304347826086 0.5896739130434783 0.8228260869565217 0.6032608695652174 0.8076086956521739 0.6073369565217391 0.782608695652174 0.6005434782608695 0.7673913043478261 0.5815217391304348 0.7521739130434782 0.5529891304347826 0.7510869565217391 0.5176630434782609 0.7706521739130434 0.5067934782608695 0.7934782608695652 0.5081521739130435 0.8315217391304348
44 0.37907608695652173 0.725 0.40489130434782605 0.7391304347826086 0.4619565217391305 0.7391304347826086 0.4755434782608695 0.7347826086956522 0.49728260869565216 0.7163043478260869 0.4945652173913043 0.6978260869565217 0.4728260869565217 0.6782608695652174 0.42934782608695654 0.6673913043478261 0.3980978260869565 0.6673913043478261 0.3817934782608695 0.6858695652173913 0.37635869565217395 0.7 0.37907608695652173 0.725
44 0.31114130434782605 0.7804347826086956 0.3192934782608695 0.7956521739130434 0.34375 0.8076086956521739 0.37364130434782605 0.8065217391304348 0.3872282608695652 0.7934782608695652 0.3980978260869565 0.7576086956521739 0.39266304347826086 0.7380434782608696 0.3695652173913043 0.7184782608695652 0.34375 0.7152173913043478 0.327445652173913 0.7206521739130435 0.30978260869565216 0.7402173913043478 0.31114130434782605 0.7804347826086956
44 0.22690217391304346 0.701086956521739 0.23097826086956524 0.708695652173913 0.2595108695652174 0.7239130434782608 0.26902173913043476 0.7239130434782608 0.30570652173913043 0.701086956521739 0.31657608695652173 0.6695652173913043 0.3029891304347826 0.6532608695652173 0.26902173913043476 0.6434782608695653 0.24456521739130435 0.6532608695652173 0.2296195652173913 0.675 0.22690217391304346 0.701086956521739
44 0.5067934782608695 0.7304347826086957 0.532608695652174 0.7554347826086956 0.595108695652174 0.7510869565217391 0.608695652173913 0.7347826086956522 0.5978260869565217 0.7032608695652174 0.5801630434782609 0.6956521739130435 0.5421195652173914 0.6989130434782609 0.5230978260869565 0.7054347826086956 0.5095108695652174 0.7163043478260869 0.5067934782608695 0.7304347826086957
44 0.6059782608695652 0.7728260869565217 0.6127717391304348 0.7902173913043478 0.639945652173913 0.7967391304347826 0.6616847826086956 0.7967391304347826 0.7119565217391304 0.7717391304347826 0.717391304347826 0.7456521739130435 0.6997282608695652 0.7163043478260869 0.6739130434782609 0.7130434782608696 0.6467391304347826 0.7184782608695652 0.6073369565217391 0.7565217391304347 0.6059782608695652 0.7728260869565217
44 0.7472826086956521 0.8054347826086957 0.763586956521739 0.826086956521739 0.7866847826086956 0.8336956521739131 0.8070652173913043 0.8315217391304348 0.8247282608695652 0.826086956521739 0.8396739130434783 0.8130434782608695 0.8383152173913043 0.7815217391304348 0.8315217391304348 0.7684782608695653 0.8179347826086957 0.7489130434782608 0.794836956521739 0.7380434782608696 0.7690217391304348 0.7423913043478261 0.7554347826086956 0.75 0.7472826086956521 0.7782608695652173 0.7472826086956521 0.8054347826086957
44 0.6100543478260869 0.6619565217391303 0.6154891304347826 0.6804347826086956 0.6440217391304348 0.7141304347826087 0.6956521739130435 0.708695652173913 0.701086956521739 0.6554347826086956 0.6902173913043479 0.6380434782608695 0.671195652173913 0.6282608695652174 0.6467391304347826 0.6271739130434782 0.6127717391304348 0.6532608695652173 0.6100543478260869 0.6619565217391303
44 0.7092391304347826 0.7054347826086956 0.732336956521739 0.7369565217391304 0.7595108695652174 0.7391304347826086 0.7771739130434783 0.7315217391304347 0.7975543478260869 0.7119565217391304 0.8016304347826086 0.6652173913043479 0.7894021739130435 0.6478260869565217 0.7663043478260869 0.6467391304347826 0.7296195652173914 0.657608695652174 0.7092391304347826 0.6782608695652174 0.7092391304347826 0.7054347826086956
44 0.48641304347826086 0.5630434782608695 0.5081521739130435 0.5739130434782609 0.532608695652174 0.575 0.5529891304347826 0.5684782608695652 0.5747282608695652 0.55 0.5815217391304348 0.5206521739130434 0.5665760869565217 0.5043478260869565 0.53125 0.5 0.5176630434782609 0.5021739130434782 0.4904891304347826 0.5163043478260869 0.48097826086956524 0.5315217391304348 0.48641304347826086 0.5630434782608695
44 0.35733695652173914 0.55 0.36141304347826086 0.5695652173913043 0.3953804347826087 0.583695652173913 0.43478260869565216 0.5815217391304348 0.4578804347826087 0.5554347826086956 0.4470108695652174 0.5260869565217392 0.41983695652173914 0.5108695652173914 0.37635869565217395 0.5184782608695653 0.36141304347826086 0.5391304347826087 0.35733695652173914 0.55
44 0.28125 0.5304347826086956 0.2866847826086957 0.5391304347826087 0.296195652173913 0.5489130434782609 0.3125 0.5543478260869565 0.34239130434782605 0.5543478260869565 0.36277173913043476 0.5184782608695653 0.35733695652173914 0.5097826086956522 0.3247282608695652 0.48586956521739133 0.2907608695652174 0.4945652173913043 0.28125 0.5108695652173914 0.28125 0.5304347826086956
44 0.1766304347826087 0.5554347826086956 0.20923913043478262 0.5793478260869566 0.23505434782608697 0.5760869565217391 0.25135869565217395 0.5652173913043479 0.264945652173913 0.5467391304347826 0.26902173913043476 0.5010869565217392 0.24320652173913043 0.4891304347826087 0.21603260869565216 0.4891304347826087 0.1888586956521739 0.508695652173913 0.1793478260869565 0.5282608695652173 0.1766304347826087 0.5554347826086956
44 0.5788043478260869 0.4695652173913043 0.5706521739130435 0.48369565217391297 0.5720108695652174 0.49565217391304345 0.5828804347826086 0.5032608695652174 0.595108695652174 0.5032608695652174 0.6195652173913043 0.48695652173913045 0.6209239130434783 0.45108695652173914 0.6059782608695652 0.4315217391304348 0.5747282608695652 0.4326086956521739 0.5788043478260869 0.4695652173913043
44 0.49728260869565216 0.4608695652173913 0.5108695652173914 0.4826086956521739 0.5271739130434783 0.4945652173913043 0.563858695652174 0.4967391304347826 0.5815217391304348 0.45978260869565213 0.5679347826086956 0.4304347826086956 0.5380434782608695 0.41195652173913044 0.5258152173913043 0.4108695652173913 0.514945652173913 0.41847826086956524 0.501358695652174 0.4413043478260869 0.49728260869565216 0.4608695652173913
44 0.3342391304347826 0.2891304347826087 0.3546195652173913 0.29130434782608694 0.38858695652173914 0.28260869565217395 0.3967391304347826 0.2760869565217391 0.4021739130434782 0.2619565217391304 0.4021739130434782 0.2510869565217391 0.38858695652173914 0.22391304347826085 0.36277173913043476 0.21739130434782608 0.3342391304347826 0.22717391304347828 0.3342391304347826 0.2891304347826087
44 0.22554347826086957 0.24891304347826085 0.24320652173913043 0.275 0.264945652173913 0.2760869565217391 0.27717391304347827 0.2717391304347826 0.297554347826087 0.24347826086956523 0.296195652173913 0.22826086956521738 0.26902173913043476 0.21630434782608696 0.25 0.21956521739130436 0.22690217391304346 0.23043478260869565 0.22554347826086957 0.24891304347826085
44 0.2758152173913043 0.2717391304347826 0.2866847826086957 0.28695652173913044 0.3070652173913043 0.2967391304347826 0.34510869565217395 0.2967391304347826 0.3559782608695652 0.2891304347826087 0.391304347826087 0.28260869565217395 0.4008152173913043 0.2717391304347826 0.40353260869565216 0.2532608695652174 0.39945652173913043 0.24456521739130435 0.3872282608695652 0.22391304347826085 0.37228260869565216 0.21739130434782608 0.34375 0.21956521739130436 0.3328804347826087 0.23152173913043478 0.28532608695652173 0.22717391304347828 0.27853260869565216 0.2402173913043478 0.2758152173913043 0.2717391304347826
44 0.3505434782608695 0.3434782608695652 0.36277173913043476 0.3576086956521739 0.375 0.3630434782608695 0.4116847826086956 0.36630434782608695 0.44021739130434784 0.3456521739130435 0.4415760869565217 0.33369565217391306 0.42934782608695654 0.31304347826086953 0.41847826086956524 0.29891304347826086 0.40353260869565216 0.29239130434782606 0.37907608695652173 0.29239130434782606 0.360054347826087 0.3043478260869565 0.3505434782608695 0.31956521739130433 0.3505434782608695 0.3434782608695652
44 0.23369565217391303 0.45652173913043476 0.24320652173913043 0.4771739130434782 0.25679347826086957 0.48478260869565215 0.296195652173913 0.4880434782608695 0.32065217391304346 0.4771739130434782 0.34239130434782605 0.45543478260869563 0.3559782608695652 0.43478260869565216 0.35733695652173914 0.42391304347826086 0.34103260869565216 0.40108695652173915 0.30842391304347827 0.3902173913043478 0.3029891304347826 0.39565217391304347 0.26358695652173914 0.4043478260869565 0.23641304347826084 0.43804347826086953 0.23369565217391303 0.45652173913043476
44 0.5258152173913043 0.32065217391304346 0.5434782608695652 0.35 0.5665760869565217 0.3695652173913043 0.577445652173913 0.37282608695652175 0.6073369565217391 0.3673913043478261 0.6290760869565217 0.3543478260869565 0.623641304347826 0.3282608695652174 0.5801630434782609 0.28478260869565214 0.5706521739130435 0.28260869565217395 0.5489130434782609 0.2902173913043478 0.5271739130434783 0.3108695652173913 0.5258152173913043 0.32065217391304346
44 0.4171195652173913 0.40108695652173915 0.4334239130434782 0.4217391304347826 0.4741847826086956 0.42717391304347824 0.4932065217391304 0.4195652173913043 0.5122282608695652 0.4043478260869565 0.5108695652173914 0.38369565217391305 0.49728260869565216 0.3695652173913043 0.48233695652173914 0.3641304347826087 0.44565217391304346 0.36086956521739133 0.41847826086956524 0.3739130434782608 0.4171195652173913 0.40108695652173915
44 0.40760869565217395 0.2793478260869565 0.43478260869565216 0.30869565217391304 0.4483695652173913 0.31304347826086953 0.48369565217391297 0.30978260869565216 0.4904891304347826 0.3 0.49184782608695654 0.2717391304347826 0.46875 0.23695652173913043 0.4470108695652174 0.22717391304347828 0.4320652173913043 0.23152173913043478 0.4116847826086956 0.24456521739130435 0.40896739130434784 0.25869565217391305 0.40760869565217395 0.2793478260869565
44 0.46603260869565216 0.358695652173913 0.4945652173913043 0.3684782608695652 0.514945652173913 0.3869565217391304 0.5285326086956521 0.3739130434782608 0.5353260869565217 0.3576086956521739 0.5135869565217391 0.31956521739130433 0.5 0.3141304347826087 0.48097826086956524 0.31630434782608696 0.4728260869565217 0.32173913043478264 0.4646739130434782 0.3402173913043478 0.46603260869565216 0.358695652173913
44 0.3559782608695652 0.16630434782608697 0.36141304347826086 0.1782608695652174 0.3980978260869565 0.19673913043478258 0.40896739130434784 0.20869565217391303 0.43478260869565216 0.2108695652173913 0.44972826086956524 0.2043478260869565 0.46603260869565216 0.1641304347826087 0.4538043478260869 0.14239130434782607 0.3695652173913043 0.1326086956521739 0.358695652173913 0.14782608695652172 0.3559782608695652 0.16630434782608697
44 0.27717391304347827 0.13478260869565217 0.2934782608695652 0.1576086956521739 0.3342391304347826 0.1641304347826087 0.3491847826086957 0.1576086956521739 0.36277173913043476 0.12282608695652172 0.3342391304347826 0.09130434782608696 0.3192934782608695 0.08260869565217391 0.31114130434782605 0.08260869565217391 0.29483695652173914 0.08695652173913043 0.27445652173913043 0.10543478260869565 0.27717391304347827 0.13478260869565217
44 0.09375 0.43478260869565216 0.10190217391304349 0.4478260869565217 0.10869565217391304 0.4521739130434782 0.1576086956521739 0.44891304347826083 0.18206521739130435 0.40978260869565214 0.1766304347826087 0.3923913043478261 0.1644021739130435 0.3782608695652174 0.13858695652173914 0.36630434782608695 0.125 0.36630434782608695 0.10733695652173914 0.3739130434782608 0.10054347826086955 0.38369565217391305 0.09375 0.43478260869565216
44 0.09375 0.5 0.11548913043478262 0.533695652173913 0.12364130434782608 0.5402173913043479 0.14266304347826086 0.5445652173913043 0.17119565217391303 0.5423913043478261 0.1766304347826087 0.5239130434782608 0.1956521739130435 0.4978260869565217 0.19157608695652173 0.4804347826086956 0.1453804347826087 0.4608695652173913 0.10326086956521738 0.46304347826086956 0.09239130434782608 0.47391304347826085 0.09375 0.5
44 0.23369565217391303 0.3358695652173913 0.25135869565217395 0.35978260869565215 0.27717391304347827 0.35978260869565215 0.2907608695652174 0.3543478260869565 0.3070652173913043 0.3391304347826087 0.31114130434782605 0.3282608695652174 0.3070652173913043 0.30326086956521736 0.27989130434782605 0.2891304347826087 0.24048913043478262 0.2934782608695652 0.2296195652173913 0.3173913043478261 0.23369565217391303 0.3358695652173913
44 0.33967391304347827 0.48369565217391297 0.36277173913043476 0.5065217391304347 0.38315217391304346 0.5119565217391304 0.4171195652173913 0.5043478260869565 0.4225543478260869 0.4880434782608695 0.42119565217391297 0.45978260869565213 0.40489130434782605 0.44021739130434784 0.3845108695652174 0.43478260869565216 0.37228260869565216 0.43695652173913047 0.34375 0.46630434782608693 0.33967391304347827 0.48369565217391297
44 0.4103260869565217 0.4423913043478261 0.42527173913043476 0.4804347826086956 0.44021739130434784 0.48478260869565215 0.46059782608695654 0.4782608695652174 0.4741847826086956 0.4641304347826087 0.4728260869565217 0.4413043478260869 0.46739130434782605 0.4326086956521739 0.4320652173913043 0.42717391304347824 0.41440217391304346 0.4315217391304348 0.4103260869565217 0.4423913043478261
44 0.4415760869565217 0.5152173913043478 0.45652173913043476 0.532608695652174 0.46603260869565216 0.5608695652173913 0.47690217391304346 0.5630434782608695 0.4782608695652174 0.5304347826086956 0.4904891304347826 0.5141304347826087 0.5108695652173914 0.5021739130434782 0.5081521739130435 0.48369565217391297 0.4796195652173913 0.4695652173913043 0.4442934782608695 0.4902173913043478 0.4415760869565217 0.5152173913043478
44 0.5842391304347826 0.28260869565217395 0.6032608695652174 0.2967391304347826 0.638586956521739 0.3358695652173913 0.639945652173913 0.3434782608695652 0.671195652173913 0.33369565217391306 0.6875 0.31956521739130433 0.6929347826086956 0.3 0.6834239130434783 0.28695652173913044 0.6331521739130435 0.2532608695652174 0.6127717391304348 0.2532608695652174 0.5910326086956521 0.2673913043478261 0.5842391304347826 0.28260869565217395
44 0.1644021739130435 0.18804347826086956 0.1671195652173913 0.20652173913043476 0.2010869565217391 0.22717391304347828 0.22282608695652173 0.22717391304347828 0.25679347826086957 0.20978260869565216 0.24320652173913043 0.18478260869565216 0.24184782608695649 0.16739130434782606 0.2296195652173913 0.1576086956521739 0.19293478260869565 0.15434782608695652 0.17119565217391303 0.1706521739130435 0.1644021739130435 0.18804347826086956
44 0.2758152173913043 0.19782608695652174 0.28125 0.21195652173913043 0.30978260869565216 0.22391304347826085 0.34782608695652173 0.1858695652173913 0.3464673913043478 0.17391304347826086 0.3342391304347826 0.16630434782608697 0.2934782608695652 0.1641304347826087 0.27853260869565216 0.1782608695652174 0.2758152173913043 0.19782608695652174
44 0.41440217391304346 0.11847826086956521 0.41440217391304346 0.13369565217391305 0.45516304347826086 0.1391304347826087 0.4755434782608695 0.17282608695652174 0.4891304347826087 0.17391304347826086 0.5095108695652174 0.16521739130434782 0.5163043478260869 0.14456521739130435 0.514945652173913 0.13043478260869565 0.4959239130434782 0.1108695652173913 0.4728260869565217 0.1076086956521739 0.41983695652173914 0.11413043478260869 0.41440217391304346 0.11847826086956521
44 0.5720108695652174 0.2260869565217391 0.5978260869565217 0.24782608695652172 0.6168478260869565 0.25 0.638586956521739 0.23695652173913043 0.6440217391304348 0.2152173913043478 0.6290760869565217 0.1956521739130435 0.5869565217391304 0.1869565217391304 0.5692934782608695 0.2043478260869565 0.5720108695652174 0.2260869565217391
44 0.5108695652173914 0.23043478260869565 0.514945652173913 0.25217391304347825 0.5394021739130435 0.28152173913043477 0.5570652173913043 0.275 0.5706521739130435 0.2619565217391304 0.5747282608695652 0.2510869565217391 0.5652173913043479 0.22391304347826085 0.5394021739130435 0.20978260869565216 0.514945652173913 0.22065217391304345 0.5108695652173914 0.23043478260869565
44 0.03125 0.3282608695652174 0.04619565217391304 0.3565217391304348 0.0625 0.3641304347826087 0.09239130434782608 0.358695652173913 0.10190217391304349 0.34239130434782605 0.10054347826086955 0.29565217391304344 0.09510869565217392 0.2858695652173913 0.08016304347826086 0.2782608695652174 0.06657608695652174 0.2793478260869565 0.04483695652173913 0.2902173913043478 0.03125 0.30869565217391304 0.03125 0.3282608695652174
44 0.1331521739130435 0.2902173913043478 0.1453804347826087 0.30978260869565216 0.16847826086956522 0.325 0.19157608695652173 0.32173913043478264 0.20652173913043476 0.3065217391304348 0.21195652173913043 0.28260869565217395 0.21195652173913043 0.2652173913043478 0.1956521739130435 0.24130434782608695 0.18478260869565216 0.23695652173913043 0.15625 0.23695652173913043 0.13451086956521738 0.2576086956521739 0.1331521739130435 0.2902173913043478
44 0.17119565217391303 0.3760869565217391 0.1956521739130435 0.39565217391304347 0.23505434782608697 0.3902173913043478 0.24864130434782608 0.3739130434782608 0.24592391304347827 0.3565217391304348 0.22010869565217392 0.3282608695652174 0.20516304347826084 0.3293478260869565 0.18478260869565216 0.3391304347826087 0.17391304347826086 0.3565217391304348 0.17119565217391303 0.3760869565217391
44 0.03532608695652174 0.4413043478260869 0.04619565217391304 0.46304347826086956 0.08559782608695651 0.46847826086956523 0.09782608695652174 0.45108695652173914 0.08967391304347826 0.43478260869565216 0.09646739130434782 0.408695652173913 0.09375 0.3923913043478261 0.06385869565217392 0.38913043478260867 0.04483695652173913 0.4043478260869565 0.03940217391304347 0.41630434782608694 0.03532608695652174 0.4413043478260869
44 0.10597826086956522 0.3456521739130435 0.11005434782608696 0.3510869565217391 0.125 0.3576086956521739 0.15353260869565216 0.358695652173913 0.16847826086956522 0.3467391304347826 0.17255434782608697 0.33369565217391306 0.14945652173913043 0.3141304347826087 0.13043478260869565 0.28804347826086957 0.12092391304347824 0.2858695652173913 0.10733695652173914 0.3 0.10597826086956522 0.3456521739130435
44 0.3192934782608695 0.38804347826086955 0.34782608695652173 0.4032608695652174 0.36277173913043476 0.42608695652173917 0.40760869565217395 0.425 0.4130434782608695 0.42065217391304344 0.4130434782608695 0.3847826086956522 0.40760869565217395 0.375 0.35190217391304346 0.3543478260869565 0.3355978260869565 0.3576086956521739 0.32065217391304346 0.3695652173913043 0.3192934782608695 0.38804347826086955
44 0.5978260869565217 0.42826086956521736 0.6100543478260869 0.4326086956521739 0.6195652173913043 0.4445652173913043 0.6372282608695652 0.4445652173913043 0.6589673913043479 0.42826086956521736 0.65625 0.4054347826086956 0.6426630434782609 0.391304347826087 0.6154891304347826 0.3902173913043478 0.6046195652173914 0.39347826086956517 0.5991847826086956 0.4021739130434782 0.5978260869565217 0.42826086956521736
44 0.5190217391304348 0.4021739130434782 0.5529891304347826 0.41739130434782606 0.563858695652174 0.41739130434782606 0.5747282608695652 0.40108695652173915 0.5706521739130435 0.3793478260869565 0.5407608695652174 0.3652173913043478 0.5217391304347826 0.38152173913043474 0.5190217391304348 0.4021739130434782
44 0.10054347826086955 0.20760869565217394 0.10190217391304349 0.23804347826086958 0.10733695652173914 0.24347826086956523 0.1263586956521739 0.24782608695652172 0.15896739130434784 0.22065217391304345 0.15489130434782608 0.1923913043478261 0.125 0.19021739130434784 0.10733695652173914 0.19891304347826086 0.10054347826086955 0.20760869565217394
44 0.06793478260869565 0.2793478260869565 0.10190217391304349 0.2891304347826087 0.11956521739130435 0.2782608695652174 0.1263586956521739 0.2619565217391304 0.11413043478260869 0.24782608695652172 0.10054347826086955 0.24673913043478263 0.07065217391304349 0.2673913043478261 0.06793478260869565 0.2793478260869565
44 0.22826086956521738 0.1576086956521739 0.23641304347826084 0.16086956521739132 0.25 0.1782608695652174 0.26902173913043476 0.18043478260869567 0.28125 0.1706521739130435 0.28260869565217395 0.15434782608695652 0.27445652173913043 0.1326086956521739 0.2527173913043478 0.13043478260869565 0.2323369565217391 0.1467391304347826 0.22826086956521738 0.1576086956521739
44 0.45108695652173914 0.22065217391304345 0.45652173913043476 0.22717391304347828 0.47690217391304346 0.24456521739130435 0.49184782608695654 0.24456521739130435 0.49864130434782605 0.2391304347826087 0.5027173913043479 0.225 0.49864130434782605 0.20869565217391303 0.5027173913043479 0.1923913043478261 0.49728260869565216 0.18043478260869567 0.4904891304347826 0.17717391304347824 0.46739130434782605 0.1858695652173913 0.45244565217391297 0.2108695652173913 0.45108695652173914 0.22065217391304345
44 0.18342391304347824 0.45434782608695656 0.20244565217391303 0.4695652173913043 0.22282608695652173 0.4706521739130435 0.2323369565217391 0.4619565217391305 0.24592391304347827 0.4130434782608695 0.23369565217391303 0.4043478260869565 0.20244565217391303 0.4043478260869565 0.19429347826086957 0.40760869565217395 0.18070652173913043 0.42934782608695654 0.18342391304347824 0.45434782608695656
44 0.47146739130434784 0.30326086956521736 0.4850543478260869 0.30978260869565216 0.5067934782608695 0.30543478260869567 0.514945652173913 0.30978260869565216 0.532608695652174 0.29239130434782606 0.532608695652174 0.2760869565217391 0.5230978260869565 0.2597826086956522 0.5 0.24782608695652172 0.48369565217391297 0.2510869565217391 0.4728260869565217 0.2673913043478261 0.47146739130434784 0.30326086956521736
44 0.2608695652173913 0.5793478260869566 0.27853260869565216 0.5858695652173913 0.327445652173913 0.5880434782608696 0.34103260869565216 0.575 0.33152173913043476 0.5565217391304348 0.3029891304347826 0.5532608695652174 0.2866847826086957 0.5467391304347826 0.2758152173913043 0.5489130434782609 0.2595108695652174 0.567391304347826 0.2608695652173913 0.5793478260869566
44 0.59375 0.5706521739130435 0.6195652173913043 0.5967391304347827 0.6644021739130435 0.6065217391304347 0.6942934782608695 0.5945652173913043 0.701086956521739 0.5826086956521739 0.6956521739130435 0.5565217391304348 0.6644021739130435 0.5271739130434783 0.65625 0.5239130434782608 0.6304347826086956 0.525 0.5978260869565217 0.5423913043478261 0.59375 0.5706521739130435
44 0.5339673913043479 0.6271739130434782 0.563858695652174 0.657608695652174 0.6046195652173914 0.657608695652174 0.6304347826086956 0.633695652173913 0.6222826086956521 0.6021739130434782 0.608695652173913 0.5858695652173913 0.5896739130434783 0.575 0.5679347826086956 0.5782608695652174 0.5339673913043479 0.608695652173913 0.5339673913043479 0.6271739130434782
44 0.4103260869565217 0.6456521739130434 0.4266304347826087 0.6641304347826087 0.45652173913043476 0.6728260869565217 0.5 0.6652173913043479 0.5135869565217391 0.6554347826086956 0.5244565217391304 0.6369565217391304 0.5230978260869565 0.6282608695652174 0.5135869565217391 0.6195652173913043 0.4728260869565217 0.6054347826086957 0.4320652173913043 0.6097826086956522 0.4157608695652174 0.6195652173913043 0.4103260869565217 0.6282608695652174 0.4103260869565217 0.6456521739130434
44 0.6739130434782609 0.6271739130434782 0.7092391304347826 0.6565217391304348 0.7432065217391304 0.6521739130434783 0.7663043478260869 0.6413043478260869 0.7676630434782609 0.6315217391304347 0.7608695652173914 0.6206521739130435 0.7459239130434783 0.6043478260869566 0.7255434782608695 0.5934782608695652 0.702445652173913 0.5945652173913043 0.6779891304347826 0.6130434782608696 0.6739130434782609 0.6271739130434782
44 0.7432065217391304 0.5967391304347827 0.7744565217391304 0.6304347826086956 0.8029891304347826 0.6304347826086956 0.8220108695652174 0.6217391304347826 0.8206521739130433 0.5826086956521739 0.8029891304347826 0.5597826086956521 0.7663043478260869 0.5543478260869565 0.7540760869565217 0.5597826086956521 0.7418478260869565 0.575 0.7432065217391304 0.5967391304347827
44 0.702445652173913 0.46304347826086956 0.7364130434782609 0.508695652173913 0.779891304347826 0.5108695652173914 0.7894021739130435 0.5076086956521739 0.8070652173913043 0.4902173913043478 0.8097826086956521 0.4706521739130435 0.8057065217391305 0.4532608695652174 0.7744565217391304 0.4304347826086956 0.7608695652173914 0.42608695652173917 0.7241847826086956 0.425 0.702445652173913 0.44565217391304346 0.702445652173913 0.46304347826086956
44 0.9211956521739131 0.7782608695652173 0.9320652173913043 0.7880434782608695 0.9538043478260869 0.7956521739130434 0.9660326086956521 0.7945652173913043 0.9864130434782608 0.7771739130434783 0.9945652173913043 0.758695652173913 0.982336956521739 0.7347826086956522 0.9497282608695652 0.7293478260869566 0.9307065217391305 0.7369565217391304 0.9184782608695652 0.7532608695652174 0.9211956521739131 0.7782608695652173
44 0.8206521739130433 0.7489130434782608 0.8355978260869564 0.7663043478260869 0.857336956521739 0.7760869565217391 0.8858695652173912 0.7782608695652173 0.90625 0.7619565217391304 0.9130434782608695 0.7434782608695653 0.9130434782608695 0.7130434782608696 0.8940217391304348 0.6945652173913043 0.8682065217391305 0.692391304347826 0.8396739130434783 0.7043478260869566 0.8220108695652174 0.733695652173913 0.8206521739130433 0.7489130434782608
44 0.8315217391304348 0.6054347826086957 0.8423913043478259 0.6206521739130435 0.861413043478261 0.6271739130434782 0.8940217391304348 0.6206521739130435 0.9184782608695652 0.5967391304347827 0.923913043478261 0.5804347826086956 0.9184782608695652 0.5597826086956521 0.8845108695652174 0.5456521739130434 0.8491847826086957 0.5554347826086956 0.8288043478260869 0.575 0.8315217391304348 0.6054347826086957
44 0.8899456521739131 0.532608695652174 0.8967391304347826 0.5456521739130434 0.9293478260869564 0.5608695652173913 0.9701086956521738 0.5652173913043479 0.9864130434782608 0.5597826086956521 0.9986413043478259 0.5456521739130434 0.9959239130434783 0.5260869565217392 0.9701086956521738 0.5 0.9456521739130433 0.4891304347826087 0.9157608695652174 0.49347826086956526 0.8913043478260869 0.5173913043478261 0.8899456521739131 0.532608695652174
44 0.8206521739130433 0.47391304347826085 0.8247282608695652 0.4782608695652174 0.8600543478260869 0.48478260869565215 0.8804347826086957 0.5021739130434782 0.8940217391304348 0.5010869565217392 0.9144021739130433 0.4902173913043478 0.9211956521739131 0.45760869565217394 0.9171195652173912 0.4391304347826087 0.9076086956521738 0.4304347826086956 0.875 0.42391304347826086 0.830163043478261 0.4391304347826087 0.8233695652173912 0.4478260869565217 0.8206521739130433 0.47391304347826085
44 0.796195652173913 0.5489130434782609 0.8206521739130433 0.5641304347826087 0.8355978260869564 0.5619565217391304 0.8722826086956521 0.5423913043478261 0.875 0.5054347826086956 0.8682065217391305 0.4923913043478261 0.8546195652173912 0.48369565217391297 0.8274456521739131 0.48369565217391297 0.8070652173913043 0.4967391304347826 0.7934782608695652 0.5173913043478261 0.796195652173913 0.5489130434782609
44 0.8057065217391305 0.682608695652174 0.8179347826086957 0.692391304347826 0.84375 0.7 0.8682065217391305 0.6902173913043479 0.8736413043478259 0.658695652173913 0.8682065217391305 0.6467391304347826 0.8546195652173912 0.6369565217391304 0.8179347826086957 0.6271739130434782 0.7934782608695652 0.6434782608695653 0.8057065217391305 0.682608695652174
44 0.90625 0.6315217391304347 0.9211956521739131 0.6565217391304348 0.9497282608695652 0.6652173913043479 0.9796195652173912 0.6597826086956522 0.9986413043478259 0.625 0.9986413043478259 0.6152173913043478 0.9741847826086957 0.5847826086956521 0.955163043478261 0.5782608695652174 0.9334239130434783 0.5782608695652174 0.9252717391304348 0.583695652173913 0.9076086956521738 0.6119565217391304 0.90625 0.6315217391304347
44 0.7119565217391304 0.5521739130434782 0.7364130434782609 0.567391304347826 0.7472826086956521 0.5652173913043479 0.764945652173913 0.5532608695652174 0.782608695652174 0.55 0.779891304347826 0.532608695652174 0.751358695652174 0.5108695652173914 0.7282608695652174 0.5108695652173914 0.7146739130434783 0.5271739130434783 0.7119565217391304 0.5521739130434782
44 0.626358695652174 0.5141304347826087 0.6358695652173914 0.5206521739130434 0.6793478260869565 0.5065217391304347 0.686141304347826 0.4945652173913043 0.6834239130434783 0.4706521739130435 0.6644021739130435 0.458695652173913 0.6426630434782609 0.4804347826086956 0.626358695652174 0.5065217391304347 0.626358695652174 0.5141304347826087
44 0.9211956521739131 0.48695652173913045 0.9266304347826086 0.48695652173913045 0.951086956521739 0.4706521739130435 0.9524456521739131 0.4619565217391305 0.9402173913043479 0.43804347826086953 0.9184782608695652 0.43804347826086953 0.9211956521739131 0.48695652173913045
44 0.33016304347826086 0.6228260869565216 0.34782608695652173 0.6347826086956522 0.36277173913043476 0.6380434782608695 0.40625 0.6326086956521739 0.42119565217391297 0.6097826086956522 0.4171195652173913 0.6054347826086957 0.327445652173913 0.608695652173913 0.33016304347826086 0.6228260869565216
44 0.501358695652174 0.20543478260869566 0.5081521739130435 0.21956521739130436 0.5570652173913043 0.2152173913043478 0.5665760869565217 0.20326086956521738 0.5665760869565217 0.1956521739130435 0.5584239130434783 0.1891304347826087 0.5339673913043479 0.18152173913043476 0.5108695652173914 0.1869565217391304 0.5040760869565217 0.19456521739130433 0.501358695652174 0.20543478260869566