42 0.515625 0.2796875 0.521875 0.2765625 0.534375 0.278125 0.559375 0.290625 0.571875 0.2921875 0.596875 0.30625 0.6140625 0.3125 0.6265625 0.321875 0.634375 0.3234375 0.6421875 0.33125 0.6640625 0.3390625 0.6875 0.3546875 0.6921875 0.3546875 0.7078125 0.365625 0.7171875 0.36875 0.7203125 0.3734375 0.728125 0.375 0.75 0.3859375 0.7578125 0.39375 0.75625 0.41875 0.759375 0.425 0.7546875 0.428125 0.74375 0.4265625 0.7296875 0.41875 0.728125 0.415625 0.7203125 0.4140625 0.7140625 0.4078125 0.703125 0.403125 0.6953125 0.3953125 0.690625 0.3953125 0.68125 0.3875 0.675 0.384375 0.6671875 0.384375 0.665625 0.38125 0.6578125 0.3796875 0.6515625 0.3734375 0.6328125 0.3640625 0.625 0.3640625 0.6234375 0.3609375 0.6109375 0.353125 0.6046875 0.353125 0.5921875 0.3421875 0.5625 0.328125 0.559375 0.321875 0.55 0.321875 0.5296875 0.3140625 0.525 0.309375 0.51875 0.2921875 0.515625 0.290625 0.515625 0.28125
42 0.771875 0.175 0.7828125 0.1796875 0.8015625 0.19375 0.8046875 0.1984375 0.8078125 0.1984375 0.8171875 0.2125 0.815625 0.225 0.80625 0.225 0.7953125 0.21875 0.771875 0.2140625 0.76875 0.2109375 0.75625 0.2125 0.753125 0.209375 0.7546875 0.2015625 0.7609375 0.1890625 0.765625 0.184375 0.7671875 0.178125 0.771875 0.1765625
42 0.6171875 0.365625 0.63125 0.365625 0.65625 0.38125 0.68125 0.390625 0.696875 0.4 0.6984375 0.403125 0.7078125 0.40625 0.71875 0.4171875 0.725 0.4203125 0.73125 0.428125 0.7390625 0.4328125 0.7390625 0.4359375 0.74375 0.4375 0.771875 0.4671875 0.7765625 0.46875 0.784375 0.478125 0.790625 0.4796875 0.8015625 0.4921875 0.8015625 0.4984375 0.796875 0.5015625 0.775 0.4984375 0.765625 0.490625 0.75 0.484375 0.7359375 0.475 0.7078125 0.4484375 0.703125 0.446875 0.68125 0.41875 0.6671875 0.4125 0.6515625 0.4015625 0.64375 0.39375 0.6421875 0.3890625 0.6296875 0.38125 0.6234375 0.3734375 0.61875 0.371875 0.6171875 0.3671875
42 0.9546875 0.2953125 0.959375 0.2984375 0.959375 0.30625 0.9546875 0.321875 0.946875 0.3328125 0.9421875 0.334375 0.934375 0.3421875 0.93125 0.3421875 0.9234375 0.35 0.90625 0.3609375 0.9046875 0.3640625 0.890625 0.3703125 0.8859375 0.3703125 0.8828125 0.3734375 0.875 0.3734375 0.8546875 0.384375 0.834375 0.384375 0.8328125 0.3859375 0.815625 0.3859375 0.809375 0.38125 0.80625 0.375 0.815625 0.365625 0.8359375 0.3625 0.8546875 0.34375 0.8625 0.340625 0.865625 0.3359375 0.871875 0.334375 0.8890625 0.3234375 0.8953125 0.3234375 0.9109375 0.3125 0.915625 0.3125 0.9296875 0.303125 0.9359375 0.303125 0.9453125 0.2953125 0.953125 0.2953125
42 0.8734375 0.2921875 0.8765625 0.296875 0.8765625 0.3015625 0.8703125 0.3296875 0.834375 0.3609375 0.825 0.3609375 0.8140625 0.3578125 0.809375 0.3515625 0.8203125 0.33125 0.825 0.3140625 0.8359375 0.3125 0.8421875 0.309375 0.84375 0.30625 0.871875 0.29375
42 0.9 0.215625 0.9015625 0.23125 0.8953125 0.24375 0.8859375 0.253125 0.884375 0.2578125 0.8765625 0.2609375 0.8734375 0.265625 0.8578125 0.2734375 0.853125 0.278125 0.846875 0.2796875 0.8328125 0.290625 0.825 0.290625 0.8234375 0.278125 0.81875 0.2734375 0.8140625 0.2734375 0.8109375 0.26875 0.80625 0.2703125 0.8015625 0.265625 0.790625 0.275 0.78125 0.2734375 0.78125 0.26875 0.790625 0.265625 0.7953125 0.2609375 0.8015625 0.2609375 0.8140625 0.2515625 0.821875 0.25 0.834375 0.240625 0.8390625 0.240625 0.84375 0.2359375 0.878125 0.2171875 0.8859375 0.2140625 0.8984375 0.215625
42 0.790625 0.365625 0.821875 0.396875 0.821875 0.4 0.8265625 0.4046875 0.83125 0.40625 0.84375 0.4203125 0.85625 0.428125 0.86875 0.4421875 0.8703125 0.4640625 0.8671875 0.4703125 0.8671875 0.4765625 0.859375 0.484375 0.8546875 0.484375 0.846875 0.4765625 0.8421875 0.465625 0.834375 0.4578125 0.834375 0.4546875 0.8265625 0.446875 0.8234375 0.446875 0.8 0.421875 0.796875 0.421875 0.7984375 0.4109375 0.79375 0.409375 0.790625 0.4140625 0.7875 0.4140625 0.784375 0.4109375 0.78125 0.4 0.7734375 0.39375 0.771875 0.390625 0.7734375 0.3703125 0.778125 0.365625 0.7890625 0.365625
42 0.8734375 0.4484375 0.8875 0.4484375 0.9125 0.459375 0.921875 0.459375 0.93125 0.4640625 0.953125 0.46875 0.9578125 0.478125 0.9578125 0.496875 0.9484375 0.509375 0.940625 0.509375 0.9359375 0.503125 0.9265625 0.4984375 0.9203125 0.4984375 0.9046875 0.4890625 0.896875 0.4890625 0.8734375 0.478125 0.871875 0.4765625 0.8734375 0.45
42 0.8953125 0.3875 0.9046875 0.39375 0.9078125 0.4015625 0.903125 0.4125 0.89375 0.4203125 0.8859375 0.4234375 0.884375 0.4265625 0.878125 0.4265625 0.865625 0.4328125 0.859375 0.425 0.85625 0.425 0.8375 0.4125 0.834375 0.40625 0.8296875 0.4046875 0.8203125 0.3953125 0.8203125 0.390625 0.846875 0.3859375 0.89375 0.3875
42 0.615625 0.16875 0.625 0.1609375 0.625 0.1578125 0.6296875 0.1546875 0.640625 0.1375 0.659375 0.11875 0.678125 0.109375 0.6890625 0.109375 0.6921875 0.1125 0.6734375 0.1515625 0.665625 0.159375 0.665625 0.1625 0.659375 0.16875 0.64375 0.1953125 0.6234375 0.2203125 0.6140625 0.234375 0.6140625 0.2390625 0.6 0.2578125 0.5765625 0.2796875 0.5734375 0.2796875 0.5671875 0.2859375 0.5609375 0.2859375 0.546875 0.2796875 0.5453125 0.2734375 0.5625 0.246875 0.5625 0.24375 0.565625 0.240625 0.5703125 0.240625 0.5796875 0.23125 0.584375 0.2234375 0.584375 0.21875 0.5953125 0.209375 0.6078125 0.209375 0.615625 0.2125 0.61875 0.209375 0.6203125 0.1984375 0.609375 0.1859375 0.609375 0.1765625 0.615625 0.1703125
42 0.8171875 0.4671875 0.821875 0.46875 0.825 0.4765625 0.8328125 0.484375 0.8359375 0.4953125 0.853125 0.51875 0.8734375 0.559375 0.884375 0.5734375 0.884375 0.578125 0.9046875 0.60625 0.9046875 0.6109375 0.9234375 0.6484375 0.921875 0.659375 0.915625 0.665625 0.9046875 0.6640625 0.8734375 0.634375 0.84375 0.5890625 0.84375 0.584375 0.8375 0.578125 0.8234375 0.55 0.8125 0.540625 0.8125 0.5359375 0.8 0.515625 0.7984375 0.5046875 0.8046875 0.4953125 0.803125 0.4859375 0.8109375 0.478125 0.8125 0.46875 0.815625 0.46875
42 0.678125 0.234375 0.6859375 0.2296875 0.70625 0.2296875 0.709375 0.240625 0.7078125 0.2453125 0.68125 0.2859375 0.6703125 0.2875 0.665625 0.2921875 0.6609375 0.2921875 0.6578125 0.2890625 0.65625 0.290625 0.65625 0.296875 0.6578125 0.2984375 0.6609375 0.296875 0.6640625 0.3 0.665625 0.321875 0.6578125 0.321875 0.6546875 0.3265625 0.6546875 0.33125 0.646875 0.3296875 0.6359375 0.3234375 0.6359375 0.3109375 0.646875 0.290625 0.646875 0.2859375 0.653125 0.278125 0.6578125 0.2640625 0.678125 0.2359375
42 0.7390625 0.153125 0.7515625 0.1578125 0.7640625 0.1671875 0.7671875 0.171875 0.7671875 0.1796875 0.759375 0.1953125 0.7484375 0.209375 0.7421875 0.2234375 0.7390625 0.2375 0.728125 0.25 0.7265625 0.2578125 0.7203125 0.2609375 0.715625 0.2671875 0.7046875 0.265625 0.7 0.2609375 0.709375 0.24375 0.709375 0.234375 0.703125 0.228125 0.709375 0.2171875 0.709375 0.209375 0.7125 0.2078125 0.715625 0.1984375 0.71875 0.196875 0.71875 0.1875 0.7296875 0.159375 0.73125 0.15625 0.7375 0.153125
7 0.27853260869565216 0.5095108695652174 0.28804347826086957 0.5339673913043479 0.2866847826086957 0.5720108695652174 0.297554347826087 0.5991847826086956 0.33967391304347827 0.623641304347826 0.3559782608695652 0.65625 0.4008152173913043 0.702445652173913 0.43614130434782605 0.7567934782608695 0.4728260869565217 0.78125 0.5122282608695652 0.8220108695652174 0.5733695652173914 0.8342391304347826 0.5896739130434783 0.8328804347826086 0.6317934782608695 0.8070652173913043 0.6616847826086956 0.7975543478260869 0.6875 0.7758152173913043 0.7296195652173914 0.7554347826086956 0.782608695652174 0.7105978260869565 0.8070652173913043 0.6154891304347826 0.8070652173913043 0.5910326086956521 0.7907608695652174 0.5543478260869565 0.7839673913043478 0.5108695652173914 0.720108695652174 0.46603260869565216 0.6807065217391304 0.4225543478260869 0.6508152173913043 0.40760869565217395 0.6059782608695652 0.3695652173913043 0.49728260869565216 0.3355978260869565 0.37092391304347827 0.3695652173913043 0.34239130434782605 0.3872282608695652 0.3220108695652174 0.39266304347826086 0.30842391304347827 0.40489130434782605 0.2921195652173913 0.4429347826086956 0.27989130434782605 0.49864130434782605 0.27853260869565216 0.5095108695652174
31 0.08967391304347826 0.30570652173913043 0.09782608695652174 0.3070652173913043 0.10597826086956522 0.3247282608695652 0.09782608695652174 0.3342391304347826 0.10054347826086955 0.34239130434782605 0.11548913043478262 0.34375 0.13179347826086957 0.33016304347826086 0.1480978260869565 0.3355978260869565 0.14266304347826086 0.37635869565217395 0.15896739130434784 0.3953804347826087 0.17119565217391303 0.3967391304347826 0.20516304347826084 0.4157608695652174 0.22010869565217392 0.4157608695652174 0.2296195652173913 0.40353260869565216 0.2391304347826087 0.4008152173913043 0.2730978260869565 0.4021739130434782 0.2934782608695652 0.4116847826086956 0.3817934782608695 0.358695652173913 0.43478260869565216 0.34782608695652173 0.5040760869565217 0.3233695652173913 0.5135869565217391 0.3070652173913043 0.5108695652173914 0.28804347826086957 0.5258152173913043 0.2703804347826087 0.5434782608695652 0.26902173913043476 0.5584239130434783 0.24184782608695649 0.5733695652173914 0.2323369565217391 0.5855978260869565 0.21331521739130435 0.6114130434782609 0.20652173913043476 0.6127717391304348 0.19429347826086957 0.6019021739130435 0.17119565217391303 0.5855978260869565 0.16304347826086957 0.5896739130434783 0.10461956521739131 0.577445652173913 0.08288043478260869 0.5665760869565217 0.08152173913043478 0.5529891304347826 0.08831521739130435 0.5366847826086956 0.08016304347826086 0.5163043478260869 0.059782608695652176 0.4932065217391304 0.07065217391304349 0.46739130434782605 0.06657608695652174 0.45652173913043476 0.08967391304347826 0.3654891304347826 0.09103260869565218 0.36141304347826086 0.08423913043478261 0.34103260869565216 0.08831521739130435 0.33967391304347827 0.10190217391304349 0.328804347826087 0.11413043478260869 0.2839673913043478 0.15217391304347824 0.266304347826087 0.14130434782608697 0.2554347826086957 0.14266304347826086 0.25679347826086957 0.15489130434782608 0.22554347826086957 0.20244565217391303 0.21059782608695649 0.19701086956521738 0.1875 0.20380434782608697 0.1779891304347826 0.2010869565217391 0.16983695652173914 0.2078804347826087 0.16847826086956522 0.22282608695652173 0.15625 0.23505434782608697 0.11956521739130435 0.24864130434782608 0.08695652173913043 0.28940217391304346 0.08967391304347826 0.30570652173913043
55 0.15625 0.6766304347826086 0.1644021739130435 0.6983695652173914 0.1779891304347826 0.7105978260869565 0.2010869565217391 0.71875 0.2323369565217391 0.717391304347826 0.25407608695652173 0.6956521739130435 0.266304347826087 0.6725543478260869 0.26766304347826086 0.6277173913043479 0.2622282608695652 0.6154891304347826 0.24592391304347827 0.6059782608695652 0.2214673913043478 0.6046195652173914 0.1956521739130435 0.623641304347826 0.17119565217391303 0.6209239130434783 0.1576086956521739 0.6467391304347826 0.15625 0.6766304347826086
55 0.11141304347826086 0.4741847826086956 0.13994565217391303 0.5027173913043479 0.19972826086956522 0.48777173913043476 0.20923913043478262 0.4755434782608695 0.20380434782608697 0.4225543478260869 0.18206521739130435 0.4008152173913043 0.16032608695652173 0.4008152173913043 0.13451086956521738 0.41440217391304346 0.11005434782608696 0.44565217391304346 0.11141304347826086 0.4741847826086956
55 0.21875 0.48641304347826086 0.2703804347826087 0.5054347826086956 0.2839673913043478 0.4728260869565217 0.28940217391304346 0.43614130434782605 0.28532608695652173 0.41440217391304346 0.27853260869565216 0.40896739130434784 0.2391304347826087 0.4021739130434782 0.21195652173913043 0.4279891304347826 0.21875 0.48641304347826086
25 0.10733695652173914 0.5679347826086956 0.125 0.5910326086956521 0.17119565217391303 0.6168478260869565 0.19429347826086957 0.623641304347826 0.23097826086956524 0.6019021739130435 0.2554347826086957 0.6019021739130435 0.2839673913043478 0.577445652173913 0.28532608695652173 0.5353260869565217 0.27989130434782605 0.5230978260869565 0.2608695652173913 0.5054347826086956 0.22554347826086957 0.49184782608695654 0.20244565217391303 0.4904891304347826 0.15353260869565216 0.5 0.13043478260869565 0.5258152173913043 0.11277173913043478 0.5339673913043479 0.10461956521739131 0.5448369565217391 0.10733695652173914 0.5679347826086956
25 0.28125 0.6929347826086956 0.2934782608695652 0.7377717391304348 0.3247282608695652 0.763586956521739 0.3532608695652174 0.7744565217391304 0.36277173913043476 0.7839673913043478 0.3777173913043478 0.7853260869565217 0.42391304347826086 0.7622282608695652 0.4171195652173913 0.732336956521739 0.3777173913043478 0.6834239130434783 0.3546195652173913 0.6657608695652174 0.328804347826087 0.6589673913043479 0.3029891304347826 0.6657608695652174 0.28532608695652173 0.6779891304347826 0.28125 0.6929347826086956
11 0.2323369565217391 0.7377717391304348 0.24048913043478262 0.7730978260869565 0.25 0.782608695652174 0.26902173913043476 0.7839673913043478 0.2839673913043478 0.7989130434782609 0.3029891304347826 0.8315217391304348 0.33695652173913043 0.8451086956521738 0.3383152173913043 0.8586956521739131 0.3654891304347826 0.8451086956521738 0.3872282608695652 0.8206521739130433 0.37364130434782605 0.8138586956521738 0.37364130434782605 0.7894021739130435 0.36141304347826086 0.7894021739130435 0.358695652173913 0.7839673913043478 0.34375 0.779891304347826 0.33152173913043476 0.764945652173913 0.297554347826087 0.7459239130434783 0.2717391304347826 0.6684782608695652 0.25679347826086957 0.6970108695652174 0.23505434782608697 0.7160326086956521 0.2323369565217391 0.7377717391304348
11 0.25679347826086957 0.608695652173913 0.26902173913043476 0.6290760869565217 0.2703804347826087 0.6766304347826086 0.28804347826086957 0.6752717391304348 0.327445652173913 0.6521739130434783 0.33695652173913043 0.6372282608695652 0.328804347826087 0.6222826086956521 0.2866847826086957 0.5896739130434783 0.264945652173913 0.5978260869565217 0.25679347826086957 0.608695652173913
25 0.37590625 0.7866847826086956 0.35190217391304346 0.7853260869565217 0.36820652173913043 0.8002717391304348 0.37907608695652173 0.8288043478260869 0.40353260869565216 0.8057065217391305 0.41847826086956524 0.78125 0.41983695652173914 0.7717391304347826 0.40760869565217395 0.7703804347826086 0.37590625 0.7866847826086956