48 0.6140625 0.221875 0.615625 0.2234375 0.65625 0.225 0.815625 0.2515625 0.834375 0.2609375 0.8421875 0.2625 0.8515625 0.26875 0.8484375 0.2765625 0.8421875 0.28125 0.8265625 0.28125 0.8171875 0.2765625 0.809375 0.26875 0.7984375 0.2640625 0.7796875 0.2640625 0.7609375 0.2671875 0.7375 0.2625 0.7234375 0.26875 0.7140625 0.26875 0.684375 0.2625 0.6671875 0.2578125 0.6640625 0.2546875 0.646875 0.2515625 0.64375 0.2484375 0.6234375 0.2453125 0.5671875 0.225 0.5671875 0.2234375 0.6125 0.221875
48 0.803125 0.4640625 0.8171875 0.465625 0.828125 0.471875 0.83125 0.478125 0.8296875 0.4984375 0.8390625 0.5046875 0.8515625 0.5078125 0.85 0.515625 0.8390625 0.5140625 0.828125 0.515625 0.796875 0.528125 0.78125 0.5296875 0.78125 0.5203125 0.7859375 0.5140625 0.7859375 0.509375 0.7921875 0.5015625 0.8015625 0.496875 0.80625 0.4890625 0.8015625 0.48125 0.7921875 0.4765625 0.7921875 0.4734375 0.8015625 0.46875 0.803125 0.465625
48 0.3953125 0.2359375 0.3953125 0.240625 0.384375 0.253125 0.384375 0.265625 0.375 0.2765625 0.3421875 0.28125 0.31875 0.28125 0.2859375 0.2703125 0.2359375 0.2625 0.228125 0.259375 0.21875 0.259375 0.215625 0.2578125 0.215625 0.2546875 0.2328125 0.25 0.29375 0.2453125 0.334375 0.2390625 0.39375 0.2359375
48 0.9234375 0.5109375 0.946875 0.5140625 0.9609375 0.5203125 0.96875 0.51875 0.984375 0.5203125 0.9984375 0.5328125 0.9984375 0.5734375 0.9890625 0.5828125 0.9625 0.6015625 0.946875 0.609375 0.93125 0.6140625 0.921875 0.6203125 0.9015625 0.6265625 0.8953125 0.6265625 0.8640625 0.6390625 0.85 0.6421875 0.8359375 0.65 0.8265625 0.6515625 0.8109375 0.659375 0.796875 0.6625 0.790625 0.6671875 0.7859375 0.6671875 0.7734375 0.6765625 0.759375 0.678125 0.7359375 0.6890625 0.7203125 0.6890625 0.6953125 0.696875 0.6890625 0.7015625 0.6703125 0.7046875 0.665625 0.7078125 0.6390625 0.709375 0.621875 0.715625 0.5984375 0.71875 0.5828125 0.725 0.5734375 0.7265625 0.5671875 0.725 0.5296875 0.7359375 0.4765625 0.74375 0.4609375 0.74375 0.4546875 0.746875 0.4328125 0.746875 0.3984375 0.740625 0.3875 0.7359375 0.3703125 0.734375 0.3453125 0.721875 0.3359375 0.7125 0.334375 0.6890625 0.34375 0.6765625 0.34375 0.6734375 0.3546875 0.6671875 0.36875 0.6640625 0.390625 0.6453125 0.425 0.6390625 0.4375 0.634375 0.453125 0.634375 0.46875 0.63125 0.4984375 0.63125 0.51875 0.628125 0.53125 0.6296875 0.5484375 0.625 0.578125 0.6265625 0.5875 0.621875 0.615625 0.6203125 0.6421875 0.615625 0.6671875 0.615625 0.66875 0.6140625 0.6703125 0.615625 0.6734375 0.6140625 0.7078125 0.6140625 0.709375 0.615625 0.7296875 0.6125 0.759375 0.6125 0.7796875 0.6078125 0.8203125 0.6078125 0.8453125 0.6046875 0.853125 0.6015625 0.85625 0.596875 0.85625 0.584375 0.85 0.56875 0.8421875 0.5625 0.8046875 0.559375 0.8 0.5484375 0.7921875 0.54375 0.790625 0.5359375 0.8015625 0.5296875 0.8109375 0.528125 0.8203125 0.5234375 0.8515625 0.521875 0.8859375 0.5109375 0.921875 0.5109375
34 0.1467391304347826 0.43654434250764523 0 0.4380733944954128 0 0.6154434250764526 0.006793478260869565 0.6253822629969419 0.02717391304347826 0.6383792048929664 0.05298913043478261 0.6498470948012233 0.09103260869565218 0.6567278287461773 0.24728260869565216 0.654434250764526 0.2730978260869565 0.6391437308868502 0.296195652173913 0.6376146788990826 0.32608695652173914 0.6299694189602446 0.3383152173913043 0.6100917431192661 0.3383152173913043 0.5986238532110091 0.30842391304347827 0.5114678899082569 0.30978260869565216 0.49617737003058104 0.3029891304347826 0.4870030581039755 0.28940217391304346 0.47629969418960244 0.264945652173913 0.4732415902140673 0.2608695652173913 0.45565749235474007 0.24864130434782608 0.4525993883792049 0.21467391304347827 0.4541284403669724 0.20516304347826084 0.44648318042813456 0.1888586956521739 0.44342507645259943 0.17119565217391303 0.43119266055045874 0.16032608695652173 0.4281345565749235 0.1467391304347826 0.43654434250764523
34 0 0.36850152905198774 0.014945652173913044 0.3937308868501529 0.04755434782608696 0.418960244648318 0.07744565217391304 0.4350152905198777 0.10190217391304349 0.4380733944954128 0.12092391304347824 0.44495412844036697 0.1358695652173913 0.4418960244648318 0.1480978260869565 0.4327217125382263 0.17527173913043476 0.4327217125382263 0.1888586956521739 0.4418960244648318 0.21467391304347827 0.4510703363914373 0.2608695652173913 0.4510703363914373 0.27853260869565216 0.44724770642201833 0.3029891304347826 0.44036697247706424 0.3355978260869565 0.4166666666666667 0.34510869565217395 0.39220183486238536 0.37635869565217395 0.382262996941896 0.40625 0.3845565749235474 0.43478260869565216 0.3738532110091743 0.45244565217391297 0.3746177370030581 0.47010869565217395 0.3623853211009174 0.46875 0.35550458715596334 0.45652173913043476 0.3448012232415902 0.4442934782608695 0.34021406727828746 0.43478260869565216 0.32798165137614677 0.42527173913043476 0.3256880733944954 0.40760869565217395 0.31269113149847094 0.3967391304347826 0.308868501529052 0.39402173913043476 0.3119266055045872 0.38315217391304346 0.31116207951070335 0.3383152173913043 0.2889908256880734 0.28260869565217395 0.2706422018348624 0.21331521739130435 0.2591743119266055 0.13994565217391303 0.2652905198776758 0.09239130434782608 0.2821100917431193 0.0625 0.28287461773700306 0.03940217391304347 0.2958715596330275 0.021739130434782608 0.29892966360856266 0.002717391304347826 0.3134556574923547 0 0.36850152905198774
11 0.2717391304347826 0.4732415902140673 0.2934782608695652 0.47477064220183485 0.31385869565217395 0.4938837920489297 0.3125 0.5298165137614679 0.31657608695652173 0.5389908256880733 0.327445652173913 0.5443425076452599 0.35190217391304346 0.5420489296636085 0.3505434782608695 0.5466360856269113 0.36141304347826086 0.5542813455657492 0.389945652173913 0.5657492354740061 0.3953804347826087 0.5642201834862386 0.43885869565217395 0.5749235474006116 0.46739130434782605 0.5726299694189603 0.48369565217391297 0.577217125382263 0.5203804347826086 0.5764525993883792 0.5475543478260869 0.5825688073394495 0.561141304347826 0.577217125382263 0.6209239130434783 0.5764525993883792 0.6535326086956521 0.5695718654434251 0.6616847826086956 0.5703363914373089 0.6847826086956521 0.5626911314984709 0.7771739130434783 0.5611620795107034 0.7934782608695652 0.5581039755351682 0.7744565217391304 0.5290519877675841 0.8016304347826086 0.48776758409785936 0.796195652173913 0.4801223241590214 0.7527173913043479 0.4571865443425076 0.7377717391304348 0.45642201834862384 0.7146739130434783 0.4480122324159021 0.701086956521739 0.43654434250764523 0.6956521739130435 0.4250764525993883 0.6875 0.4212538226299694 0.688858695652174 0.3937308868501529 0.6820652173913043 0.3952599388379205 0.6779891304347826 0.38837920489296635 0.6521739130434783 0.3845565749235474 0.6413043478260869 0.3746177370030581 0.6277173913043479 0.3738532110091743 0.6222826086956521 0.36926605504587157 0.6059782608695652 0.36697247706422015 0.5842391304347826 0.36926605504587157 0.5679347826086956 0.37920489296636084 0.5489130434782609 0.3730886850152905 0.5285326086956521 0.3730886850152905 0.47622282608695654 0.3891437308868501 0.4592391304347826 0.38837920489296635 0.45652173913043476 0.3837920489296636 0.43885869565217395 0.3776758409785933 0.40489130434782605 0.38685015290519875 0.37635869565217395 0.3845565749235474 0.35733695652173914 0.3906727828746177 0.34375 0.40443425076452594 0.3383152173913043 0.41743119266055045 0.3029891304347826 0.44266055045871555 0.28532608695652173 0.44724770642201833 0.2703804347826087 0.45642201834862384 0.2717391304347826 0.4732415902140673
11 0.8478260869565217 0.28363914373088683 0.8138586956521738 0.29434250764525993 0.8057065217391305 0.31269113149847094 0.7866847826086956 0.3172782874617737 0.782608695652174 0.31574923547400613 0.7554347826086956 0.3264525993883792 0.7445652173913043 0.3264525993883792 0.7404891304347826 0.32798165137614677 0.7418478260869565 0.3348623853211009 0.7663043478260869 0.35397553516819574 0.78125 0.35550458715596334 0.8247282608695652 0.37155963302752293 0.8600543478260869 0.3776758409785933 0.875 0.3891437308868501 0.888586956521739 0.4074923547400611 0.9347826086956521 0.41743119266055045 0.9538043478260869 0.41590214067278286 0.9769021739130433 0.4090214067278287 0.9986413043478259 0.40825688073394495 0.9986413043478259 0.3432721712538226 0.9877717391304348 0.33868501529051986 0.9769021739130433 0.32492354740061163 0.9728260869565217 0.286697247706422 0.9633152173913043 0.2821100917431193 0.9334239130434783 0.2859327217125382 0.9225543478260869 0.2805810397553517 0.9225543478260869 0.2759938837920489 0.9116847826086957 0.268348623853211 0.8967391304347826 0.26452599388379205 0.8682065217391305 0.2652905198776758 0.8478260869565217 0.28363914373088683
11 0.6820652173913043 0.3799694189602446 0.6847826086956521 0.3830275229357798 0.6983695652173914 0.3814984709480122 0.7065217391304348 0.3876146788990825 0.7078804347826086 0.39449541284403666 0.6929347826086956 0.40443425076452594 0.717391304347826 0.4418960244648318 0.7296195652173914 0.45336391437308865 0.7581521739130435 0.45871559633027525 0.782608695652174 0.4686544342507645 0.7894021739130435 0.459480122324159 0.7717391304347826 0.44342507645259943 0.763586956521739 0.41590214067278286 0.7622282608695652 0.38837920489296635 0.7690217391304348 0.36850152905198774 0.7608695652173914 0.35550458715596334 0.7296195652173914 0.33715596330275227 0.6875 0.3486238532110092 0.6820652173913043 0.3799694189602446
11 0.7051630434782609 0.2851681957186544 0.7092391304347826 0.29892966360856266 0.7404891304347826 0.3119266055045872 0.7608695652173914 0.31116207951070335 0.7771739130434783 0.31422018348623854 0.7989130434782609 0.3103975535168196 0.8070652173913043 0.2958715596330275 0.8206521739130433 0.2882262996941896 0.8206521739130433 0.28363914373088683 0.8029891304347826 0.26758409785932724 0.7894021739130435 0.2652905198776758 0.7690217391304348 0.268348623853211 0.7377717391304348 0.26452599388379205 0.7092391304347826 0.2805810397553517 0.7051630434782609 0.2851681957186544
11 0.830163043478261 0.49617737003058104 0.8396739130434783 0.5022935779816514 0.9388586956521738 0.5084097859327217 0.9592391304347826 0.5160550458715596 0.9728260869565217 0.5137614678899083 0.9932065217391305 0.518348623853211 0.9986413043478259 0.5160550458715596 0.9945652173913043 0.4839449541284403 0.9836956521739131 0.4770642201834862 0.955163043478261 0.46941896024464824 0.9279891304347826 0.46559633027522934 0.892663043478261 0.46712538226299694 0.8682065217391305 0.4770642201834862 0.8546195652173912 0.47859327217125386 0.8519021739130433 0.4740061162079511 0.8451086956521738 0.47629969418960244 0.8369565217391305 0.4740061162079511 0.8328804347826086 0.4801223241590214 0.830163043478261 0.49617737003058104
11 0.764945652173913 0.4128440366972477 0.7717391304347826 0.4350152905198777 0.78125 0.44266055045871555 0.782608695652174 0.4388379204892966 0.8043478260869564 0.4319571865443425 0.830163043478261 0.4350152905198777 0.8790760869565217 0.4235474006116208 0.8790760869565217 0.41360856269113155 0.8858695652173912 0.40443425076452594 0.8586956521739131 0.3776758409785933 0.8070652173913043 0.36926605504587157 0.7907608695652174 0.36926605504587157 0.7853260869565217 0.3662079510703364 0.7730978260869565 0.36926605504587157 0.764945652173913 0.3853211009174312 0.764945652173913 0.4128440366972477
13 0.375 0.3012232415902141 0.3804347826086957 0.30504587155963303 0.40760869565217395 0.30198776758409784 0.41440217391304346 0.3058103975535168 0.43885869565217395 0.25993883792048933 0.4959239130434782 0.18654434250764526 0.48777173913043476 0.1735474006116208 0.45652173913043476 0.17507645259938837 0.42934782608695654 0.19648318042813456 0.38858695652173914 0.2477064220183486 0.37635869565217395 0.2889908256880734 0.375 0.3012232415902141
13 0.4171195652173913 0.31422018348623854 0.42527173913043476 0.32033639143730885 0.4334239130434782 0.32033639143730885 0.4429347826086956 0.3073394495412844 0.49728260869565216 0.27217125382262997 0.5135869565217391 0.23776758409785934 0.5258152173913043 0.2301223241590214 0.5516304347826086 0.20030581039755352 0.5597826086956521 0.18348623853211007 0.5475543478260869 0.16743119266055045 0.53125 0.16819571865443425 0.5081521739130435 0.17889908256880732 0.48641304347826086 0.19724770642201833 0.46875 0.21636085626911314 0.42119565217391297 0.2920489296636085 0.4171195652173913 0.31422018348623854
13 0.4429347826086956 0.33715596330275227 0.47690217391304346 0.3570336391437309 0.5176630434782609 0.3241590214067278 0.5665760869565217 0.2996941896024465 0.5665760869565217 0.28363914373088683 0.5475543478260869 0.268348623853211 0.5163043478260869 0.26299694189602446 0.5 0.2706422018348624 0.4320652173913043 0.3180428134556575 0.4429347826086956 0.33715596330275227
13 0.514945652173913 0.2607033639143731 0.532608695652174 0.26299694189602446 0.5801630434782609 0.2775229357798165 0.6480978260869565 0.28134556574923547 0.6929347826086956 0.2805810397553517 0.6997282608695652 0.28287461773700306 0.717391304347826 0.27217125382262997 0.5516304347826086 0.22324159021406728 0.5394021739130435 0.22477064220183487 0.514945652173913 0.24388379204892968 0.514945652173913 0.2607033639143731
13 0.5258152173913043 0.32798165137614677 0.5475543478260869 0.32951070336391436 0.5597826086956521 0.33409785932721714 0.5625 0.3448012232415902 0.6019021739130435 0.3425076452599388 0.608695652173913 0.3409785932721713 0.623641304347826 0.32798165137614677 0.6317934782608695 0.3119266055045872 0.6304347826086956 0.29892966360856266 0.6195652173913043 0.2920489296636085 0.595108695652174 0.29128440366972475 0.5475543478260869 0.30963302752293576 0.5258152173913043 0.32186544342507645 0.5258152173913043 0.32798165137614677
13 0.4782608695652174 0.36009174311926606 0.4850543478260869 0.36314984709480125 0.5366847826086956 0.36009174311926606 0.5597826086956521 0.3448012232415902 0.561141304347826 0.3348623853211009 0.5502717391304348 0.33027522935779813 0.5176630434782609 0.32951070336391436 0.4796195652173913 0.35244648318042815 0.4782608695652174 0.36009174311926606
13 0.5421195652173914 0.3662079510703364 0.5543478260869565 0.367737003058104 0.577445652173913 0.36926605504587157 0.6046195652173914 0.36314984709480125 0.6372282608695652 0.36850152905198774 0.6440217391304348 0.3623853211009174 0.6440217391304348 0.35550458715596334 0.6046195652173914 0.3440366972477064 0.5706521739130435 0.3425076452599388 0.563858695652174 0.3432721712538226 0.5380434782608695 0.36009174311926606 0.5421195652173914 0.3662079510703364
13 0.5706521739130435 0.29892966360856266 0.5991847826086956 0.290519877675841 0.623641304347826 0.29281345565749234 0.6345108695652174 0.3188073394495413 0.6847826086956521 0.3256880733944954 0.702445652173913 0.3241590214067278 0.7065217391304348 0.3211009174311926 0.7105978260869565 0.30275229357798167 0.702445652173913 0.29434250764525993 0.701086956521739 0.2844036697247706 0.6440217391304348 0.28134556574923547 0.5706521739130435 0.2821100917431193 0.5706521739130435 0.29892966360856266
13 0.21195652173913043 0.25840978593272174 0.2527173913043478 0.26376146788990823 0.31385869565217395 0.2798165137614679 0.3641304347826087 0.2775229357798165 0.375 0.27522935779816515 0.3804347826086957 0.268348623853211 0.38858695652173914 0.23547400611620795 0.25679347826086957 0.24694189602446484 0.21331521739130435 0.2545871559633027 0.21195652173913043 0.25840978593272174
13 0.20923913043478262 0.2576452599388379 0.31385869565217395 0.2798165137614679 0.358695652173913 0.2790519877675841 0.3777173913043478 0.27370030581039756 0.3953804347826087 0.23394495412844035 0.24592391304347827 0.2477064220183486 0.20923913043478262 0.2545871559633027 0.20923913043478262 0.2576452599388379
13 0.5679347826086956 0.22324159021406728 0.5706521739130435 0.2285932721712538 0.688858695652174 0.26452599388379205 0.7214673913043479 0.268348623853211 0.7432065217391304 0.26223241590214064 0.7581521739130435 0.2652905198776758 0.7921195652173914 0.26299694189602446 0.8070652173913043 0.2652905198776758 0.8165760869565217 0.2744648318042814 0.8383152173913043 0.2775229357798165 0.8451086956521738 0.2759938837920489 0.8505434782608695 0.2691131498470948 0.8451086956521738 0.26299694189602446 0.8138586956521738 0.25076452599388377 0.782608695652174 0.24388379204892968 0.6331521739130435 0.22171253822629972 0.5760869565217391 0.22247706422018348 0.5679347826086956 0.22324159021406728
13 0.3817934782608695 0.6299694189602446 0.3858695652173913 0.632262996941896 0.42119565217391297 0.632262996941896 0.529891304347826 0.6223241590214067 0.5692934782608695 0.6154434250764526 0.5842391304347826 0.6185015290519877 0.6317934782608695 0.6123853211009174 0.7133152173913043 0.6131498470948011 0.8491847826086957 0.6055045871559633 0.8532608695652174 0.584097859327217 0.8410326086956521 0.5649847094801224 0.7866847826086956 0.5634556574923547 0.5394021739130435 0.581039755351682 0.4932065217391304 0.5795107033639144 0.4225543478260869 0.5863914373088684 0.39402173913043476 0.5940366972477065 0.3817934782608695 0.6085626911314985 0.3817934782608695 0.6299694189602446
13 0.9796195652173912 0.5948012232415902 0.9728260869565217 0.5970948012232415 0.9714673913043479 0.6039755351681957 0.9578804347826086 0.6100917431192661 0.9524456521739131 0.6230886850152906 0.9442934782608695 0.6261467889908257 0.9442934782608695 0.636085626911315 0.9293478260869564 0.6399082568807339 0.9293478260869564 0.6452599388379204 0.9116847826086957 0.658256880733945 0.8967391304347826 0.6605504587155963 0.8722826086956521 0.6788990825688074 0.8600543478260869 0.6804281345565749 0.8478260869565217 0.6873088685015291 0.8288043478260869 0.6896024464831804 0.8097826086956521 0.6850152905198776 0.8043478260869564 0.691131498470948 0.7907608695652174 0.6957186544342507 0.7894021739130435 0.7025993883792049 0.7730978260869565 0.701834862385321 0.7676630434782609 0.6980122324159022 0.7595108695652174 0.701834862385321 0.7432065217391304 0.7025993883792049 0.7228260869565217 0.7155963302752293 0.702445652173913 0.7155963302752293 0.6902173913043479 0.7209480122324159 0.6779891304347826 0.7201834862385321 0.6535326086956521 0.7293577981651376 0.6331521739130435 0.7308868501529051 0.6290760869565217 0.7339449541284403 0.6073369565217391 0.7331804281345565 0.5529891304347826 0.7454128440366972 0.5258152173913043 0.7438837920489296 0.48641304347826086 0.7477064220183486 0.4619565217391305 0.7553516819571866 0.42391304347826086 0.7522935779816514 0.40760869565217395 0.746177370030581 0.3953804347826087 0.7484709480122324 0.38315217391304346 0.7400611620795107 0.375 0.7454128440366972 0.3546195652173913 0.7377675840978594 0.3532608695652174 0.7301223241590213 0.32608695652173914 0.7125382262996942 0.30842391304347827 0.713302752293578 0.296195652173913 0.709480122324159 0.28260869565217395 0.7048929663608563 0.26902173913043476 0.6941896024464832 0.2608695652173913 0.6987767584097859 0.25 0.6972477064220184 0.24728260869565216 0.6666666666666667 0.2622282608695652 0.6590214067278287 0.2921195652173913 0.6590214067278287 0.2907608695652174 0.6643730886850153 0.296195652173913 0.6651376146788991 0.30570652173913043 0.6613149847094801 0.3016304347826087 0.6536697247706422 0.31657608695652173 0.6513761467889908 0.2934782608695652 0.6437308868501529 0.2758152173913043 0.6422018348623852 0.25679347826086957 0.6536697247706422 0.2323369565217391 0.6605504587155963 0.21195652173913043 0.6613149847094801 0.20923913043478262 0.6574923547400611 0.1888586956521739 0.654434250764526 0.15896739130434784 0.6590214067278287 0.11413043478260869 0.6590214067278287 0.05027173913043478 0.6483180428134556 0.028532608695652172 0.6406727828746177 0 0.6246177370030581 0 0.6605504587155963 0.00951086956521739 0.6643730886850153 0.016304347826086956 0.6743119266055045 0.04076086956521739 0.6918960244648318 0.10461956521739131 0.7240061162079511 0.1766304347826087 0.7431192660550459 0.2296195652173913 0.7652905198776758 0.3029891304347826 0.7874617737003058 0.3546195652173913 0.7974006116207951 0.4307065217391305 0.8050458715596329 0.546195652173913 0.8035168195718654 0.639945652173913 0.7897553516819571 0.7364130434782609 0.7851681957186545 0.7894021739130435 0.764525993883792 0.7989130434782609 0.7576452599388379 0.8410326086956521 0.7507645259938838 0.9538043478260869 0.7125382262996942 0.9836956521739131 0.694954128440367 0.9986413043478259 0.6972477064220184 0.9986413043478259 0.5818042813455657 0.9904891304347826 0.5787461773700306 0.9796195652173912 0.5948012232415902