50 0.503125 0.1296875 0.56875 0.1375 0.5734375 0.140625 0.6171875 0.146875 0.628125 0.153125 0.6515625 0.1609375 0.659375 0.1671875 0.6734375 0.1734375 0.6984375 0.1984375 0.7046875 0.2125 0.70625 0.228125 0.7046875 0.23125 0.6703125 0.23125 0.6265625 0.2359375 0.6125 0.234375 0.5453125 0.246875 0.5125 0.259375 0.50625 0.2640625 0.5015625 0.2640625 0.4640625 0.2875 0.4328125 0.284375 0.4265625 0.2796875 0.415625 0.2765625 0.4 0.2765625 0.384375 0.2828125 0.35625 0.2828125 0.3515625 0.2796875 0.346875 0.2796875 0.321875 0.259375 0.3046875 0.25625 0.296875 0.2515625 0.29375 0.246875 0.2875 0.2453125 0.2734375 0.2359375 0.253125 0.228125 0.25 0.2234375 0.25 0.215625 0.2578125 0.1875 0.2609375 0.184375 0.3015625 0.1609375 0.3125 0.1578125 0.315625 0.1546875 0.3375 0.15 0.346875 0.14375 0.3625 0.140625 0.3671875 0.1375 0.3984375 0.1328125 0.4453125 0.13125 0.446875 0.1296875 0.5015625 0.1296875
50 0.690625 0.525 0.73125 0.534375 0.7671875 0.55 0.7734375 0.55 0.7921875 0.5625 0.803125 0.5734375 0.825 0.5875 0.828125 0.59375 0.8453125 0.60625 0.85625 0.6203125 0.8578125 0.628125 0.875 0.6609375 0.875 0.66875 0.8828125 0.684375 0.8828125 0.7265625 0.8796875 0.7390625 0.8671875 0.7578125 0.8453125 0.7765625 0.8296875 0.7859375 0.828125 0.790625 0.796875 0.815625 0.7734375 0.8234375 0.7703125 0.8265625 0.746875 0.8296875 0.6609375 0.8296875 0.59375 0.8203125 0.4625 0.8140625 0.45 0.809375 0.446875 0.80625 0.446875 0.7765625 0.45 0.76875 0.4484375 0.728125 0.4390625 0.709375 0.434375 0.6921875 0.4296875 0.690625 0.428125 0.6859375 0.41875 0.6765625 0.415625 0.6765625 0.40625 0.6625 0.384375 0.64375 0.375 0.6390625 0.36875 0.6328125 0.3609375 0.6296875 0.3453125 0.628125 0.35625 0.6125 0.38125 0.5875 0.4015625 0.571875 0.41875 0.5625 0.44375 0.5546875 0.4484375 0.55 0.459375 0.5453125 0.496875 0.534375 0.5453125 0.528125 0.5515625 0.525 0.571875 0.525 0.609375 0.5203125 0.6328125 0.5203125 0.634375 0.521875 0.65625 0.5203125 0.665625 0.5234375 0.6890625 0.525
50 0.7203125 0.234375 0.721875 0.2359375 0.728125 0.234375 0.7484375 0.2375 0.76875 0.2375 0.771875 0.240625 0.8328125 0.25 0.8359375 0.253125 0.8515625 0.25625 0.878125 0.265625 0.921875 0.2875 0.946875 0.309375 0.953125 0.3125 0.9546875 0.31875 0.9703125 0.3421875 0.9734375 0.3546875 0.9734375 0.371875 0.9703125 0.3875 0.9609375 0.4046875 0.95 0.415625 0.9453125 0.4171875 0.9015625 0.396875 0.8609375 0.3859375 0.8515625 0.3859375 0.8203125 0.378125 0.7984375 0.378125 0.796875 0.3765625 0.73125 0.378125 0.709375 0.3828125 0.6921875 0.3828125 0.60625 0.403125 0.5984375 0.4078125 0.5671875 0.41875 0.5578125 0.4265625 0.546875 0.43125 0.540625 0.4390625 0.5359375 0.440625 0.5203125 0.4546875 0.509375 0.4546875 0.4890625 0.4453125 0.48125 0.4328125 0.478125 0.421875 0.509375 0.4203125 0.5359375 0.4078125 0.565625 0.403125 0.575 0.396875 0.5921875 0.390625 0.6109375 0.371875 0.6109375 0.353125 0.6140625 0.340625 0.6109375 0.3359375 0.5984375 0.3359375 0.5953125 0.3390625 0.5875 0.3390625 0.5859375 0.3359375 0.56875 0.3265625 0.565625 0.321875 0.54375 0.3140625 0.5421875 0.3109375 0.5359375 0.3078125 0.509375 0.296875 0.475 0.290625 0.475 0.2875 0.4890625 0.275 0.4984375 0.2703125 0.50625 0.26875 0.51875 0.2609375 0.559375 0.2484375 0.578125 0.246875 0.6078125 0.240625 0.634375 0.240625 0.6453125 0.2375 0.6609375 0.2390625 0.671875 0.2359375 0.71875 0.234375
50 0.2796875 0.11875 0.3421875 0.1328125 0.346875 0.1359375 0.346875 0.1390625 0.334375 0.1453125 0.3171875 0.1484375 0.3125 0.153125 0.3078125 0.153125 0.2890625 0.1609375 0.284375 0.165625 0.2671875 0.1734375 0.2484375 0.1921875 0.24375 0.215625 0.240625 0.221875 0.225 0.221875 0.2046875 0.23125 0.18125 0.2515625 0.165625 0.2609375 0.1609375 0.2671875 0.1046875 0.2703125 0.0859375 0.278125 0.078125 0.284375 0.075 0.284375 0.071875 0.2890625 0.0609375 0.2890625 0.059375 0.2859375 0.0515625 0.2859375 0.040625 0.2796875 0.0296875 0.2796875 0.028125 0.2765625 0 0.2671875 0 0.234375 0.0046875 0.225 0.0046875 0.2203125 0 0.215625 0 0.1703125 0.003125 0.165625 0.003125 0.159375 0.0171875 0.15 0.05 0.1375 0.1203125 0.1203125 0.1578125 0.115625 0.184375 0.115625 0.1984375 0.1125 0.228125 0.1125 0.240625 0.115625 0.278125 0.11875
50 0.2 0.6078125 0.2015625 0.609375 0.2375 0.609375 0.2390625 0.6109375 0.2796875 0.6125 0.2921875 0.6171875 0.3140625 0.6203125 0.328125 0.625 0.3453125 0.634375 0.3546875 0.634375 0.3640625 0.6375 0.365625 0.640625 0.3828125 0.65 0.3953125 0.6625 0.3984375 0.66875 0.41875 0.6859375 0.428125 0.696875 0.440625 0.7296875 0.4421875 0.7625 0.440625 0.7640625 0.4390625 0.796875 0.4265625 0.828125 0.41875 0.8390625 0.3953125 0.8609375 0.3859375 0.8640625 0.3640625 0.8828125 0.3296875 0.896875 0.2890625 0.90625 0.278125 0.9109375 0.271875 0.9109375 0.2671875 0.9140625 0.2296875 0.9203125 0.2234375 0.91875 0.2171875 0.921875 0.1796875 0.9265625 0.14375 0.9265625 0.1375 0.9234375 0.134375 0.925 0.13125 0.9234375 0.0953125 0.925 0.03125 0.9109375 0 0.8984375 0 0.86875 0.00625 0.8671875 0.0234375 0.8546875 0.0453125 0.84375 0.053125 0.8421875 0.065625 0.8328125 0.071875 0.83125 0.08125 0.81875 0.0921875 0.8109375 0.0984375 0.809375 0.10625 0.8 0.1109375 0.7984375 0.11875 0.7875 0.1265625 0.784375 0.134375 0.7765625 0.1359375 0.7640625 0.153125 0.734375 0.1578125 0.715625 0.1578125 0.6984375 0.159375 0.696875 0.1578125 0.6859375 0.146875 0.66875 0.1359375 0.6453125 0.1125 0.6265625 0.109375 0.6265625 0.103125 0.6203125 0.103125 0.6171875 0.1109375 0.6125 0.1515625 0.6125 0.1984375 0.6078125
50 0 0.6078125 0.003125 0.60625 0.0203125 0.6078125 0.03125 0.6109375 0.0515625 0.6125 0.0546875 0.615625 0.0875 0.6171875 0.0953125 0.6203125 0.1328125 0.65 0.1515625 0.6875 0.1515625 0.709375 0.1453125 0.7390625 0.140625 0.7484375 0.13125 0.7578125 0.1265625 0.7703125 0.121875 0.771875 0.121875 0.778125 0.1140625 0.7828125 0.1125 0.7890625 0.1 0.8015625 0.0953125 0.8015625 0.071875 0.828125 0.0296875 0.846875 0.0234375 0.853125 0.0078125 0.8609375 0 0.8609375 0 0.609375
50 0 0.1453125 0.0171875 0.146875 0.015625 0.1515625 0.0015625 0.159375 0 0.159375 0 0.146875
50 0.796875 0.3796875 0.828125 0.3828125 0.85625 0.390625 0.865625 0.390625 0.9125 0.4046875 0.9453125 0.4234375 0.9515625 0.425 0.9640625 0.434375 0.971875 0.44375 0.98125 0.45 0.996875 0.471875 0.9984375 0.478125 0.9984375 0.6015625 0.9703125 0.628125 0.9390625 0.6484375 0.8921875 0.6671875 0.8859375 0.6671875 0.8828125 0.6640625 0.8578125 0.6125 0.8375 0.5921875 0.8296875 0.5890625 0.8265625 0.5828125 0.803125 0.5671875 0.7984375 0.559375 0.7890625 0.55625 0.7796875 0.546875 0.76875 0.5421875 0.7515625 0.5390625 0.7421875 0.5328125 0.7078125 0.5234375 0.66875 0.51875 0.659375 0.515625 0.590625 0.5171875 0.575 0.5203125 0.5296875 0.5234375 0.5234375 0.5265625 0.503125 0.5296875 0.484375 0.5296875 0.4828125 0.5265625 0.4890625 0.4984375 0.4953125 0.4859375 0.5046875 0.475 0.53125 0.45 0.5390625 0.446875 0.553125 0.43125 0.5625 0.428125 0.5765625 0.41875 0.5984375 0.4125 0.61875 0.403125 0.6703125 0.39375 0.6875 0.3875 0.7015625 0.3875 0.734375 0.38125 0.7953125 0.3796875
22 0.08 0.43499999999999994 0.08592592592592593 0.4416666666666667 0.14666666666666667 0.48583333333333334 0.2325925925925926 0.5241666666666667 0.2785185185185185 0.5533333333333333 0.29333333333333333 0.5658333333333333 0.2948148148148148 0.5733333333333334 0.28888888888888886 0.5791666666666667 0.29629629629629634 0.5875 0.3451851851851852 0.5875 0.362962962962963 0.5825 0.4340740740740741 0.5325 0.47111111111111115 0.4833333333333333 0.47407407407407404 0.4333333333333333 0.4696296296296296 0.4175 0.45925925925925926 0.41583333333333333 0.42666666666666664 0.39416666666666667 0.37333333333333335 0.39499999999999996 0.3718518518518519 0.3883333333333333 0.35851851851851857 0.38333333333333336 0.3525925925925926 0.38583333333333336 0.3348148148148148 0.38166666666666665 0.33037037037037037 0.375 0.2992592592592593 0.37333333333333335 0.18814814814814815 0.39416666666666667 0.11703703703703705 0.4025 0.08296296296296297 0.41833333333333333 0.08 0.43499999999999994
22 0.08 0.43499999999999994 0.08592592592592593 0.4416666666666667 0.1451851851851852 0.4841666666666667 0.23851851851851852 0.5275000000000001 0.2740740740740741 0.5491666666666666 0.2948148148148148 0.5666666666666667 0.29185185185185186 0.5783333333333334 0.2948148148148148 0.585 0.3037037037037037 0.5883333333333333 0.3451851851851852 0.5875 0.3674074074074074 0.58 0.4340740740740741 0.5325 0.47111111111111115 0.485 0.47555555555555556 0.4408333333333333 0.4696296296296296 0.4166666666666667 0.4444444444444445 0.40499999999999997 0.42666666666666664 0.3908333333333333 0.35851851851851857 0.37666666666666665 0.33925925925925926 0.37916666666666665 0.322962962962963 0.36916666666666664 0.11555555555555556 0.4025 0.08296296296296297 0.41833333333333333 0.08 0.43499999999999994
22 0 0.3258333333333333 0 0.5991666666666666 0.05037037037037038 0.6108333333333333 0.09185185185185185 0.6133333333333333 0.10814814814814815 0.6083333333333333 0.12444444444444444 0.595 0.14962962962962964 0.5875 0.17777777777777778 0.5875 0.21333333333333332 0.5941666666666666 0.22666666666666666 0.5908333333333333 0.24740740740740744 0.5925 0.2607407407407408 0.5875 0.2637037037037037 0.5825 0.2903703703703704 0.5791666666666667 0.2977777777777778 0.5658333333333333 0.28296296296296297 0.5616666666666666 0.23555555555555557 0.5291666666666667 0.21333333333333332 0.5225 0.20296296296296296 0.5266666666666666 0.18074074074074076 0.5041666666666667 0.16296296296296298 0.49749999999999994 0.14666666666666667 0.4958333333333333 0.13185185185185186 0.4883333333333333 0.1303703703703704 0.48083333333333333 0.11703703703703705 0.47333333333333333 0.11555555555555556 0.4666666666666667 0.07555555555555556 0.44000000000000006 0.0725925925925926 0.4208333333333333 0.09481481481481482 0.4066666666666666 0.07407407407407408 0.37416666666666665 0.07851851851851852 0.35 0.06666666666666668 0.33416666666666667 0.05185185185185185 0.33333333333333337 0.03851851851851852 0.32333333333333336 0.020740740740740744 0.32333333333333336 0 0.3258333333333333
22 0.12444444444444444 0.29 0.11407407407407408 0.29333333333333333 0.11407407407407408 0.31333333333333335 0.10518518518518519 0.33249999999999996 0.09777777777777778 0.335 0.09777777777777778 0.36333333333333334 0.10814814814814815 0.385 0.15259259259259259 0.3908333333333333 0.16444444444444445 0.38916666666666666 0.17333333333333334 0.37083333333333335 0.19703703703703707 0.3575 0.22222222222222224 0.35 0.26222222222222225 0.35333333333333333 0.3155555555555556 0.3466666666666667 0.33925925925925926 0.3375 0.3511111111111111 0.32333333333333336 0.35851851851851857 0.32083333333333336 0.35851851851851857 0.29166666666666663 0.3525925925925926 0.2866666666666667 0.33037037037037037 0.2725 0.32592592592592595 0.275 0.30518518518518517 0.27083333333333337 0.2903703703703704 0.25083333333333335 0.2340740740740741 0.22583333333333333 0.22222222222222224 0.22666666666666666 0.2088888888888889 0.2325 0.15851851851851853 0.2733333333333333 0.14074074074074075 0.2733333333333333 0.1288888888888889 0.27749999999999997 0.12296296296296297 0.28583333333333333 0.11555555555555556 0.28500000000000003 0.12444444444444444 0.29
22 0.32592592592592595 0.3625 0.33925925925925926 0.36666666666666664 0.3451851851851852 0.375 0.35555555555555557 0.375 0.40740740740740744 0.38916666666666666 0.42814814814814817 0.38916666666666666 0.4518518518518519 0.4066666666666666 0.4814814814814815 0.4166666666666667 0.5081481481481481 0.4166666666666667 0.5333333333333334 0.4041666666666667 0.5659259259259259 0.3983333333333333 0.5911111111111111 0.3875 0.6074074074074074 0.3725 0.6044444444444445 0.3383333333333333 0.5866666666666667 0.34249999999999997 0.5244444444444445 0.3058333333333333 0.4874074074074074 0.29500000000000004 0.4503703703703704 0.29166666666666663 0.4103703703703704 0.2783333333333333 0.4 0.2791666666666667 0.3718518518518519 0.29166666666666663 0.35555555555555557 0.2891666666666667 0.3748148148148148 0.3025 0.3748148148148148 0.325 0.36 0.3416666666666667 0.34814814814814815 0.33916666666666667 0.34370370370370373 0.33333333333333337 0.32592592592592595 0.3441666666666666 0.32592592592592595 0.3625