11 0.3171875 0.3671875 0.3265625 0.375 0.3296875 0.375 0.3328125 0.3796875 0.3328125 0.3859375 0.328125 0.3875 0.321875 0.384375 0.29375 0.38125 0.2859375 0.3859375 0.2765625 0.4 0.271875 0.4 0.2671875 0.3953125 0.2609375 0.3953125 0.2515625 0.390625 0.2453125 0.384375 0.240625 0.384375 0.2359375 0.378125 0.2296875 0.375 0.234375 0.36875 0.2875 0.3375 0.296875 0.3390625 0.3015625 0.3546875 0.3109375 0.365625 0.315625 0.3671875
11 0.3609375 0.3125 0.3953125 0.31875 0.4046875 0.3234375 0.4046875 0.3328125 0.4 0.34375 0.4 0.3546875 0.3953125 0.3765625 0.3953125 0.390625 0.3890625 0.40625 0.384375 0.4359375 0.375 0.440625 0.3734375 0.45 0.36875 0.453125 0.3625 0.453125 0.359375 0.4234375 0.340625 0.3859375 0.3375 0.384375 0.334375 0.3640625 0.33125 0.3609375 0.3296875 0.3640625 0.321875 0.3671875 0.3171875 0.3671875 0.3125 0.3640625 0.3125 0.3484375 0.3203125 0.334375 0.3234375 0.3328125 0.328125 0.3140625 0.3359375 0.30625 0.346875 0.3015625 0.3515625 0.3015625 0.353125 0.309375 0.359375 0.3125
11 0.40625 0.678125 0.415625 0.684375 0.440625 0.6875 0.45625 0.6984375 0.4578125 0.703125 0.46875 0.7125 0.4875 0.7171875 0.5203125 0.75 0.5234375 0.75625 0.534375 0.765625 0.5390625 0.7734375 0.54375 0.809375 0.54375 0.8296875 0.540625 0.834375 0.540625 0.840625 0.51875 0.865625 0.5171875 0.884375 0.5078125 0.8953125 0.5015625 0.896875 0.4984375 0.9015625 0.4890625 0.9078125 0.4703125 0.8984375 0.4484375 0.9 0.4375 0.896875 0.4203125 0.884375 0.4171875 0.875 0.4078125 0.8640625 0.40625 0.85625 0.4015625 0.8515625 0.3921875 0.83125 0.38125 0.8203125 0.378125 0.803125 0.375 0.8015625 0.371875 0.79375 0.3640625 0.7859375 0.365625 0.7828125 0.3640625 0.76875 0.3734375 0.7671875 0.3859375 0.7609375 0.390625 0.74375 0.40625 0.734375 0.40625 0.7125 0.396875 0.7078125 0.390625 0.6984375 0.3921875 0.690625 0.4046875 0.678125
11 0.1828125 0.3625 0.2 0.365625 0.20625 0.378125 0.19375 0.3921875 0.1921875 0.415625 0.1859375 0.428125 0.1859375 0.4359375 0.1828125 0.4375 0.1796875 0.4453125 0.1609375 0.4625 0.1546875 0.475 0.1546875 0.4859375 0.1453125 0.4921875 0.140625 0.490625 0.140625 0.4796875 0.13125 0.4625 0.128125 0.45 0.1203125 0.4375 0.11875 0.4203125 0.125 0.4 0.1328125 0.390625 0.1359375 0.384375 0.1359375 0.3765625 0.1421875 0.36875 0.1515625 0.365625 0.1609375 0.365625 0.1671875 0.3625 0.18125 0.3625
11 0.190625 0.4875 0.196875 0.4890625 0.1984375 0.49375 0.196875 0.503125 0.190625 0.5125 0.1921875 0.515625 0.190625 0.5171875 0.190625 0.55 0.1953125 0.5609375 0.1953125 0.5828125 0.1890625 0.6015625 0.184375 0.60625 0.165625 0.6140625 0.11875 0.6140625 0.10625 0.6109375 0.1 0.603125 0.09375 0.6015625 0.084375 0.5921875 0.084375 0.5734375 0.09375 0.5625 0.0921875 0.553125 0.09375 0.540625 0.10625 0.525 0.1203125 0.5234375 0.1265625 0.5265625 0.134375 0.5171875 0.1390625 0.5 0.1546875 0.4890625 0.1890625 0.4875
11 0.290625 0.3390625 0.296875 0.34375 0.3015625 0.35625 0.3109375 0.365625 0.33125 0.3765625 0.3359375 0.3890625 0.3421875 0.396875 0.3421875 0.403125 0.346875 0.4078125 0.3515625 0.41875 0.35 0.4359375 0.346875 0.440625 0.346875 0.446875 0.3421875 0.4546875 0.3421875 0.459375 0.3359375 0.46875 0.3328125 0.48125 0.328125 0.4890625 0.321875 0.49375 0.321875 0.496875 0.31875 0.4984375 0.309375 0.496875 0.3046875 0.4921875 0.303125 0.4796875 0.2953125 0.46875 0.2796875 0.4546875 0.278125 0.4484375 0.2796875 0.44375 0.296875 0.43125 0.2984375 0.41875 0.2796875 0.4 0.271875 0.4015625 0.2671875 0.3953125 0.2609375 0.3953125 0.2515625 0.390625 0.2453125 0.384375 0.240625 0.384375 0.234375 0.3765625 0.23125 0.3765625 0.234375 0.3703125 0.2484375 0.3625 0.25 0.359375 0.253125 0.359375 0.2734375 0.3453125 0.2890625 0.3390625
11 0.315625 0.3828125 0.321875 0.3859375 0.33125 0.3859375 0.3421875 0.396875 0.3421875 0.4046875 0.35 0.41875 0.35 0.434375 0.340625 0.4671875 0.3328125 0.4796875 0.3328125 0.484375 0.3203125 0.5 0.309375 0.4984375 0.303125 0.4921875 0.303125 0.4859375 0.296875 0.471875 0.2875 0.4625 0.2828125 0.4609375 0.2765625 0.453125 0.2765625 0.44375 0.28125 0.4390625 0.29375 0.434375 0.296875 0.425 0.296875 0.4171875 0.2859375 0.40625 0.2796875 0.403125 0.28125 0.39375 0.2890625 0.384375 0.296875 0.3796875 0.3140625 0.3828125
11 0.228125 0.3765625 0.2390625 0.3828125 0.240625 0.3859375 0.2484375 0.3890625 0.25 0.3921875 0.2609375 0.396875 0.2671875 0.396875 0.271875 0.40625 0.275 0.40625 0.2796875 0.4015625 0.28125 0.40625 0.2859375 0.40625 0.2984375 0.4171875 0.296875 0.428125 0.3015625 0.4328125 0.290625 0.4375 0.2859375 0.44375 0.284375 0.4421875 0.2796875 0.44375 0.2765625 0.453125 0.2796875 0.459375 0.2890625 0.465625 0.3 0.4796875 0.3015625 0.4984375 0.3046875 0.5 0.315625 0.51875 0.3203125 0.521875 0.321875 0.5296875 0.325 0.53125 0.328125 0.5375 0.334375 0.5421875 0.3609375 0.5453125 0.3640625 0.546875 0.3671875 0.553125 0.3671875 0.5609375 0.3640625 0.5625 0.3578125 0.5765625 0.35625 0.5859375 0.3515625 0.5953125 0.3390625 0.609375 0.3328125 0.6140625 0.3140625 0.615625 0.303125 0.6203125 0.3015625 0.6234375 0.275 0.6234375 0.26875 0.628125 0.259375 0.646875 0.25625 0.6484375 0.2296875 0.6453125 0.2 0.634375 0.1921875 0.621875 0.1890625 0.6046875 0.1859375 0.6015625 0.1734375 0.609375 0.159375 0.6140625 0.1203125 0.6140625 0.10625 0.609375 0.1015625 0.603125 0.096875 0.603125 0.084375 0.590625 0.084375 0.5765625 0.0953125 0.5609375 0.0953125 0.55 0.1 0.5359375 0.1046875 0.5296875 0.109375 0.528125 0.1234375 0.53125 0.134375 0.5203125 0.1390625 0.5046875 0.15625 0.4875 0.1578125 0.4703125 0.1625 0.4625 0.178125 0.45 0.1875 0.4359375 0.1875 0.428125 0.1921875 0.4203125 0.19375 0.4015625 0.1984375 0.3875 0.2109375 0.378125 0.2265625 0.3765625
11 0.3625 0.6046875 0.365625 0.6046875 0.375 0.5953125 0.3796875 0.5859375 0.3859375 0.584375 0.3953125 0.59375 0.3953125 0.6109375 0.390625 0.6203125 0.3921875 0.6265625 0.3890625 0.6328125 0.3890625 0.6390625 0.3796875 0.65 0.375 0.6640625 0.384375 0.671875 0.390625 0.703125 0.396875 0.709375 0.4015625 0.709375 0.4046875 0.7140625 0.4046875 0.7171875 0.4 0.721875 0.3890625 0.7203125 0.3765625 0.7125 0.365625 0.7125 0.3578125 0.7203125 0.3453125 0.7203125 0.3390625 0.7265625 0.328125 0.725 0.3 0.734375 0.2828125 0.7265625 0.2765625 0.71875 0.26875 0.7140625 0.2515625 0.7078125 0.2421875 0.7015625 0.2390625 0.68125 0.240625 0.6671875 0.2484375 0.6625 0.253125 0.65625 0.25625 0.65625 0.2734375 0.634375 0.2765625 0.6328125 0.2796875 0.634375 0.2875 0.6296875 0.296875 0.6296875 0.303125 0.625 0.3265625 0.615625 0.340625 0.615625 0.3453125 0.609375 0.35 0.6078125 0.3546875 0.6078125 0.359375 0.6109375 0.3625 0.60625
11 0.184375 0.6125 0.190625 0.6265625 0.2015625 0.640625 0.196875 0.646875 0.196875 0.653125 0.19375 0.659375 0.1875 0.6671875 0.1984375 0.675 0.23125 0.6765625 0.2359375 0.68125 0.234375 0.6953125 0.2359375 0.703125 0.2328125 0.70625 0.209375 0.7078125 0.19375 0.696875 0.1515625 0.6953125 0.14375 0.696875 0.125 0.7078125 0.1203125 0.7078125 0.1109375 0.715625 0.096875 0.721875 0.075 0.7203125 0.06875 0.7171875 0.0640625 0.7078125 0.0640625 0.690625 0.071875 0.6765625 0.0765625 0.6578125 0.103125 0.63125 0.10625 0.6171875 0.11875 0.615625 0.1265625 0.6234375 0.1375 0.61875 0.159375 0.6171875 0.1703125 0.615625 0.175 0.6125 0.1828125 0.6125
11 0.3515625 0.4703125 0.365625 0.475 0.3859375 0.4703125 0.396875 0.4796875 0.403125 0.4796875 0.4109375 0.484375 0.421875 0.484375 0.4328125 0.4875 0.4359375 0.490625 0.440625 0.490625 0.44375 0.5 0.4359375 0.5078125 0.428125 0.509375 0.4125 0.5203125 0.40625 0.521875 0.4015625 0.5296875 0.3984375 0.5296875 0.3953125 0.5359375 0.390625 0.540625 0.3875 0.540625 0.3796875 0.5515625 0.375 0.553125 0.365625 0.54375 0.3484375 0.540625 0.3421875 0.5359375 0.3421875 0.525 0.3390625 0.51875 0.3390625 0.5109375 0.334375 0.5015625 0.334375 0.490625 0.3375 0.4890625 0.3390625 0.48125 0.34375 0.475 0.3515625 0.471875
13 0.38315217391304346 0.5733695652173914 0.46059782608695654 0.6807065217391304 0.5665760869565217 0.7975543478260869 0.6032608695652174 0.8192934782608695 0.6453804347826086 0.8192934782608695 0.654891304347826 0.8138586956521738 0.6779891304347826 0.7758152173913043 0.6630434782608695 0.7228260869565217 0.6222826086956521 0.6467391304347826 0.5176630434782609 0.49728260869565216 0.5 0.4904891304347826 0.48097826086956524 0.4904891304347826 0.4442934782608695 0.5054347826086956 0.40353260869565216 0.5271739130434783 0.3817934782608695 0.5529891304347826 0.38315217391304346 0.5733695652173914
13 0.5733695652173914 0.5720108695652174 0.5747282608695652 0.5788043478260869 0.6467391304347826 0.6793478260869565 0.7105978260869565 0.6847826086956521 0.7608695652173914 0.6779891304347826 0.7758152173913043 0.6684782608695652 0.8274456521739131 0.6114130434782609 0.8247282608695652 0.6046195652173914 0.8070652173913043 0.6005434782608695 0.5828804347826086 0.5720108695652174 0.5733695652173914 0.5720108695652174
13 0.5203804347826086 0.49728260869565216 0.5733695652173914 0.5679347826086956 0.8315217391304348 0.5991847826086956 0.875 0.5570652173913043 0.8695652173913043 0.4904891304347826 0.8627717391304348 0.4796195652173913 0.8491847826086957 0.4755434782608695 0.7540760869565217 0.47146739130434784 0.7228260869565217 0.48777173913043476 0.5217391304347826 0.48777173913043476 0.5203804347826086 0.49728260869565216
13 0.3872282608695652 0.46603260869565216 0.3980978260869565 0.47690217391304346 0.4116847826086956 0.48097826086956524 0.7146739130434783 0.48641304347826086 0.7350543478260869 0.48369565217391297 0.7472826086956521 0.4741847826086956 0.7622282608695652 0.42119565217391297 0.763586956521739 0.37364130434782605 0.7445652173913043 0.3532608695652174 0.7092391304347826 0.3559782608695652 0.5869565217391304 0.3383152173913043 0.4171195652173913 0.3233695652173913 0.40896739130434784 0.33152173913043476 0.391304347826087 0.40896739130434784 0.3872282608695652 0.46603260869565216
13 0.764945652173913 0.41983695652173914 0.7554347826086956 0.4633152173913043 0.7676630434782609 0.46875 0.7880434782608695 0.4646739130434782 0.8953804347826086 0.39945652173913043 0.8559782608695652 0.32065217391304346 0.8138586956521738 0.33967391304347827 0.7663043478260869 0.375 0.764945652173913 0.41983695652173914
13 0.6725543478260869 0.24728260869565216 0.6766304347826086 0.25135869565217395 0.7282608695652174 0.26902173913043476 0.7432065217391304 0.28125 0.748641304347826 0.29483695652173914 0.7432065217391304 0.3505434782608695 0.7676630434782609 0.360054347826087 0.8043478260869564 0.34510869565217395 0.8125 0.266304347826087 0.8002717391304348 0.22554347826086957 0.7921195652173914 0.21467391304347827 0.7567934782608695 0.21875 0.6766304347826086 0.24456521739130435 0.6725543478260869 0.24728260869565216
13 0.35190217391304346 0.2921195652173913 0.36141304347826086 0.31114130434782605 0.7269021739130435 0.3559782608695652 0.7364130434782609 0.35190217391304346 0.7432065217391304 0.33152173913043476 0.7472826086956521 0.2934782608695652 0.7404891304347826 0.27989130434782605 0.7255434782608695 0.26902173913043476 0.6005434782608695 0.22554347826086957 0.4796195652173913 0.1983695652173913 0.391304347826087 0.16983695652173914 0.37635869565217395 0.17119565217391303 0.36820652173913043 0.18614130434782608 0.3559782608695652 0.25135869565217395 0.35190217391304346 0.2921195652173913
13 0.17391304347826086 0.2921195652173913 0.20244565217391303 0.3641304347826087 0.20923913043478262 0.37364130434782605 0.22554347826086957 0.37228260869565216 0.34782608695652173 0.296195652173913 0.36277173913043476 0.1956521739130435 0.3817934782608695 0.1671195652173913 0.40625 0.1671195652173913 0.41983695652173914 0.1779891304347826 0.4741847826086956 0.19293478260869565 0.48233695652173914 0.19157608695652173 0.48097826086956524 0.18206521739130435 0.4619565217391305 0.1467391304347826 0.4483695652173913 0.13722826086956522 0.36141304347826086 0.15217391304347824 0.2866847826086957 0.18614130434782608 0.2078804347826087 0.2622282608695652 0.1766304347826087 0.28260869565217395 0.17391304347826086 0.2921195652173913
13 0.48777173913043476 0.1888586956521739 0.4904891304347826 0.19701086956521738 0.514945652173913 0.20516304347826084 0.5828804347826086 0.21875 0.6644021739130435 0.24456521739130435 0.6793478260869565 0.24048913043478262 0.6630434782608695 0.1766304347826087 0.6413043478260869 0.1263586956521739 0.6331521739130435 0.12092391304347824 0.6073369565217391 0.1263586956521739 0.49184782608695654 0.18478260869565216 0.48777173913043476 0.1888586956521739