22 0.346875 0.3296875 0.3859375 0.334375 0.4015625 0.3390625 0.409375 0.3375 0.421875 0.3421875 0.434375 0.34375 0.471875 0.3578125 0.4875 0.3609375 0.5453125 0.3875 0.5640625 0.39375 0.590625 0.4078125 0.603125 0.4171875 0.603125 0.425 0.5921875 0.4328125 0.534375 0.4546875 0.5140625 0.46875 0.5015625 0.4734375 0.46875 0.4765625 0.4359375 0.4734375 0.415625 0.4765625 0.384375 0.475 0.3296875 0.4828125 0.28125 0.484375 0.2796875 0.4859375 0.2609375 0.4859375 0.259375 0.484375 0.25 0.4859375 0.2046875 0.48125 0.1890625 0.478125 0.171875 0.4703125 0.1671875 0.465625 0.1609375 0.4453125 0.1640625 0.421875 0.1671875 0.4171875 0.16875 0.4078125 0.178125 0.39375 0.1875 0.384375 0.1890625 0.3796875 0.2203125 0.3578125 0.2375 0.353125 0.2546875 0.34375 0.2734375 0.340625 0.2921875 0.334375 0.3109375 0.33125 0.3453125 0.3296875
22 0.4625 0.203125 0.4671875 0.20625 0.4765625 0.2234375 0.48125 0.2546875 0.478125 0.278125 0.4671875 0.2953125 0.4671875 0.2984375 0.4578125 0.3078125 0.4203125 0.321875 0.4046875 0.33125 0.3859375 0.33125 0.3734375 0.328125 0.3375 0.325 0.3359375 0.3265625 0.303125 0.328125 0.2671875 0.3359375 0.2359375 0.346875 0.2015625 0.365625 0.1921875 0.365625 0.1625 0.35625 0.125 0.3390625 0.1015625 0.3234375 0.1015625 0.3125 0.1046875 0.3015625 0.125 0.28125 0.140625 0.2734375 0.1578125 0.2609375 0.171875 0.25625 0.18125 0.25 0.1859375 0.25 0.2140625 0.2359375 0.2359375 0.23125 0.2703125 0.21875 0.309375 0.21875 0.321875 0.215625 0.3421875 0.215625 0.35625 0.2125 0.3734375 0.2125 0.3859375 0.209375 0.4609375 0.203125
22 0 0.384375 0.0109375 0.38125 0.0203125 0.3828125 0.0375 0.39375 0.0515625 0.396875 0.0546875 0.4 0.078125 0.4078125 0.10625 0.425 0.11875 0.4296875 0.13125 0.43125 0.1453125 0.4453125 0.1546875 0.45 0.1609375 0.4640625 0.16875 0.4734375 0.196875 0.4890625 0.2015625 0.4953125 0.2078125 0.4984375 0.228125 0.521875 0.234375 0.5375 0.2359375 0.55 0.246875 0.56875 0.246875 0.578125 0.2390625 0.5828125 0.2125 0.590625 0.1875 0.59375 0.1515625 0.603125 0.1265625 0.60625 0.096875 0.60625 0.0953125 0.6078125 0.0390625 0.6078125 0.0375 0.60625 0.0125 0.60625 0 0.603125 0 0.5578125 0.0015625 0.55625 0 0.5515625 0 0.3859375
22 0.4484375 0.55 0.4578125 0.5546875 0.4578125 0.5578125 0.471875 0.578125 0.478125 0.5921875 0.478125 0.6015625 0.4828125 0.615625 0.4828125 0.634375 0.475 0.6734375 0.4671875 0.6796875 0.4578125 0.6921875 0.434375 0.7078125 0.4203125 0.7140625 0.409375 0.715625 0.384375 0.725 0.3765625 0.725 0.3546875 0.7328125 0.31875 0.753125 0.3015625 0.7578125 0.2515625 0.75625 0.2296875 0.753125 0.2 0.746875 0.1578125 0.734375 0.125 0.7171875 0.1234375 0.7140625 0.1171875 0.7125 0.0859375 0.6890625 0.084375 0.6640625 0.0875 0.6578125 0.1046875 0.640625 0.146875 0.6140625 0.171875 0.603125 0.1859375 0.6015625 0.2046875 0.5953125 0.2171875 0.5953125 0.221875 0.5921875 0.240625 0.5875 0.253125 0.578125 0.2546875 0.571875 0.26875 0.5671875 0.290625 0.5640625 0.29375 0.5609375 0.3015625 0.5609375 0.3234375 0.553125 0.3421875 0.55 0.3640625 0.55 0.371875 0.546875 0.4265625 0.5453125 0.446875 0.55
21 0.5244565217391304 0.6720183486238531 0.5543478260869565 0.7370030581039755 0.592391304347826 0.760703363914373 0.639945652173913 0.7759938837920489 0.6779891304347826 0.7805810397553516 0.764945652173913 0.7798165137614679 0.794836956521739 0.7706422018348624 0.8396739130434783 0.746177370030581 0.8858695652173912 0.7293577981651376 0.9021739130434783 0.7209480122324159 0.9144021739130433 0.7071865443425076 0.9320652173913043 0.6750764525993883 0.9334239130434783 0.6330275229357798 0.9171195652173912 0.6116207951070336 0.8899456521739131 0.591743119266055 0.8654891304347826 0.5779816513761468 0.8369565217391305 0.5680428134556574 0.779891304347826 0.5565749235474006 0.7377717391304348 0.5443425076452599 0.6684782608695652 0.5435779816513762 0.6331521739130435 0.5466360856269113 0.5910326086956521 0.5603975535168195 0.5679347826086956 0.5741590214067278 0.5421195652173914 0.5925076452599388 0.5258152173913043 0.6116207951070336 0.5244565217391304 0.6720183486238531
21 0.5557065217391304 0.5397553516819571 0.5366847826086956 0.5695718654434251 0.5421195652173914 0.5902140672782875 0.5788043478260869 0.5672782874617737 0.6141304347826086 0.5519877675840978 0.6535326086956521 0.5435779816513762 0.7269021739130435 0.5420489296636085 0.8491847826086957 0.5703363914373089 0.8845108695652174 0.5856269113149847 0.9144021739130433 0.6070336391437309 0.9211956521739131 0.5978593272171253 0.9211956521739131 0.5795107033639144 0.8940217391304348 0.536697247706422 0.8029891304347826 0.4900611620795107 0.7771739130434783 0.48241590214067276 0.7065217391304348 0.4740061162079511 0.6752717391304348 0.47553516819571867 0.6494565217391304 0.48088685015290517 0.5869565217391304 0.5030581039755352 0.5679347826086956 0.5152905198776758 0.5570652173913043 0.5290519877675841 0.5557065217391304 0.5397553516819571
21 0.5801630434782609 0.503822629969419 0.5842391304347826 0.5 0.595108695652174 0.49923547400611623 0.6508152173913043 0.4801223241590214 0.6875 0.4732415902140673 0.7282608695652174 0.4740061162079511 0.7894021739130435 0.4839449541284403 0.8899456521739131 0.5328746177370031 0.9035326086956521 0.5458715596330275 0.9211956521739131 0.5764525993883792 0.9375 0.5642201834862386 0.955163043478261 0.5374617737003058 0.9538043478260869 0.4870030581039755 0.9388586956521738 0.459480122324159 0.9103260869565217 0.4350152905198777 0.892663043478261 0.4250764525993883 0.857336956521739 0.4128440366972477 0.8288043478260869 0.4074923547400611 0.7717391304347826 0.4059633027522936 0.6956521739130435 0.4220183486238532 0.6467391304347826 0.44571865443425074 0.6019021739130435 0.4602446483180428 0.5815217391304348 0.4870030581039755 0.5801630434782609 0.503822629969419
21 0.6019021739130435 0.45642201834862384 0.6494565217391304 0.4418960244648318 0.6630434782608695 0.4319571865443425 0.6956521739130435 0.41743119266055045 0.717391304347826 0.4166666666666667 0.7472826086956521 0.40672782874617736 0.7839673913043478 0.4029051987767584 0.8328804347826086 0.40672782874617736 0.861413043478261 0.4120795107033639 0.9035326086956521 0.42966360856269115 0.9388586956521738 0.459480122324159 0.9470108695652174 0.46941896024464824 0.9456521739130433 0.4801223241590214 0.9497282608695652 0.4831804281345565 0.9633152173913043 0.47629969418960244 0.9741847826086957 0.4617737003058104 0.9796195652173912 0.422782874617737 0.9605978260869564 0.38990825688073394 0.9361413043478259 0.36926605504587157 0.8600543478260869 0.3318042813455657 0.7921195652173914 0.3241590214067278 0.751358695652174 0.3241590214067278 0.7119565217391304 0.32798165137614677 0.6820652173913043 0.33715596330275227 0.6426630434782609 0.35550458715596334 0.6182065217391304 0.3753822629969419 0.6073369565217391 0.39755351681957185 0.6019021739130435 0.45642201834862384
21 0.65625 0.3448012232415902 0.7092391304347826 0.3256880733944954 0.7567934782608695 0.32186544342507645 0.8070652173913043 0.32339449541284404 0.8627717391304348 0.33103975535168195 0.9320652173913043 0.3646788990825688 0.9565217391304348 0.38073394495412843 0.9769021739130433 0.41590214067278286 0.9809782608695652 0.418960244648318 0.9864130434782608 0.4166666666666667 0.9918478260869564 0.4051987767584098 0.9904891304347826 0.3761467889908257 0.9796195652173912 0.3486238532110092 0.955163043478261 0.32951070336391436 0.9089673913043479 0.30428134556574926 0.857336956521739 0.2882262996941896 0.826086956521739 0.28134556574923547 0.8029891304347826 0.2805810397553517 0.7377717391304348 0.2897553516819572 0.717391304347826 0.2958715596330275 0.688858695652174 0.31116207951070335 0.6603260869565217 0.33715596330275227 0.65625 0.3448012232415902
21 0.6154891304347826 0.327217125382263 0.6277173913043479 0.3432721712538226 0.6290760869565217 0.36009174311926606 0.6467391304347826 0.3516819571865443 0.6875 0.31116207951070335 0.71875 0.29434250764525993 0.764945652173913 0.28363914373088683 0.8016304347826086 0.2790519877675841 0.8233695652173912 0.2790519877675841 0.8451086956521738 0.28363914373088683 0.8858695652173912 0.29663608562691135 0.9021739130434783 0.2981651376146789 0.9497282608695652 0.3256880733944954 0.9592391304347826 0.3188073394495413 0.9633152173913043 0.3073394495412844 0.9633152173913043 0.2920489296636085 0.9565217391304348 0.2775229357798165 0.9144021739130433 0.24388379204892968 0.8179347826086957 0.21636085626911314 0.7921195652173914 0.21253822629969416 0.7364130434782609 0.21253822629969416 0.6997282608695652 0.2194189602446483 0.6480978260869565 0.24694189602446484 0.6154891304347826 0.2790519877675841 0.6154891304347826 0.327217125382263
21 0.6100543478260869 0.26987767584097855 0.6141304347826086 0.2744648318042814 0.6453804347826086 0.24617737003058102 0.6956521739130435 0.2194189602446483 0.732336956521739 0.2110091743119266 0.7934782608695652 0.21024464831804282 0.9076086956521738 0.2385321100917431 0.9470108695652174 0.2652905198776758 0.9456521739130433 0.24923547400611618 0.9347826086956521 0.23165137614678896 0.8858695652173912 0.20183486238532108 0.8396739130434783 0.18807339449541285 0.8152173913043479 0.18730886850152906 0.7608695652173914 0.17813455657492355 0.702445652173913 0.18348623853211007 0.654891304347826 0.19724770642201833 0.626358695652174 0.22324159021406728 0.6114130434782609 0.2530581039755352 0.6100543478260869 0.26987767584097855