4 0.478125 0.3078125 0.4796875 0.309375 0.4875 0.30625 0.5296875 0.3078125 0.546875 0.3140625 0.5609375 0.3234375 0.571875 0.334375 0.571875 0.3375 0.5828125 0.346875 0.5921875 0.3671875 0.603125 0.3765625 0.603125 0.3796875 0.6109375 0.390625 0.615625 0.4109375 0.615625 0.4390625 0.6140625 0.4453125 0.6 0.459375 0.596875 0.465625 0.5953125 0.478125 0.5859375 0.5046875 0.56875 0.521875 0.5421875 0.5375 0.540625 0.540625 0.50625 0.5578125 0.4921875 0.5609375 0.459375 0.559375 0.4484375 0.5640625 0.4265625 0.5640625 0.4015625 0.559375 0.3875 0.553125 0.36875 0.55 0.3234375 0.5359375 0.303125 0.525 0.3015625 0.521875 0.29375 0.51875 0.290625 0.5140625 0.2796875 0.50625 0.265625 0.4984375 0.2515625 0.484375 0.240625 0.46875 0.2375 0.4546875 0.225 0.4328125 0.2234375 0.421875 0.240625 0.384375 0.25 0.3734375 0.2578125 0.3703125 0.2703125 0.3609375 0.28125 0.3484375 0.3234375 0.3234375 0.34375 0.3171875 0.375 0.3125 0.396875 0.3125 0.4375 0.3078125 0.4765625 0.3078125
4 0.2828125 0.06875 0.3078125 0.0734375 0.325 0.08125 0.3421875 0.08125 0.365625 0.0859375 0.384375 0.0953125 0.415625 0.1296875 0.4265625 0.14375 0.4328125 0.15625 0.434375 0.1609375 0.428125 0.175 0.428125 0.19375 0.4296875 0.1953125 0.428125 0.2109375 0.4265625 0.2171875 0.4125 0.2296875 0.4109375 0.2375 0.4015625 0.253125 0.3953125 0.2578125 0.384375 0.275 0.371875 0.2859375 0.346875 0.2984375 0.328125 0.3140625 0.3234375 0.315625 0.321875 0.31875 0.3109375 0.3234375 0.3015625 0.3265625 0.2671875 0.3296875 0.253125 0.3359375 0.2390625 0.3390625 0.21875 0.3359375 0.1875 0.3359375 0.171875 0.33125 0.140625 0.328125 0.1265625 0.3234375 0.1203125 0.31875 0.1140625 0.303125 0.109375 0.2984375 0.109375 0.2921875 0.1046875 0.2859375 0.1046875 0.271875 0.0984375 0.265625 0.0953125 0.265625 0.096875 0.2625 0.09375 0.2578125 0.09375 0.25 0.0890625 0.2453125 0.084375 0.2453125 0.075 0.240625 0.0703125 0.2296875 0.0484375 0.23125 0.0390625 0.221875 0.03125 0.2203125 0.0171875 0.20625 0.0140625 0.2015625 0.0140625 0.1953125 0.0203125 0.1875 0.0234375 0.1625 0.03125 0.15 0.0453125 0.1390625 0.0484375 0.1390625 0.0625 0.121875 0.096875 0.1015625 0.1234375 0.09375 0.125 0.090625 0.1390625 0.0828125 0.159375 0.078125 0.16875 0.078125 0.178125 0.075 0.2078125 0.0765625 0.2234375 0.071875 0.2484375 0.06875 0.265625 0.06875 0.2671875 0.0703125 0.28125 0.06875
49 0.4320652173913043 0.21455938697318006 0.41440217391304346 0.24137931034482757 0.4171195652173913 0.2467432950191571 0.42934782608695654 0.25210727969348656 0.4320652173913043 0.2712643678160919 0.44021739130434784 0.2743295019157088 0.4470108695652174 0.28735632183908044 0.47690217391304346 0.2919540229885057 0.48777173913043476 0.3003831417624521 0.5203804347826086 0.30344827586206896 0.5489130434782609 0.3111111111111111 0.5679347826086956 0.3226053639846743 0.5828804347826086 0.3379310344827586 0.6019021739130435 0.3731800766283525 0.6073369565217391 0.3747126436781609 0.6182065217391304 0.40076628352490423 0.626358695652174 0.403831417624521 0.626358695652174 0.410727969348659 0.6345108695652174 0.4137931034482758 0.638586956521739 0.4209448275862068 0.639945652173913 0.4850574712643678 0.6671195652173914 0.5118773946360153 0.6766304347826086 0.5126436781609195 0.6847826086956521 0.5210727969348659 0.6983695652173914 0.5134099616858238 0.7255434782608695 0.5134099616858238 0.7676630434782609 0.5256704980842912 0.8029891304347826 0.5302681992337164 0.8369565217391305 0.5494252873563218 0.8682065217391305 0.5593869731800767 0.8980978260869564 0.5793103448275863 0.9714673913043479 0.653639846743295 0.9877717391304348 0.6996168582375478 0.9850543478260869 0.7302681992337164 0.9945652173913043 0.7379310344827585 0.9986413043478259 0.7233716475095785 0.9986413043478259 0.6199233716475095 0.8913043478260869 0.5455938697318008 0.8627717391304348 0.5310344827586206 0.8342391304347826 0.5072796934865901 0.7296195652173914 0.4375478927203065 0.671195652173913 0.38544061302681987 0.6372282608695652 0.36168582375478925 0.5910326086956521 0.3226053639846743 0.5706521739130435 0.2942528735632184 0.546195652173913 0.27586206896551724 0.514945652173913 0.23448275862068962 0.45244565217391297 0.16475095785440613 0.4375 0.1540229885057471 0.4320652173913043 0.21455938697318006
4 0.9796875 0.2515625 0.9984375 0.25625 0.9984375 0.3703125 0.996875 0.371875 0.9984375 0.4203125 0.965625 0.4203125 0.953125 0.4171875 0.9375 0.4171875 0.921875 0.4140625 0.9078125 0.409375 0.9046875 0.40625 0.8984375 0.40625 0.8828125 0.4 0.875 0.4 0.8640625 0.39375 0.8546875 0.3921875 0.828125 0.3765625 0.8125 0.3609375 0.803125 0.3453125 0.803125 0.328125 0.8125 0.3109375 0.8234375 0.3 0.8625 0.271875 0.875 0.265625 0.884375 0.2640625 0.8875 0.2609375 0.91875 0.2515625 0.934375 0.25 0.978125 0.2515625
4 0.075 0.4265625 0.10625 0.43125 0.1234375 0.43125 0.1390625 0.4375 0.165625 0.440625 0.1703125 0.44375 0.1859375 0.446875 0.1984375 0.453125 0.215625 0.4578125 0.228125 0.4671875 0.2453125 0.4875 0.259375 0.4984375 0.2703125 0.5109375 0.2703125 0.515625 0.28125 0.5328125 0.28125 0.55 0.275 0.565625 0.2703125 0.5859375 0.259375 0.5984375 0.2515625 0.603125 0.2390625 0.615625 0.2203125 0.6265625 0.2140625 0.634375 0.1953125 0.646875 0.1796875 0.6515625 0.153125 0.665625 0.1484375 0.665625 0.121875 0.6765625 0.0796875 0.68125 0.059375 0.6859375 0.03125 0.6859375 0.0296875 0.6875 0 0.6875 0 0.434375 0.0734375 0.4265625
4 0.740625 0.5234375 0.76875 0.5296875 0.790625 0.53125 0.8390625 0.553125 0.871875 0.5640625 0.9046875 0.5875 0.9265625 0.609375 0.9265625 0.6125 0.9609375 0.64375 0.9765625 0.66875 0.978125 0.6953125 0.9828125 0.7015625 0.9828125 0.70625 0.9765625 0.7203125 0.9765625 0.728125 0.9671875 0.740625 0.9578125 0.7609375 0.946875 0.771875 0.9421875 0.7734375 0.9359375 0.7796875 0.9109375 0.7890625 0.8984375 0.7875 0.8859375 0.7890625 0.86875 0.7984375 0.8234375 0.80625 0.8015625 0.80625 0.8 0.8046875 0.709375 0.80625 0.69375 0.7984375 0.6734375 0.7953125 0.65625 0.790625 0.64375 0.784375 0.625 0.78125 0.6171875 0.778125 0.603125 0.7671875 0.578125 0.759375 0.559375 0.7484375 0.553125 0.7421875 0.5421875 0.7203125 0.53125 0.709375 0.521875 0.6890625 0.51875 0.6765625 0.51875 0.6546875 0.5234375 0.64375 0.53125 0.634375 0.53125 0.6203125 0.534375 0.6125 0.54375 0.596875 0.5734375 0.5703125 0.5859375 0.5609375 0.6015625 0.5546875 0.625 0.5390625 0.6390625 0.5328125 0.6625 0.528125 0.6828125 0.528125 0.684375 0.5265625 0.69375 0.528125 0.709375 0.5234375 0.7390625 0.5234375
4 0.9796875 0.0890625 0.99375 0.08125 0.9984375 0.08125 0.9984375 0.1421875 0.99375 0.1515625 0.9984375 0.1640625 0.9984375 0.2421875 0.990625 0.2421875 0.9828125 0.2390625 0.96875 0.2328125 0.959375 0.225 0.9484375 0.196875 0.946875 0.18125 0.9375 0.165625 0.9375 0.15 0.94375 0.13125 0.9546875 0.1171875 0.959375 0.1046875 0.9671875 0.1015625 0.9796875 0.090625
4 0 0.20625 0.009375 0.2078125 0.0109375 0.2109375 0.015625 0.2125 0.0328125 0.23125 0.0515625 0.246875 0.0609375 0.2609375 0.0609375 0.2671875 0.0640625 0.271875 0.0703125 0.3 0.0703125 0.315625 0.06875 0.3171875 0.0703125 0.3421875 0.0609375 0.365625 0.0609375 0.371875 0.0203125 0.40625 0.009375 0.409375 0 0.409375 0 0.2640625 0.0015625 0.2625 0 0.2609375 0 0.2078125
49 0.8192934782608695 0.8268199233716474 0.8097826086956521 0.8314176245210728 0.8206521739130433 0.8367816091954022 0.8179347826086957 0.8444444444444444 0.8464673913043479 0.842911877394636 0.8586956521739131 0.8490421455938696 0.9035326086956521 0.8597701149425288 0.919836956521739 0.8597701149425288 0.9320652173913043 0.8513409961685824 0.9986413043478259 0.8367816091954022 0.9932065217391305 0.7547892720306513 0.9769021739130433 0.764750957854406 0.9633152173913043 0.7639846743295019 0.9144021739130433 0.7923371647509578 0.8817934782608695 0.7961685823754789 0.8491847826086957 0.8068965517241379 0.8478260869565217 0.8176245210727968 0.8192934782608695 0.821455938697318 0.8192934782608695 0.8268199233716474
49 0 0.7731800766283524 0.06793478260869565 0.8130268199233717 0.07065217391304349 0.8206896551724137 0.10597826086956522 0.8482758620689654 0.12364130434782608 0.8697318007662835 0.20923913043478262 0.9210727969348659 0.21331521739130435 0.9187739463601533 0.2921195652173913 0.9333333333333332 0.3070652173913043 0.9409961685823754 0.33967391304347827 0.9494252873563218 0.3505434782608695 0.9578544061302681 0.38315217391304346 0.9655172413793103 0.42119565217391297 0.9716475095785441 0.48097826086956524 0.9754789272030651 0.5557065217391304 0.9954022988505746 0.5869565217391304 0.9992337164750957 0.7758152173913043 0.9992337164750957 0.8233695652173912 0.9770114942528736 0.8342391304347826 0.9601532567049809 0.8491847826086957 0.9532567049808428 0.8559782608695652 0.9448275862068964 0.8559782608695652 0.9333333333333332 0.8478260869565217 0.9226053639846743 0.8491847826086957 0.9072796934865901 0.8247282608695652 0.8590038314176244 0.8070652173913043 0.8490421455938696 0.8097826086956521 0.8444444444444444 0.8029891304347826 0.8275862068965516 0.8111413043478259 0.821455938697318 0.796195652173913 0.8191570881226052 0.7934782608695652 0.8275862068965516 0.7866847826086956 0.8314176245210728 0.796195652173913 0.8413793103448276 0.7894021739130435 0.8544061302681992 0.7894021739130435 0.8796934865900383 0.7758152173913043 0.888888888888889 0.7758152173913043 0.8950191570881225 0.764945652173913 0.9072796934865901 0.7459239130434783 0.9095785440613027 0.7404891304347826 0.9134099616858237 0.7445652173913043 0.9157088122605364 0.7432065217391304 0.9509578544061302 0.7472826086956521 0.9540229885057471 0.7350543478260869 0.9578544061302681 0.7133152173913043 0.9578544061302681 0.7119565217391304 0.9708812260536398 0.6956521739130435 0.9770114942528736 0.6915760869565217 0.9731800766283524 0.6467391304347826 0.9747126436781608 0.625 0.9655172413793103 0.6114130434782609 0.9655172413793103 0.6046195652173914 0.9685823754789272 0.5991847826086956 0.9586206896551724 0.5883152173913043 0.9555555555555555 0.5434782608695652 0.960919540229885 0.5353260869565217 0.9563218390804596 0.5217391304347826 0.957088122605364 0.5163043478260869 0.9494252873563218 0.5095108695652174 0.9478927203065133 0.43885869565217395 0.9486590038314177 0.4279891304347826 0.9386973180076629 0.37228260869565216 0.9379310344827585 0.360054347826087 0.9340996168582375 0.36277173913043476 0.9195402298850575 0.35733695652173914 0.9195402298850575 0.33152173913043476 0.9026819923371647 0.2839673913043478 0.9042145593869731 0.24864130434782608 0.9011494252873563 0.24864130434782608 0.8973180076628353 0.2391304347826087 0.8965517241379309 0.23777173913043476 0.8934865900383141 0.2078804347826087 0.8881226053639846 0.18070652173913043 0.8743295019157088 0.16847826086956522 0.8628352490421456 0.15217391304347824 0.8590038314176244 0.14945652173913043 0.8490421455938696 0.1331521739130435 0.846743295019157 0.11548913043478262 0.8314176245210728 0.09918478260869565 0.8068965517241379 0.08288043478260869 0.803831417624521 0.08559782608695651 0.7961685823754789 0.07472826086956522 0.7632183908045976 0.07744565217391304 0.7547892720306513 0.07065217391304349 0.746360153256705 0.07744565217391304 0.7348659003831417 0.08152173913043478 0.718007662835249 0.07744565217391304 0.7103448275862069 0.08152173913043478 0.7080459770114942 0.06657608695652174 0.7011494252873562 0.06793478260869565 0.6957854406130267 0.002717391304347826 0.6942528735632184 0 0.7731800766283524
4 0.403125 0.64375 0.4171875 0.646875 0.440625 0.65625 0.4640625 0.659375 0.4890625 0.671875 0.5203125 0.703125 0.521875 0.7078125 0.5296875 0.715625 0.5296875 0.71875 0.5328125 0.7203125 0.540625 0.740625 0.540625 0.7484375 0.546875 0.765625 0.5453125 0.784375 0.5390625 0.7984375 0.5234375 0.8125 0.51875 0.821875 0.509375 0.83125 0.496875 0.8390625 0.48125 0.8546875 0.45625 0.86875 0.428125 0.875 0.4015625 0.8859375 0.3765625 0.8921875 0.35 0.8953125 0.3203125 0.8953125 0.3 0.9 0.271875 0.8984375 0.2515625 0.890625 0.24375 0.890625 0.2125 0.8828125 0.196875 0.875 0.1890625 0.8734375 0.1515625 0.8453125 0.13125 0.8375 0.1046875 0.8078125 0.1046875 0.8046875 0.09375 0.796875 0.0859375 0.784375 0.084375 0.7671875 0.0796875 0.7578125 0.0828125 0.7484375 0.084375 0.7234375 0.09375 0.7125 0.0984375 0.703125 0.121875 0.6953125 0.1375 0.68125 0.15 0.6796875 0.1625 0.6671875 0.1890625 0.65625 0.2109375 0.65625 0.2265625 0.653125 0.2359375 0.646875 0.24375 0.6453125 0.246875 0.646875 0.25625 0.6453125 0.2890625 0.646875 0.34375 0.640625 0.3828125 0.640625 0.4015625 0.64375
49 0 0.06666666666666667 0 0.14942528735632182 0.004076086956521739 0.15095785440613024 0.02309782608695652 0.1486590038314176 0.02717391304347826 0.13793103448275862 0.03940217391304347 0.13409961685823754 0.042119565217391304 0.12490421455938697 0.05298913043478261 0.1218390804597701 0.05434782608695652 0.11264367816091954 0.06657608695652174 0.10881226053639845 0.06929347826086957 0.09808429118773945 0.08016304347826086 0.09425287356321839 0.09103260869565218 0.08352490421455938 0.12092391304347824 0.0789272030651341 0.125 0.07203065134099616 0.2758152173913043 0.06436781609195402 0.3029891304347826 0.06896551724137931 0.3070652173913043 0.07739463601532567 0.3125 0.0735632183908046 0.3383152173913043 0.0796934865900383 0.3654891304347826 0.08199233716475095 0.34782608695652173 0.06436781609195402 0.27989130434782605 0.019157088122605363 0.24456521739130435 0.0053639846743295016 0.22010869565217392 0 0.13994565217391303 0.003065134099616858 0.1331521739130435 0.007662835249042145 0.10190217391304349 0.014559386973180075 0.03804347826086956 0.05593869731800766 0.005434782608695652 0.0636015325670498 0 0.06666666666666667
49 0.5353260869565217 0.24291187739463602 0.5529891304347826 0.2681992337164751 0.5665760869565217 0.2819923371647509 0.6209239130434783 0.3187739463601532 0.6358695652173914 0.3386973180076628 0.671195652173913 0.3693486590038314 0.6970108695652174 0.37624521072796935 0.7472826086956521 0.40842911877394633 0.782608695652174 0.4191570881226053 0.8342391304347826 0.4521072796934866 0.8845108695652174 0.47509578544061304 0.9388586956521738 0.4942528735632184 0.9986413043478259 0.5080459770114942 0.9986413043478259 0.03984674329501915 0.9415760869565217 0.05057471264367815 0.8817934782608695 0.06743295019157088 0.8586956521739131 0.06896551724137931 0.7567934782608695 0.09731800766283524 0.6942934782608695 0.11111111111111112 0.6209239130434783 0.13333333333333333 0.5570652173913043 0.1731800766283525 0.5366847826086956 0.221455938697318 0.5353260869565217 0.24291187739463602