33 0.4225543478260869 0.7828746177370031 0.4307065217391305 0.7889908256880734 0.4483695652173913 0.7900101936799185 0.44021739130434784 0.7787971457696228 0.42391304347826086 0.7747196738022426 0.4225543478260869 0.7828746177370031
33 0.4442934782608695 0.6676860346585117 0.4483695652173913 0.6707441386340469 0.47010869565217395 0.672782874617737 0.5557065217391304 0.7104994903160041 0.6154891304347826 0.7686034658511722 0.6603260869565217 0.7420998980632009 0.6942934782608695 0.7043832823649337 0.6929347826086956 0.6901121304791029 0.6875 0.6850152905198776 0.669836956521739 0.6788990825688074 0.6141304347826086 0.6381243628950052 0.5665760869565217 0.6269113149847094 0.563858695652174 0.6156982670744139 0.546195652173913 0.6075433231396534 0.5366847826086956 0.6095820591233435 0.5040760869565217 0.6432212028542305 0.45652173913043476 0.6646279306829765 0.4483695652173913 0.6646279306829765 0.4442934782608695 0.6676860346585117
33 0.5855978260869565 0.5922528032619776 0.5910326086956521 0.6085626911314985 0.6182065217391304 0.6279306829765545 0.6168478260869565 0.6371049949031601 0.6684782608695652 0.6748216106014271 0.7296195652173914 0.6972477064220184 0.7921195652173914 0.7074413863404689 0.84375 0.7043832823649337 0.9048913043478259 0.6829765545361876 0.9497282608695652 0.6432212028542305 0.982336956521739 0.6442405708460754 0.9986413043478259 0.654434250764526 0.9986413043478259 0.6472986748216106 0.9864130434782608 0.6391437308868502 0.9442934782608695 0.6289500509683996 0.9334239130434783 0.5973496432212029 0.9103260869565217 0.5667686034658512 0.8790760869565217 0.5423037716615698 0.8410326086956521 0.527013251783894 0.7839673913043478 0.5657492354740061 0.7540760869565217 0.5769622833843018 0.7228260869565217 0.582059123343527 0.6589673913043479 0.5790010193679919 0.59375 0.5565749235474006 0.5869565217391304 0.563710499490316 0.5855978260869565 0.5922528032619776
33 0.1467391304347826 0.7930682976554537 0.17119565217391303 0.8389398572884812 0.22282608695652173 0.8837920489296636 0.2921195652173913 0.9133537206931702 0.37907608695652173 0.9337410805300713 0.44565217391304346 0.9408766564729868 0.4945652173913043 0.9398572884811417 0.5475543478260869 0.9306829765545362 0.577445652173913 0.9184505606523956 0.595108695652174 0.9051987767584098 0.6114130434782609 0.8837920489296636 0.626358695652174 0.8379204892966362 0.625 0.8053007135575942 0.6154891304347826 0.7747196738022426 0.5991847826086956 0.7533129459734964 0.5516304347826086 0.7115188583078492 0.4755434782608695 0.6758409785932722 0.4008152173913043 0.6656472986748216 0.31657608695652173 0.6676860346585117 0.27989130434782605 0.6738022426095821 0.25 0.6809378185524975 0.18206521739130435 0.7074413863404689 0.15896739130434784 0.7227319062181448 0.1467391304347826 0.7482161060142711 0.1467391304347826 0.7930682976554537
33 0.20652173913043476 0.5035677879714577 0.21739130434782608 0.5392456676860347 0.25 0.5830784913353722 0.29891304347826086 0.6248725790010193 0.37092391304347827 0.6615698267074415 0.42934782608695654 0.6646279306829765 0.4633152173913043 0.6595310907237513 0.49728260869565216 0.6452599388379205 0.5339673913043479 0.6095820591233435 0.5475543478260869 0.5739041794087666 0.5475543478260869 0.5300713557594292 0.5135869565217391 0.48725790010193687 0.48641304347826086 0.43119266055045874 0.44972826086956524 0.4046890927624872 0.4279891304347826 0.42609582059123347 0.39266304347826086 0.4505606523955148 0.297554347826087 0.4801223241590214 0.20923913043478262 0.4954128440366973 0.20652173913043476 0.5035677879714577
33 0.42934782608695654 0.20081549439347604 0.4483695652173913 0.19571865443425077 0.48097826086956524 0.20081549439347604 0.4904891304347826 0.19571865443425077 0.4932065217391304 0.18858307849133538 0.48641304347826086 0.17635066258919468 0.43885869565217395 0.14984709480122324 0.4320652173913043 0.1508664627930683 0.42934782608695654 0.15800203873598367 0.42934782608695654 0.20081549439347604
33 0.4157608695652174 0.09480122324159021 0.4334239130434782 0.12028542303771661 0.4442934782608695 0.1233435270132518 0.44565217391304346 0.13557594291539246 0.4592391304347826 0.14373088685015292 0.501358695652174 0.16207951070336393 0.5203804347826086 0.16106014271151886 0.532608695652174 0.16921508664627932 0.5883152173913043 0.1416921508664628 0.59375 0.12640163098878696 0.59375 0.09276248725790011 0.5828804347826086 0.06422018348623854 0.5679347826086956 0.051987767584097865 0.5244565217391304 0.03567787971457696 0.4796195652173913 0.027522935779816515 0.4008152173913043 0.03160040774719674 0.4157608695652174 0.09480122324159021
33 0.2214673913043478 0.19367991845056065 0.23097826086956524 0.22629969418960244 0.2717391304347826 0.2670744138634047 0.3029891304347826 0.273190621814475 0.31657608695652173 0.26299694189602446 0.33016304347826086 0.26605504587155965 0.34103260869565216 0.25993883792048933 0.3546195652173913 0.25891946992864423 0.36820652173913043 0.22460040774719675 0.3967391304347826 0.18450560652395515 0.4021739130434782 0.1325178389398573 0.3967391304347826 0.12232415902140674 0.3641304347826087 0.09887869520897044 0.3559782608695652 0.07747196738022426 0.3328804347826087 0.0835881753312946 0.3192934782608695 0.07237512742099898 0.3491847826086957 0.05708460754332314 0.34782608695652173 0.04892966360856269 0.31385869565217395 0.06218144750254843 0.2758152173913043 0.0856269113149847 0.25 0.11111111111111112 0.22554347826086957 0.15392456676860347 0.2214673913043478 0.19367991845056065
33 0 0.5300713557594292 0 0.6952089704383282 0.05027173913043478 0.7227319062181448 0.10869565217391304 0.7390417940876657 0.14402173913043478 0.7410805300713558 0.15896739130434784 0.7196738022426097 0.19972826086956522 0.6972477064220184 0.2717391304347826 0.6738022426095821 0.3192934782608695 0.6656472986748216 0.3233695652173913 0.6554536187563711 0.3192934782608695 0.6401630988786953 0.26358695652173914 0.599388379204893 0.20516304347826084 0.5310907237512742 0.18342391304347824 0.5219164118246687 0.12907608695652173 0.5096839959225281 0.10326086956521738 0.5127420998980632 0.09239130434782608 0.5208970438328236 0.0733695652173913 0.5249745158002039 0.0733695652173913 0.508664627930683 0.04483695652173913 0.5127420998980632 0.012228260869565218 0.5239551478083588 0 0.5300713557594292
33 0.48097826086956524 0.39143730886850153 0.501358695652174 0.45871559633027525 0.529891304347826 0.5045871559633028 0.577445652173913 0.545361875637105 0.6046195652173914 0.5596330275229359 0.65625 0.5759429153924567 0.720108695652174 0.580020387359837 0.7758152173913043 0.5667686034658512 0.8016304347826086 0.5545361875637105 0.8288043478260869 0.5331294597349643 0.8451086956521738 0.4994903160040775 0.8519021739130433 0.46687054026503566 0.8451086956521738 0.4046890927624872 0.826086956521739 0.3577981651376147 0.7907608695652174 0.3058103975535168 0.7282608695652174 0.25484199796126406 0.686141304347826 0.236493374108053 0.6657608695652174 0.2344546381243629 0.6290760869565217 0.22324159021406728 0.5842391304347826 0.22324159021406728 0.5597826086956521 0.2273190621814475 0.5244565217391304 0.24974515800203875 0.5163043478260869 0.2609582059123344 0.4932065217391304 0.3007135575942915 0.48233695652173914 0.34454638124362896 0.48097826086956524 0.39143730886850153
33 0.8016304347826086 0.3149847094801223 0.8355978260869564 0.3700305810397554 0.8546195652173912 0.43119266055045874 0.8532608695652174 0.47910295616717635 0.8423913043478259 0.5208970438328236 0.8763586956521738 0.5372069317023446 0.9089673913043479 0.5423037716615698 0.9524456521739131 0.5402650356778798 0.9945652173913043 0.527013251783894 0.9986413043478259 0.5249745158002039 0.9986413043478259 0.24770642201834864 0.8967391304347826 0.21508664627930685 0.826086956521739 0.2782874617737003 0.8043478260869564 0.3068297655453619 0.8016304347826086 0.3149847094801223
33 0.014945652173913044 0.35372069317023447 0.021739130434782608 0.3669724770642202 0.06114130434782609 0.40366972477064217 0.08831521739130435 0.42201834862385323 0.13043478260869565 0.43832823649337416 0.21603260869565216 0.35983690112130484 0.24184782608695649 0.3414882772680938 0.2391304347826087 0.308868501529052 0.25 0.2833843017329256 0.23369565217391303 0.26605504587155965 0.20516304347826084 0.26605504587155965 0.13451086956521738 0.27522935779816515 0.10190217391304349 0.2864424057084608 0.05027173913043478 0.3129459734964322 0.01766304347826087 0.3394495412844037 0.014945652173913044 0.35372069317023447
33 0.7472826086956521 0.16309887869520898 0.9144021739130433 0.17329255861365953 0.919836956521739 0.1712538226299694 0.9252717391304348 0.14780835881753313 0.8274456521739131 0.14373088685015292 0.7459239130434783 0.15698267074413863 0.7472826086956521 0.16309887869520898
33 0.6779891304347826 0.11722731906218145 0.7853260869565217 0.09582059123343527 0.8410326086956521 0.09174311926605505 0.8654891304347826 0.07747196738022426 0.826086956521739 0.06931702344546381 0.779891304347826 0.07033639143730888 0.7350543478260869 0.08256880733944955 0.6820652173913043 0.11009174311926606 0.6779891304347826 0.11722731906218145
33 0.6127717391304348 0.2161060142711519 0.6168478260869565 0.21916411824668708 0.6630434782608695 0.23037716615698267 0.6739130434782609 0.22935779816513763 0.7133152173913043 0.24464831804281348 0.7527173913043479 0.2691131498470948 0.7921195652173914 0.3007135575942915 0.8070652173913043 0.29663608562691135 0.892663043478261 0.2161060142711519 0.8709239130434783 0.20489296636085624 0.751358695652174 0.18654434250764526 0.6535326086956521 0.1906218144750255 0.626358695652174 0.19571865443425077 0.6154891304347826 0.2038735983690112 0.6127717391304348 0.2161060142711519