11 0.671875 0.3796875 0.678125 0.3796875 0.684375 0.3828125 0.69375 0.3890625 0.7078125 0.403125 0.7171875 0.4046875 0.7203125 0.4015625 0.73125 0.4 0.74375 0.4078125 0.7421875 0.4375 0.7390625 0.44375 0.73125 0.45 0.7171875 0.4703125 0.7078125 0.4796875 0.7078125 0.484375 0.7046875 0.4890625 0.6765625 0.5203125 0.6765625 0.525 0.6703125 0.53125 0.6625 0.5484375 0.659375 0.5515625 0.6390625 0.5515625 0.6296875 0.546875 0.6296875 0.5421875 0.6671875 0.5046875 0.671875 0.4875 0.678125 0.475 0.68125 0.4578125 0.678125 0.4515625 0.66875 0.44375 0.6671875 0.4375 0.6578125 0.428125 0.6453125 0.421875 0.6234375 0.415625 0.615625 0.40625 0.6203125 0.40625 0.6296875 0.4109375 0.6375 0.4109375 0.65 0.40625 0.6703125 0.3953125 0.671875 0.38125
11 0.521875 0.1421875 0.534375 0.1515625 0.5515625 0.153125 0.5609375 0.1625 0.571875 0.1609375 0.5765625 0.1640625 0.5796875 0.1671875 0.58125 0.175 0.5921875 0.1859375 0.59375 0.19375 0.60625 0.2046875 0.6140625 0.2046875 0.6140625 0.2265625 0.609375 0.23125 0.609375 0.234375 0.6 0.2390625 0.5953125 0.246875 0.58125 0.2484375 0.5515625 0.2703125 0.5453125 0.2703125 0.5375 0.2546875 0.53125 0.2484375 0.53125 0.2453125 0.525 0.2390625 0.515625 0.2359375 0.5125 0.2375 0.503125 0.228125 0.5 0.21875 0.478125 0.18125 0.478125 0.1765625 0.48125 0.171875 0.4921875 0.1703125 0.5078125 0.1640625 0.5125 0.15625 0.5171875 0.153125 0.521875 0.14375
11 0.453125 0.7421875 0.4703125 0.7328125 0.471875 0.7359375 0.4703125 0.7453125 0.48125 0.75625 0.4828125 0.7609375 0.478125 0.778125 0.4734375 0.7796875 0.453125 0.7484375 0.4515625 0.7453125 0.453125 0.74375
11 0.446875 0.146875 0.45625 0.15625 0.459375 0.165625 0.478125 0.1875 0.478125 0.190625 0.4875 0.2015625 0.4890625 0.2078125 0.4984375 0.2203125 0.5 0.2265625 0.509375 0.240625 0.509375 0.2484375 0.5125 0.25 0.5203125 0.2640625 0.5203125 0.2703125 0.5296875 0.2859375 0.5296875 0.290625 0.540625 0.30625 0.540625 0.3109375 0.546875 0.3203125 0.559375 0.3328125 0.5640625 0.334375 0.578125 0.35 0.5734375 0.3609375 0.575 0.3703125 0.590625 0.3859375 0.590625 0.3953125 0.5828125 0.403125 0.584375 0.446875 0.5828125 0.4546875 0.578125 0.4625 0.578125 0.484375 0.5796875 0.4859375 0.578125 0.509375 0.56875 0.5296875 0.5515625 0.5375 0.5515625 0.5625 0.5546875 0.5890625 0.540625 0.603125 0.5328125 0.603125 0.5296875 0.60625 0.5296875 0.6109375 0.525 0.615625 0.5 0.6140625 0.4875 0.6 0.4796875 0.5828125 0.4671875 0.571875 0.459375 0.56875 0.4578125 0.565625 0.428125 0.55625 0.425 0.553125 0.4109375 0.55 0.39375 0.540625 0.384375 0.540625 0.3625 0.5296875 0.375 0.509375 0.375 0.50625 0.3859375 0.496875 0.39375 0.48125 0.39375 0.471875 0.3859375 0.4546875 0.3859375 0.4421875 0.3796875 0.4328125 0.38125 0.4203125 0.3859375 0.415625 0.3859375 0.40625 0.365625 0.38125 0.3640625 0.375 0.3640625 0.365625 0.3671875 0.3625 0.3640625 0.3453125 0.365625 0.334375 0.3703125 0.3296875 0.3765625 0.3296875 0.384375 0.325 0.3859375 0.3140625 0.3921875 0.30625 0.4 0.3015625 0.4078125 0.303125 0.415625 0.3015625 0.41875 0.2953125 0.4265625 0.2921875 0.4375 0.278125 0.4375 0.25 0.434375 0.2328125 0.428125 0.2265625 0.428125 0.2234375 0.4125 0.2078125 0.4078125 0.1921875 0.4078125 0.1796875 0.3984375 0.1546875 0.4046875 0.146875 0.4171875 0.1421875 0.434375 0.1421875 0.4453125 0.146875
11 0.5828125 0.60625 0.584375 0.6078125 0.6 0.60625 0.61875 0.615625 0.6296875 0.615625 0.65625 0.625 0.6640625 0.6328125 0.671875 0.646875 0.671875 0.6515625 0.6765625 0.6578125 0.675 0.6859375 0.690625 0.721875 0.690625 0.728125 0.6859375 0.7390625 0.690625 0.7765625 0.6859375 0.7859375 0.678125 0.7921875 0.6765625 0.8078125 0.6734375 0.809375 0.6625 0.8078125 0.6546875 0.8109375 0.634375 0.809375 0.628125 0.8046875 0.621875 0.79375 0.615625 0.7921875 0.6046875 0.7984375 0.590625 0.8 0.5859375 0.8046875 0.5828125 0.81875 0.5765625 0.8234375 0.571875 0.8328125 0.5578125 0.834375 0.553125 0.8328125 0.5328125 0.815625 0.521875 0.8015625 0.515625 0.784375 0.515625 0.7703125 0.5328125 0.746875 0.5375 0.7328125 0.5390625 0.7171875 0.528125 0.696875 0.509375 0.696875 0.5 0.6921875 0.496875 0.6859375 0.5 0.675 0.496875 0.6578125 0.5 0.65 0.51875 0.6359375 0.5234375 0.628125 0.5296875 0.625 0.53125 0.621875 0.553125 0.615625 0.571875 0.615625 0.5765625 0.609375 0.58125 0.6078125
11 0.7234375 0.6703125 0.7390625 0.6734375 0.753125 0.6828125 0.7625 0.68125 0.7703125 0.6828125 0.7703125 0.6859375 0.75 0.703125 0.74375 0.7125 0.740625 0.7375 0.75 0.7609375 0.75 0.7671875 0.7484375 0.7703125 0.7453125 0.7703125 0.7375 0.7765625 0.71875 0.775 0.70625 0.7671875 0.69375 0.7640625 0.6890625 0.740625 0.6953125 0.728125 0.6953125 0.7234375 0.678125 0.6890625 0.678125 0.6796875 0.68125 0.675 0.6890625 0.6703125 0.721875 0.6703125
11 0.615625 0.1015625 0.621875 0.1046875 0.6234375 0.1078125 0.63125 0.1421875 0.6453125 0.1671875 0.6453125 0.171875 0.7046875 0.2484375 0.703125 0.25625 0.6953125 0.259375 0.6890625 0.265625 0.6859375 0.2734375 0.671875 0.290625 0.65625 0.303125 0.6546875 0.3109375 0.6484375 0.3078125 0.64375 0.3 0.640625 0.275 0.6171875 0.2578125 0.615625 0.2015625 0.5984375 0.196875 0.59375 0.1890625 0.59375 0.184375 0.584375 0.1765625 0.58125 0.165625 0.5765625 0.1609375 0.55625 0.153125 0.553125 0.1484375 0.553125 0.140625 0.5484375 0.1265625 0.5421875 0.11875 0.5421875 0.1125 0.5546875 0.1046875 0.59375 0.0984375 0.6046875 0.0984375 0.6140625 0.1015625
11 0.18125 0.3953125 0.1859375 0.396875 0.1859375 0.4 0.1890625 0.4015625 0.190625 0.4125 0.1890625 0.4171875 0.19375 0.421875 0.2171875 0.43125 0.2234375 0.4265625 0.228125 0.4265625 0.2359375 0.434375 0.234375 0.475 0.2390625 0.4984375 0.2390625 0.509375 0.2453125 0.5296875 0.2484375 0.5328125 0.2484375 0.5375 0.2546875 0.5484375 0.259375 0.5515625 0.259375 0.559375 0.2625 0.5671875 0.2625 0.5828125 0.25625 0.590625 0.2484375 0.5953125 0.2390625 0.6109375 0.2375 0.61875 0.21875 0.61875 0.2140625 0.6234375 0.1921875 0.634375 0.1875 0.634375 0.175 0.6421875 0.165625 0.640625 0.15625 0.63125 0.140625 0.628125 0.1359375 0.6234375 0.1359375 0.6203125 0.1234375 0.6078125 0.115625 0.603125 0.1046875 0.5828125 0.103125 0.575 0.0953125 0.56875 0.084375 0.5640625 0.084375 0.5546875 0.09375 0.540625 0.09375 0.521875 0.0890625 0.509375 0.0890625 0.5015625 0.0984375 0.4890625 0.1 0.471875 0.1125 0.4625 0.10625 0.45 0.1078125 0.434375 0.13125 0.4171875 0.1390625 0.41875 0.1453125 0.4171875 0.1515625 0.4015625 0.1546875 0.396875 0.1578125 0.396875 0.1625 0.3921875 0.1671875 0.3796875 0.171875 0.3796875 0.1765625 0.384375 0.1765625 0.390625 0.1796875 0.3953125
11 0.3140625 0.175 0.3359375 0.1875 0.340625 0.1875 0.346875 0.19375 0.3640625 0.203125 0.3640625 0.209375 0.359375 0.215625 0.359375 0.228125 0.3640625 0.2328125 0.3640625 0.2390625 0.340625 0.2390625 0.3359375 0.24375 0.3171875 0.28125 0.3 0.3265625 0.2921875 0.3375 0.2796875 0.3375 0.271875 0.3328125 0.271875 0.315625 0.278125 0.303125 0.278125 0.2859375 0.275 0.275 0.2703125 0.2703125 0.2609375 0.26875 0.2609375 0.2640625 0.2578125 0.259375 0.2578125 0.240625 0.2609375 0.23125 0.265625 0.228125 0.28125 0.20625 0.2828125 0.1984375 0.2921875 0.1875 0.2953125 0.1875 0.3046875 0.178125 0.3125 0.175
11 0.328125 0.5953125 0.3375 0.6046875 0.340625 0.6046875 0.353125 0.6140625 0.3640625 0.628125 0.3640625 0.63125 0.371875 0.6390625 0.3734375 0.653125 0.365625 0.659375 0.359375 0.6609375 0.3453125 0.6578125 0.33125 0.646875 0.31875 0.646875 0.3109375 0.6546875 0.3109375 0.6640625 0.3078125 0.671875 0.3015625 0.671875 0.3 0.6578125 0.2953125 0.653125 0.2828125 0.6546875 0.278125 0.659375 0.2703125 0.65625 0.2578125 0.6578125 0.25 0.653125 0.2484375 0.6359375 0.24375 0.625 0.24375 0.615625 0.246875 0.6140625 0.246875 0.609375 0.2578125 0.6015625 0.2625 0.5953125 0.275 0.59375 0.2796875 0.6 0.28125 0.6140625 0.2875 0.61875 0.2984375 0.61875 0.315625 0.6140625 0.321875 0.6078125 0.3234375 0.6 0.3265625 0.596875
11 0.2890625 0.3375 0.290625 0.3390625 0.2890625 0.3640625 0.2859375 0.3734375 0.278125 0.384375 0.271875 0.384375 0.265625 0.3734375 0.2640625 0.353125 0.2734375 0.3390625 0.2875 0.3375
11 0.275 0.5984375 0.2796875 0.603125 0.2796875 0.6125 0.2859375 0.61875 0.2953125 0.6203125 0.3171875 0.6140625 0.321875 0.609375 0.325 0.5984375 0.328125 0.596875 0.3359375 0.6046875 0.3484375 0.6109375 0.3640625 0.6296875 0.3640625 0.6328125 0.3734375 0.6421875 0.3734375 0.6515625 0.3640625 0.659375 0.3625 0.6640625 0.3640625 0.690625 0.3671875 0.7 0.3640625 0.7078125 0.3546875 0.71875 0.35625 0.75 0.35 0.765625 0.3421875 0.775 0.334375 0.7734375 0.3109375 0.759375 0.296875 0.7484375 0.2890625 0.7390625 0.2765625 0.7328125 0.271875 0.728125 0.265625 0.709375 0.2609375 0.703125 0.25625 0.684375 0.2578125 0.6734375 0.25625 0.6578125 0.25 0.653125 0.2484375 0.634375 0.24375 0.6234375 0.24375 0.615625 0.25 0.60625 0.2609375 0.6 0.2703125 0.596875 0.2734375 0.5984375
11 0.2484375 0.240625 0.25625 0.25 0.259375 0.265625 0.265625 0.271875 0.2734375 0.271875 0.2765625 0.278125 0.278125 0.3015625 0.2765625 0.30625 0.2703125 0.3109375 0.2703125 0.3234375 0.265625 0.3359375 0.259375 0.340625 0.2515625 0.340625 0.2453125 0.3328125 0.228125 0.3328125 0.21875 0.3265625 0.2140625 0.3125 0.2140625 0.30625 0.2234375 0.2875 0.225 0.2671875 0.2265625 0.265625 0.2375 0.2671875 0.2484375 0.2625 0.240625 0.253125 0.240625 0.246875 0.246875 0.2421875
11 0.8109375 0.4625 0.8328125 0.465625 0.84375 0.4765625 0.853125 0.4796875 0.8671875 0.5078125 0.86875 0.5203125 0.8578125 0.5421875 0.853125 0.5578125 0.853125 0.584375 0.85625 0.59375 0.85625 0.6015625 0.853125 0.6078125 0.840625 0.6140625 0.825 0.63125 0.821875 0.6359375 0.821875 0.6421875 0.8125 0.6578125 0.8109375 0.665625 0.8 0.6765625 0.784375 0.684375 0.7796875 0.684375 0.7703125 0.6796875 0.7515625 0.6796875 0.7375 0.6703125 0.73125 0.66875 0.7109375 0.66875 0.6984375 0.665625 0.690625 0.6625 0.68125 0.6546875 0.678125 0.6453125 0.6671875 0.6328125 0.6671875 0.6265625 0.6640625 0.6234375 0.6609375 0.5625 0.66875 0.5421875 0.6828125 0.521875 0.696875 0.5203125 0.7078125 0.5109375 0.715625 0.5078125 0.73125 0.490625 0.759375 0.4859375 0.7828125 0.46875 0.7875 0.46875 0.8015625 0.4625 0.809375 0.4625
11 0.359375 0.753125 0.3625 0.7546875 0.36875 0.771875 0.3734375 0.790625 0.3734375 0.80625 0.3796875 0.821875 0.3765625 0.821875 0.375 0.8171875 0.36875 0.8109375 0.365625 0.8109375 0.359375 0.803125 0.3546875 0.7828125 0.3484375 0.7734375 0.3578125 0.7546875
11 0.565625 0.4265625 0.575 0.428125 0.575 0.43125 0.584375 0.4390625 0.5828125 0.459375 0.5765625 0.4671875 0.56875 0.4671875 0.5640625 0.4703125 0.5640625 0.475 0.56875 0.4796875 0.571875 0.4796875 0.578125 0.4890625 0.578125 0.5125 0.5734375 0.525 0.56875 0.5296875 0.5546875 0.5359375 0.55 0.5359375 0.54375 0.5296875 0.5421875 0.5234375 0.5359375 0.5203125 0.521875 0.5046875 0.521875 0.49375 0.515625 0.4796875 0.515625 0.475 0.490625 0.4453125 0.490625 0.4375 0.503125 0.4375 0.5109375 0.434375 0.51875 0.4359375 0.5296875 0.428125 0.5640625 0.4265625
11 0.4 0.6484375 0.4046875 0.65 0.40625 0.6546875 0.4109375 0.6578125 0.40625 0.678125 0.4078125 0.6859375 0.4109375 0.6875 0.415625 0.696875 0.4171875 0.7078125 0.3921875 0.696875 0.3796875 0.696875 0.3734375 0.7015625 0.3703125 0.7015625 0.36875 0.6984375 0.3640625 0.6765625 0.365625 0.6609375 0.3796875 0.646875 0.396875 0.646875 0.3984375 0.6484375
13 0.360054347826087 0.7445652173913043 0.38858695652173914 0.8519021739130433 0.39945652173913043 0.861413043478261 0.43885869565217395 0.8627717391304348 0.46603260869565216 0.8355978260869564 0.47690217391304346 0.8138586956521738 0.46739130434782605 0.7717391304347826 0.4442934782608695 0.7377717391304348 0.40896739130434784 0.7051630434782609 0.3845108695652174 0.6983695652173914 0.36820652173913043 0.7051630434782609 0.358695652173913 0.717391304347826 0.360054347826087 0.7445652173913043
13 0.4103260869565217 0.6847826086956521 0.42391304347826086 0.7133152173913043 0.44972826086956524 0.7404891304347826 0.4592391304347826 0.7377717391304348 0.4932065217391304 0.6983695652173914 0.4945652173913043 0.671195652173913 0.4904891304347826 0.6630434782608695 0.49864130434782605 0.6453804347826086 0.5203804347826086 0.623641304347826 0.5040760869565217 0.6222826086956521 0.48097826086956524 0.6046195652173914 0.4320652173913043 0.6358695652173914 0.4103260869565217 0.6671195652173914 0.4103260869565217 0.6847826086956521
13 0.33695652173913043 0.5910326086956521 0.37907608695652173 0.6426630434782609 0.40760869565217395 0.6440217391304348 0.42391304347826086 0.638586956521739 0.4796195652173913 0.6032608695652174 0.4741847826086956 0.5815217391304348 0.45108695652173914 0.5665760869565217 0.36277173913043476 0.5353260869565217 0.34239130434782605 0.5339673913043479 0.3328804347826087 0.561141304347826 0.33695652173913043 0.5910326086956521
13 0.2839673913043478 0.6127717391304348 0.28804347826086957 0.6168478260869565 0.3125 0.6127717391304348 0.32065217391304346 0.6032608695652174 0.33967391304347827 0.5353260869565217 0.34375 0.4592391304347826 0.3125 0.43885869565217395 0.30027173913043476 0.44565217391304346 0.2921195652173913 0.4619565217391305 0.28125 0.5407608695652174 0.2839673913043478 0.6127717391304348
13 0.23641304347826084 0.47690217391304346 0.24728260869565216 0.5258152173913043 0.2554347826086957 0.5421195652173914 0.27853260869565216 0.546195652173913 0.2866847826086957 0.48233695652173914 0.3016304347826087 0.43614130434782605 0.2758152173913043 0.40625 0.24320652173913043 0.40625 0.2391304347826087 0.4225543478260869 0.23641304347826084 0.47690217391304346
13 0.18478260869565216 0.391304347826087 0.20380434782608697 0.42119565217391297 0.21739130434782608 0.42527173913043476 0.22690217391304346 0.4157608695652174 0.23777173913043476 0.4171195652173913 0.2391304347826087 0.40896739130434784 0.2703804347826087 0.40353260869565216 0.2717391304347826 0.391304347826087 0.2595108695652174 0.3559782608695652 0.24048913043478262 0.3355978260869565 0.21603260869565216 0.33016304347826086 0.21059782608695649 0.31385869565217395 0.19157608695652173 0.3179347826086957 0.18342391304347824 0.358695652173913 0.18478260869565216 0.391304347826087
13 0.1766304347826087 0.6956521739130435 0.19972826086956522 0.7255434782608695 0.22282608695652173 0.7255434782608695 0.24456521739130435 0.6535326086956521 0.24184782608695649 0.6290760869565217 0.23097826086956524 0.6222826086956521 0.21875 0.6222826086956521 0.17255434782608697 0.6467391304347826 0.1766304347826087 0.6956521739130435
13 0.48369565217391297 0.7228260869565217 0.49728260869565216 0.733695652173913 0.5258152173913043 0.7105978260869565 0.5271739130434783 0.702445652173913 0.49728260869565216 0.6956521739130435 0.48233695652173914 0.7133152173913043 0.48369565217391297 0.7228260869565217
13 0.47146739130434784 0.7472826086956521 0.48097826086956524 0.7540760869565217 0.5258152173913043 0.7459239130434783 0.532608695652174 0.7364130434782609 0.5339673913043479 0.7133152173913043 0.5285326086956521 0.7038043478260869 0.5027173913043479 0.732336956521739 0.48369565217391297 0.7296195652173914 0.4728260869565217 0.7418478260869565 0.47146739130434784 0.7472826086956521
13 0.5570652173913043 0.5760869565217391 0.5597826086956521 0.5883152173913043 0.5692934782608695 0.5964673913043479 0.6222826086956521 0.6127717391304348 0.6494565217391304 0.608695652173913 0.6535326086956521 0.5842391304347826 0.6508152173913043 0.5570652173913043 0.577445652173913 0.5366847826086956 0.5625 0.5557065217391304 0.5570652173913043 0.5760869565217391
13 0.2866847826086957 0.36820652173913043 0.2730978260869565 0.3980978260869565 0.32608695652173914 0.4157608695652174 0.34510869565217395 0.4157608695652174 0.3559782608695652 0.3858695652173913 0.360054347826087 0.34284375 0.37635869565217395 0.31657608695652173 0.375 0.2934782608695652 0.3967391304347826 0.26902173913043476 0.3953804347826087 0.25679347826086957 0.3532608695652174 0.24048913043478262 0.34103260869565216 0.24048913043478262 0.28940217391304346 0.34782608695652173 0.2866847826086957 0.36820652173913043
13 0.30842391304347827 0.15081521739130435 0.3152173913043478 0.16983695652173914 0.3695652173913043 0.2010869565217391 0.3777173913043478 0.2010869565217391 0.4021739130434782 0.18478260869565216 0.3953804347826087 0.1576086956521739 0.4021739130434782 0.14402173913043478 0.4103260869565217 0.13994565217391303 0.43885869565217395 0.13858695652173914 0.45244565217391297 0.1480978260869565 0.46739130434782605 0.17119565217391303 0.4796195652173913 0.1644021739130435 0.48233695652173914 0.13858695652173914 0.4592391304347826 0.12228260869565218 0.3070652173913043 0.11548913043478262 0.30842391304347827 0.15081521739130435
13 0.36141304347826086 0.22690217391304346 0.36820652173913043 0.2323369565217391 0.4157608695652174 0.25135869565217395 0.4279891304347826 0.24864130434782608 0.4279891304347826 0.2323369565217391 0.40489130434782605 0.20652173913043476 0.3872282608695652 0.20516304347826084 0.36141304347826086 0.21739130434782608 0.36141304347826086 0.22690217391304346
13 0.5366847826086956 0.296195652173913 0.546195652173913 0.3152173913043478 0.5801630434782609 0.34103260869565216 0.6508152173913043 0.3220108695652174 0.6508152173913043 0.31385869565217395 0.6304347826086956 0.28804347826086957 0.59375 0.25815217391304346 0.5720108695652174 0.25815217391304346 0.5434782608695652 0.2839673913043478 0.5366847826086956 0.296195652173913
13 0.5842391304347826 0.5 0.592391304347826 0.5258152173913043 0.6046195652173914 0.5434782608695652 0.623641304347826 0.5407608695652174 0.6630434782608695 0.5067934782608695 0.6793478260869565 0.4578804347826087 0.6521739130434783 0.4266304347826087 0.6100543478260869 0.4103260869565217 0.5991847826086956 0.4171195652173913 0.5883152173913043 0.4442934782608695 0.5842391304347826 0.5
13 0.6589673913043479 0.3247282608695652 0.6739130434782609 0.3668478260869565 0.7065217391304348 0.389945652173913 0.7404891304347826 0.3953804347826087 0.748641304347826 0.3804347826086957 0.7744565217391304 0.28260869565217395 0.7771739130434783 0.2554347826086957 0.7540760869565217 0.23777173913043476 0.7404891304347826 0.23641304347826084 0.6970108695652174 0.2622282608695652 0.6616847826086956 0.3043478260869565 0.6589673913043479 0.3247282608695652
13 0.5815217391304348 0.3695652173913043 0.6073369565217391 0.3980978260869565 0.6358695652173914 0.40896739130434784 0.6684782608695652 0.39266304347826086 0.6630434782608695 0.358695652173913 0.6453804347826086 0.328804347826087 0.6168478260869565 0.33016304347826086 0.5828804347826086 0.3464673913043478 0.5815217391304348 0.3695652173913043
13 0.5122282608695652 0.24864130434782608 0.5353260869565217 0.2907608695652174 0.5448369565217391 0.27445652173913043 0.5271739130434783 0.24320652173913043 0.5135869565217391 0.23777173913043476 0.5122282608695652 0.24864130434782608
13 0.7445652173913043 0.43478260869565216 0.751358695652174 0.44972826086956524 0.7622282608695652 0.44972826086956524 0.8097826086956521 0.4103260869565217 0.8179347826086957 0.3858695652173913 0.8057065217391305 0.3777173913043478 0.78125 0.37364130434782605 0.75 0.40896739130434784 0.7445652173913043 0.43478260869565216
13 0.7554347826086956 0.36141304347826086 0.7703804347826086 0.37228260869565216 0.8097826086956521 0.37364130434782605 0.8111413043478259 0.3070652173913043 0.8057065217391305 0.27853260869565216 0.7744565217391304 0.28532608695652173 0.7567934782608695 0.3464673913043478 0.7554347826086956 0.36141304347826086
13 0.7567934782608695 0.46059782608695654 0.7567934782608695 0.47010869565217395 0.7622282608695652 0.4728260869565217 0.8070652173913043 0.4592391304347826 0.8369565217391305 0.4646739130434782 0.8532608695652174 0.4755434782608695 0.8519021739130433 0.4619565217391305 0.826086956521739 0.41847826086956524 0.8057065217391305 0.4171195652173913 0.7622282608695652 0.45244565217391297 0.7567934782608695 0.46059782608695654