15 0.228125 0.8171875 0.2328125 0.8203125 0.259375 0.825 0.2953125 0.840625 0.3015625 0.8453125 0.303125 0.85 0.3109375 0.8578125 0.3203125 0.875 0.315625 0.884375 0.315625 0.890625 0.3078125 0.9015625 0.2875 0.9140625 0.26875 0.91875 0.253125 0.91875 0.2515625 0.9171875 0.2296875 0.91875 0.209375 0.9140625 0.1921875 0.9140625 0.1765625 0.9109375 0.1734375 0.90625 0.15 0.8984375 0.14375 0.8984375 0.13125 0.903125 0.125 0.8984375 0.1265625 0.890625 0.10625 0.8796875 0.0984375 0.865625 0.0984375 0.85625 0.1046875 0.8453125 0.115625 0.834375 0.1234375 0.83125 0.125 0.828125 0.1359375 0.821875 0.18125 0.8140625 0.2265625 0.8171875
15 0.24375 0.603125 0.253125 0.6078125 0.2578125 0.6078125 0.2765625 0.6203125 0.2859375 0.6296875 0.290625 0.6453125 0.2875 0.659375 0.2796875 0.671875 0.25625 0.684375 0.2359375 0.6890625 0.2171875 0.6890625 0.209375 0.6859375 0.2015625 0.678125 0.196875 0.6671875 0.1875 0.65625 0.1875 0.6515625 0.1796875 0.6421875 0.1765625 0.628125 0.1890625 0.6109375 0.2015625 0.6046875 0.20625 0.6046875 0.2109375 0.6015625 0.2421875 0.603125
15 0.5875 0.6703125 0.6140625 0.675 0.6328125 0.684375 0.65 0.7 0.653125 0.7109375 0.6390625 0.7109375 0.6296875 0.7015625 0.615625 0.696875 0.59375 0.696875 0.5703125 0.7 0.5734375 0.696875 0.5734375 0.6921875 0.5609375 0.6859375 0.5625 0.6796875 0.571875 0.6703125 0.5859375 0.6703125
15 0.640625 0.61875 0.665625 0.63125 0.6828125 0.64375 0.6875 0.6515625 0.6828125 0.65625 0.653125 0.6546875 0.6546875 0.640625 0.65 0.63125 0.640625 0.6234375 0.640625 0.6203125
15 0.1921875 0.7921875 0.2078125 0.8046875 0.2125 0.8109375 0.2109375 0.8125 0.171875 0.8125 0.1359375 0.8203125 0.1265625 0.825 0.103125 0.84375 0.103125 0.846875 0.1 0.8484375 0.0953125 0.8578125 0.0953125 0.8640625 0.0859375 0.8625 0.0828125 0.859375 0.084375 0.85 0.0921875 0.840625 0.09375 0.8328125 0.1046875 0.81875 0.1125 0.8140625 0.121875 0.803125 0.1171875 0.8015625 0.1140625 0.796875 0.121875 0.796875 0.1328125 0.80625 0.1546875 0.80625 0.178125 0.79375 0.190625 0.7921875
15 0.5328125 0.5328125 0.553125 0.5375 0.559375 0.5421875 0.5625 0.5515625 0.5625 0.5640625 0.559375 0.5703125 0.5375 0.58125 0.53125 0.58125 0.515625 0.5875 0.4984375 0.5765625 0.478125 0.5734375 0.4328125 0.5765625 0.4328125 0.5703125 0.4453125 0.5578125 0.4734375 0.5421875 0.50625 0.534375 0.53125 0.5328125
15 0.51875 0.4765625 0.55 0.4828125 0.5671875 0.4890625 0.5796875 0.5 0.58125 0.5078125 0.578125 0.5109375 0.5421875 0.5140625 0.528125 0.5203125 0.5203125 0.528125 0.515625 0.5296875 0.5140625 0.528125 0.490625 0.528125 0.4453125 0.5234375 0.4375 0.51875 0.425 0.5046875 0.41875 0.503125 0.415625 0.4953125 0.425 0.4859375 0.4421875 0.4796875 0.465625 0.4765625 0.5171875 0.4765625
15 0.6578125 0.5953125 0.6671875 0.6078125 0.6859375 0.6125 0.721875 0.615625 0.728125 0.6203125 0.703125 0.6234375 0.684375 0.634375 0.68125 0.6390625 0.6734375 0.6375 0.6390625 0.6171875 0.646875 0.5984375 0.6515625 0.5953125 0.65625 0.5953125
15 0.4453125 0.8484375 0.45 0.846875 0.4625 0.8484375 0.484375 0.8609375 0.4890625 0.8609375 0.4921875 0.8640625 0.5203125 0.875 0.521875 0.878125 0.540625 0.8859375 0.5421875 0.8890625 0.5546875 0.89375 0.55625 0.896875 0.5375 0.9109375 0.53125 0.9125 0.5296875 0.915625 0.515625 0.921875 0.5078125 0.928125 0.4828125 0.9265625 0.4515625 0.909375 0.434375 0.89375 0.434375 0.8859375 0.4375 0.8828125 0.4578125 0.875 0.4640625 0.865625 0.4640625 0.8625 0.4578125 0.85625 0.4453125 0.85
15 0.403125 0.71875 0.4203125 0.7171875 0.44375 0.7234375 0.453125 0.7234375 0.4671875 0.7296875 0.484375 0.7328125 0.490625 0.740625 0.50625 0.7453125 0.5203125 0.753125 0.5234375 0.76875 0.5203125 0.784375 0.50625 0.7984375 0.496875 0.8046875 0.4546875 0.815625 0.4296875 0.8125 0.390625 0.8140625 0.34375 0.8015625 0.334375 0.796875 0.3234375 0.7859375 0.31875 0.7734375 0.3234375 0.753125 0.3375 0.7421875 0.3546875 0.734375 0.36875 0.73125 0.3890625 0.7328125 0.403125 0.7203125
15 0.3375 0.8203125 0.34375 0.8234375 0.3515625 0.8234375 0.3546875 0.8265625 0.3625 0.8265625 0.3671875 0.8296875 0.3921875 0.8328125 0.4203125 0.84375 0.4328125 0.8453125 0.4375 0.8484375 0.4421875 0.8484375 0.45 0.85625 0.45625 0.8578125 0.4625 0.865625 0.4578125 0.8734375 0.4234375 0.8859375 0.3703125 0.884375 0.365625 0.88125 0.3484375 0.878125 0.3328125 0.8703125 0.325 0.86875 0.303125 0.846875 0.303125 0.834375 0.3125 0.8265625 0.3359375 0.8203125
15 0.1875 0.53125 0.225 0.5375 0.2390625 0.5421875 0.259375 0.553125 0.265625 0.5609375 0.2671875 0.5703125 0.2578125 0.5859375 0.2453125 0.584375 0.240625 0.5703125 0.2265625 0.5578125 0.1984375 0.546875 0.190625 0.546875 0.1828125 0.5421875 0.16875 0.5390625 0.1671875 0.5359375 0.1703125 0.5328125 0.1859375 0.53125
15 0.484375 0.596875 0.4875 0.6 0.4890625 0.615625 0.49375 0.6203125 0.5078125 0.6265625 0.5171875 0.6359375 0.5203125 0.6359375 0.5203125 0.640625 0.525 0.6453125 0.5265625 0.6515625 0.5203125 0.6640625 0.5078125 0.6734375 0.490625 0.6796875 0.4875 0.6828125 0.4578125 0.6875 0.453125 0.6859375 0.45 0.6875 0.4484375 0.6859375 0.4046875 0.6875 0.3578125 0.678125 0.3234375 0.653125 0.31875 0.640625 0.3203125 0.63125 0.33125 0.615625 0.34375 0.6109375 0.3625 0.609375 0.375 0.603125 0.415625 0.6015625 0.425 0.5984375 0.4828125 0.596875
15 0.4796875 0.575 0.4984375 0.578125 0.509375 0.584375 0.5125 0.5890625 0.5015625 0.6109375 0.490625 0.6109375 0.4890625 0.60625 0.490625 0.5984375 0.4875 0.5953125 0.4796875 0.59375 0.4765625 0.5953125 0.43125 0.5953125 0.4046875 0.6 0.39375 0.6 0.3875 0.596875 0.4109375 0.584375 0.428125 0.5796875 0.4546875 0.575 0.478125 0.575
15 0.6765625 0.671875 0.7046875 0.675 0.7109375 0.678125 0.7234375 0.6796875 0.7390625 0.6875 0.753125 0.6984375 0.759375 0.7078125 0.7625 0.71875 0.7640625 0.74375 0.759375 0.75625 0.7390625 0.7765625 0.7265625 0.7828125 0.7078125 0.7875 0.6890625 0.7859375 0.6921875 0.78125 0.70625 0.771875 0.70625 0.765625 0.6984375 0.75 0.6921875 0.74375 0.6796875 0.7140625 0.671875 0.70625 0.65625 0.7078125 0.646875 0.69375 0.6375 0.6875 0.6328125 0.68125 0.6390625 0.6765625 0.6546875 0.671875 0.675 0.671875
15 0.746875 0.625 0.7765625 0.6359375 0.790625 0.6515625 0.790625 0.6671875 0.78125 0.6671875 0.7703125 0.6625 0.7421875 0.659375 0.7296875 0.659375 0.725 0.6640625 0.7 0.6609375 0.6984375 0.65625 0.69375 0.6546875 0.684375 0.6421875 0.684375 0.6375 0.6890625 0.6328125 0.7046875 0.625 0.7171875 0.6234375 0.7453125 0.625
15 0.353125 0.4859375 0.3546875 0.4875 0.3734375 0.4875 0.4015625 0.49375 0.4234375 0.5078125 0.4328125 0.5171875 0.4359375 0.5234375 0.4375 0.534375 0.4328125 0.54375 0.4109375 0.5546875 0.403125 0.55 0.3875 0.546875 0.3828125 0.54375 0.359375 0.54375 0.3546875 0.540625 0.334375 0.540625 0.3140625 0.5484375 0.3015625 0.5453125 0.2875 0.546875 0.28125 0.55 0.2765625 0.55625 0.2734375 0.55625 0.271875 0.553125 0.2703125 0.5546875 0.271875 0.5609375 0.26875 0.55625 0.26875 0.54375 0.2765625 0.5265625 0.275 0.5109375 0.284375 0.5015625 0.303125 0.49375 0.3265625 0.490625 0.3375 0.4859375 0.3515625 0.4859375
15 0.53125 0.6359375 0.5421875 0.6359375 0.5609375 0.64375 0.56875 0.65625 0.56875 0.6640625 0.559375 0.6828125 0.553125 0.6859375 0.5515625 0.6890625 0.5296875 0.7 0.509375 0.7046875 0.4859375 0.7046875 0.484375 0.70625 0.4828125 0.7046875 0.446875 0.7046875 0.4296875 0.7015625 0.41875 0.6953125 0.40625 0.6921875 0.4140625 0.6890625 0.475 0.6875 0.503125 0.678125 0.521875 0.665625 0.53125 0.65 0.53125 0.6375
15 0.4046875 0.459375 0.440625 0.4671875 0.45625 0.478125 0.51875 0.4765625 0.5578125 0.4859375 0.56875 0.490625 0.578125 0.4984375 0.5796875 0.509375 0.584375 0.5140625 0.59375 0.5 0.6125 0.490625 0.625 0.4875 0.6578125 0.4875 0.6875 0.5 0.7078125 0.515625 0.715625 0.5296875 0.7140625 0.5328125 0.715625 0.5375 0.71875 0.540625 0.7296875 0.54375 0.759375 0.5421875 0.7703125 0.546875 0.7796875 0.5546875 0.78125 0.5734375 0.7796875 0.584375 0.7765625 0.5890625 0.7734375 0.590625 0.7703125 0.596875 0.7640625 0.6 0.7515625 0.603125 0.7484375 0.60625 0.740625 0.60625 0.7359375 0.609375 0.725 0.6109375 0.7234375 0.615625 0.728125 0.621875 0.734375 0.625 0.7515625 0.6265625 0.765625 0.6328125 0.7703125 0.6328125 0.771875 0.6359375 0.7796875 0.6390625 0.790625 0.6546875 0.790625 0.6671875 0.7953125 0.671875 0.8046875 0.675 0.8078125 0.684375 0.8125 0.6890625 0.821875 0.6890625 0.8265625 0.6921875 0.8328125 0.6921875 0.8390625 0.6984375 0.840625 0.703125 0.8390625 0.7140625 0.8328125 0.721875 0.8203125 0.73125 0.8 0.7421875 0.7828125 0.74375 0.7796875 0.746875 0.78125 0.75 0.790625 0.7546875 0.803125 0.765625 0.8078125 0.771875 0.809375 0.7828125 0.8078125 0.7875 0.790625 0.8078125 0.7828125 0.8109375 0.7796875 0.815625 0.76875 0.8203125 0.753125 0.821875 0.7421875 0.828125 0.7296875 0.83125 0.7171875 0.8421875 0.7171875 0.8453125 0.709375 0.8484375 0.671875 0.846875 0.6671875 0.8453125 0.6609375 0.8390625 0.6578125 0.8421875 0.6546875 0.840625 0.6453125 0.85 0.640625 0.8515625 0.6296875 0.85 0.6234375 0.859375 0.615625 0.865625 0.6140625 0.871875 0.603125 0.884375 0.5921875 0.8921875 0.5796875 0.8984375 0.575 0.8984375 0.571875 0.9015625 0.53125 0.9125 0.5109375 0.9234375 0.50625 0.928125 0.4890625 0.928125 0.471875 0.9203125 0.446875 0.91875 0.4359375 0.9265625 0.4140625 0.93125 0.390625 0.93125 0.38125 0.9265625 0.3765625 0.9265625 0.3703125 0.9203125 0.365625 0.91875 0.353125 0.9 0.321875 0.9140625 0.278125 0.915625 0.2703125 0.91875 0.25 0.91875 0.2484375 0.9171875 0.225 0.91875 0.1984375 0.9140625 0.1640625 0.9140625 0.1359375 0.909375 0.125 0.9 0.1234375 0.8890625 0.1046875 0.8796875 0.1046875 0.8765625 0.0953125 0.8640625 0.0859375 0.8625 0.08125 0.8578125 0.0734375 0.8546875 0.0703125 0.8484375 0.071875 0.8421875 0.0703125 0.83125 0.0734375 0.8265625 0.0734375 0.821875 0.084375 0.8109375 0.10625 0.796875 0.103125 0.79375 0.096875 0.79375 0.0828125 0.7875 0.05625 0.78125 0.0515625 0.7765625 0.0390625 0.7703125 0.0171875 0.765625 0 0.7578125 0 0.671875 0.00625 0.671875 0.0125 0.6625 0.0046875 0.653125 0 0.6546875 0 0.5953125 0.00625 0.5953125 0.0171875 0.5875 0.034375 0.584375 0.0390625 0.58125 0.053125 0.5796875 0.0609375 0.58125 0.0703125 0.559375 0.0734375 0.5578125 0.0734375 0.55 0.06875 0.5421875 0.0734375 0.5296875 0.0765625 0.5296875 0.0921875 0.51875 0.1125 0.5109375 0.1453125 0.5140625 0.1609375 0.51875 0.1703125 0.5015625 0.184375 0.4953125 0.1875 0.490625 0.19375 0.490625 0.209375 0.4796875 0.209375 0.4734375 0.1953125 0.4640625 0.196875 0.459375 0.209375 0.4546875 0.2390625 0.4515625 0.3015625 0.453125 0.2953125 0.465625 0.2953125 0.4703125 0.3 0.475 0.3109375 0.4796875 0.3125 0.4828125 0.321875 0.4828125 0.328125 0.4875 0.3328125 0.4875 0.3359375 0.4796875 0.3453125 0.4703125 0.353125 0.4671875 0.3921875 0.459375 0.403125 0.459375
15 0.121875 0.6171875 0.14375 0.6265625 0.153125 0.6359375 0.159375 0.6375 0.1640625 0.64375 0.165625 0.65625 0.1625 0.66875 0.1375 0.68125 0.1046875 0.678125 0.075 0.665625 0.084375 0.6515625 0.0984375 0.646875 0.1046875 0.6421875 0.1125 0.6203125 0.115625 0.6171875 0.1203125 0.6171875
15 0.2484375 0.771875 0.2765625 0.7796875 0.2875 0.7796875 0.2953125 0.7765625 0.315625 0.7796875 0.3390625 0.803125 0.3359375 0.8078125 0.3296875 0.8109375 0.28125 0.8078125 0.278125 0.8046875 0.265625 0.8046875 0.246875 0.7984375 0.240625 0.79375 0.240625 0.7734375 0.246875 0.771875
15 0.33125 0.871875 0.34375 0.8796875 0.365625 0.884375 0.3703125 0.8875 0.36875 0.890625 0.35625 0.9 0.3484375 0.9015625 0.328125 0.9125 0.31875 0.915625 0.3015625 0.915625 0.3 0.9171875 0.2890625 0.915625 0.3125 0.8984375 0.3234375 0.88125 0.3234375 0.8734375 0.3296875 0.871875
15 0.5640625 0.584375 0.6015625 0.6015625 0.625 0.6171875 0.634375 0.6203125 0.6515625 0.6375 0.653125 0.646875 0.6453125 0.659375 0.6234375 0.6703125 0.5984375 0.6703125 0.575 0.665625 0.5703125 0.659375 0.5703125 0.6546875 0.5609375 0.6421875 0.5390625 0.6328125 0.53125 0.6328125 0.521875 0.6265625 0.5078125 0.6125 0.50625 0.609375 0.5078125 0.603125 0.5109375 0.5953125 0.515625 0.590625 0.5375 0.5828125 0.5625 0.584375
15 0.5796875 0.8578125 0.5875 0.8640625 0.59375 0.865625 0.615625 0.865625 0.6140625 0.8734375 0.59375 0.8921875 0.5703125 0.903125 0.5484375 0.909375 0.5421875 0.909375 0.5421875 0.9078125 0.55 0.903125 0.55625 0.8953125 0.53125 0.88125 0.521875 0.8734375 0.521875 0.8703125 0.5265625 0.8671875 0.5359375 0.865625 0.5421875 0.859375 0.546875 0.859375 0.546875 0.8625 0.5515625 0.865625 0.5578125 0.865625 0.5640625 0.86875 0.56875 0.8640625 0.565625 0.859375 0.553125 0.859375 0.578125 0.8578125
15 0.159375 0.6765625 0.1734375 0.684375 0.2078125 0.709375 0.209375 0.7125 0.2078125 0.721875 0.1953125 0.728125 0.15625 0.725 0.140625 0.7171875 0.1296875 0.7078125 0.128125 0.7 0.1359375 0.6921875 0.1421875 0.6796875 0.1515625 0.675 0.1578125 0.6765625
15 0.484375 0.528125 0.509375 0.53125 0.5109375 0.5328125 0.509375 0.534375 0.5 0.534375 0.46875 0.54375 0.440625 0.5609375 0.4328125 0.5703125 0.428125 0.5703125 0.4203125 0.5609375 0.41875 0.5546875 0.43125 0.546875 0.4375 0.540625 0.4390625 0.5359375 0.446875 0.53125 0.459375 0.528125 0.4828125 0.528125
15 0.11875 0.5859375 0.134375 0.5875 0.1390625 0.590625 0.146875 0.590625 0.1625 0.5953125 0.1859375 0.609375 0.1765625 0.6234375 0.1609375 0.634375 0.15625 0.634375 0.1453125 0.625 0.1390625 0.6234375 0.13125 0.6171875 0.121875 0.615625 0.1171875 0.609375 0.115625 0.6 0.1109375 0.5953125 0.0953125 0.590625 0.103125 0.5859375 0.1171875 0.5859375
15 0.04375 0.771875 0.075 0.7734375 0.10625 0.7671875 0.10625 0.7734375 0.1140625 0.7875 0.1125 0.79375 0.096875 0.79375 0.05625 0.7828125 0.0453125 0.7765625 0.04375 0.7734375
15 0.3578125 0.54375 0.384375 0.546875 0.3890625 0.55 0.4 0.5515625 0.415625 0.559375 0.4265625 0.5703125 0.4265625 0.5796875 0.4 0.5875 0.384375 0.5984375 0.3671875 0.6015625 0.3578125 0.60625 0.3375 0.609375 0.33125 0.6125 0.3140625 0.6328125 0.2953125 0.6234375 0.290625 0.6140625 0.2734375 0.6140625 0.2703125 0.609375 0.2703125 0.6046875 0.2625 0.6015625 0.2609375 0.590625 0.275 0.5640625 0.2859375 0.5515625 0.2921875 0.5484375 0.30625 0.5484375 0.3171875 0.5515625 0.325 0.5453125 0.3296875 0.5453125 0.334375 0.5421875 0.3546875 0.5421875 0.35625 0.54375
15 0.571875 0.8265625 0.5828125 0.828125 0.5859375 0.83125 0.6015625 0.834375 0.6046875 0.8375 0.6203125 0.8375 0.6265625 0.8453125 0.628125 0.853125 0.615625 0.865625 0.6140625 0.8734375 0.6 0.8875 0.56875 0.903125 0.546875 0.909375 0.5421875 0.9078125 0.5546875 0.9 0.5578125 0.896875 0.55625 0.89375 0.53125 0.88125 0.5296875 0.878125 0.5234375 0.8765625 0.5203125 0.871875 0.525 0.865625 0.5328125 0.8609375 0.54375 0.8578125 0.5578125 0.85 0.55625 0.846875 0.553125 0.846875 0.5546875 0.8390625 0.553125 0.828125 0.5546875 0.8265625 0.5578125 0.825 0.5703125 0.8265625
15 0.38125 0.6890625 0.3953125 0.7 0.4015625 0.7140625 0.4 0.7203125 0.39375 0.728125 0.3859375 0.73125 0.384375 0.7296875 0.3625 0.7296875 0.3484375 0.7359375 0.34375 0.7359375 0.321875 0.7515625 0.315625 0.765625 0.315625 0.771875 0.3125 0.775 0.2859375 0.775 0.2796875 0.778125 0.25625 0.7734375 0.2453125 0.7671875 0.240625 0.7671875 0.21875 0.75 0.215625 0.734375 0.2203125 0.721875 0.2265625 0.715625 0.240625 0.709375 0.2609375 0.70625 0.28125 0.6984375 0.3171875 0.6921875 0.33125 0.6859375 0.3640625 0.6828125 0.371875 0.684375 0.3796875 0.6890625
15 0.125 0.5484375 0.1296875 0.5515625 0.1546875 0.55625 0.1890625 0.5734375 0.19375 0.578125 0.196875 0.5875 0.1890625 0.590625 0.1828125 0.596875 0.1765625 0.5984375 0.1359375 0.5859375 0.1234375 0.584375 0.0828125 0.5859375 0.065625 0.58125 0.0640625 0.571875 0.0765625 0.5546875 0.0875 0.55 0.1078125 0.546875 0.1234375 0.5484375
15 0.1859375 0.5421875 0.190625 0.5453125 0.196875 0.5453125 0.2171875 0.5515625 0.21875 0.5546875 0.2265625 0.55625 0.2390625 0.5640625 0.24375 0.575 0.24375 0.58125 0.2390625 0.5875 0.228125 0.5953125 0.2140625 0.59375 0.2 0.5875 0.1859375 0.571875 0.1609375 0.559375 0.14375 0.553125 0.115625 0.55 0.1125 0.546875 0.1203125 0.5421875 0.128125 0.5421875 0.159375 0.534375 0.18125 0.534375 0.178125 0.534375 0.1765625 0.5375 0.184375 0.5421875
15 0.009375 0.6703125 0.01875 0.678125 0.0265625 0.68125 0.0265625 0.6890625 0.0234375 0.69375 0.0234375 0.7046875 0.0328125 0.7109375 0.0609375 0.7203125 0.0984375 0.7203125 0.1203125 0.7109375 0.1296875 0.7140625 0.125 0.7234375 0.1265625 0.7375 0.1234375 0.74375 0.1140625 0.7515625 0.1109375 0.759375 0.0890625 0.7703125 0.0625 0.771875 0.03125 0.76875 0.00625 0.7578125 0 0.7578125 0 0.6734375 0.0078125 0.671875
15 0.5171875 0.8109375 0.5453125 0.8234375 0.5515625 0.83125 0.5515625 0.8453125 0.5421875 0.85625 0.515625 0.8671875 0.5046875 0.8671875 0.4953125 0.8625 0.48125 0.859375 0.475 0.8515625 0.4609375 0.846875 0.4546875 0.840625 0.425 0.8421875 0.425 0.8375 0.453125 0.8203125 0.478125 0.8140625 0.496875 0.80625 0.5078125 0.80625 0.515625 0.8109375
15 0.196875 0.7765625 0.2 0.7796875 0.2078125 0.7796875 0.209375 0.7859375 0.2125 0.7859375 0.240625 0.809375 0.253125 0.8140625 0.259375 0.8140625 0.2625 0.8171875 0.275 0.815625 0.2765625 0.8140625 0.275 0.809375 0.2765625 0.809375 0.278125 0.8109375 0.2765625 0.8140625 0.28125 0.81875 0.290625 0.8171875 0.29375 0.8109375 0.3046875 0.821875 0.2953125 0.8265625 0.278125 0.828125 0.2171875 0.8125 0.2109375 0.809375 0.1921875 0.7859375 0.1921875 0.7796875 0.1953125 0.778125
15 0.2171875 0.7109375 0.2234375 0.7125 0.225 0.715625 0.2171875 0.725 0.2140625 0.7390625 0.2171875 0.75 0.228125 0.759375 0.23125 0.7640625 0.23125 0.76875 0.228125 0.771875 0.2109375 0.7734375 0.2046875 0.778125 0.1984375 0.778125 0.1953125 0.7734375 0.196875 0.765625 0.1953125 0.7546875 0.2 0.7359375 0.209375 0.7203125 0.209375 0.715625 0.215625 0.7125
15 0.665625 0.4890625 0.6890625 0.5 0.70625 0.5125 0.715625 0.528125 0.7171875 0.5359375 0.7109375 0.55 0.703125 0.5578125 0.6890625 0.565625 0.671875 0.5703125 0.6671875 0.5703125 0.6640625 0.5671875 0.6625 0.5578125 0.640625 0.534375 0.6234375 0.5234375 0.59375 0.5140625 0.5875 0.509375 0.59375 0.5 0.615625 0.4890625 0.63125 0.4859375 0.6484375 0.4859375 0.6640625 0.4890625
15 0.7296875 0.6609375 0.76875 0.6640625 0.775 0.6671875 0.8 0.671875 0.80625 0.6765625 0.80625 0.68125 0.809375 0.6859375 0.8140625 0.6890625 0.83125 0.690625 0.8390625 0.696875 0.8421875 0.703125 0.840625 0.7140625 0.8328125 0.7234375 0.809375 0.7390625 0.79375 0.7453125 0.765625 0.746875 0.7640625 0.7453125 0.765625 0.74375 0.765625 0.725 0.7609375 0.7078125 0.7484375 0.6921875 0.7203125 0.675 0.721875 0.671875 0.71875 0.66875 0.7234375 0.66875 0.7296875 0.6625
15 0 0.65625 0 0.596875 0.0140625 0.5875 0.0421875 0.5796875 0.059375 0.5796875 0.0609375 0.5875 0.0546875 0.5953125 0.0515625 0.60625 0.040625 0.6234375 0.040625 0.628125 0.0203125 0.65625 0.0125 0.6609375 0.0015625 0.65625
15 0.309375 0.6796875 0.3109375 0.68125 0.328125 0.68125 0.3296875 0.6828125 0.328125 0.6859375 0.2984375 0.6953125 0.2828125 0.696875 0.2625 0.7046875 0.2484375 0.703125 0.253125 0.6890625 0.2609375 0.6859375 0.2796875 0.6890625 0.29375 0.68125 0.3078125 0.6796875
15 0.1171875 0.7953125 0.1265625 0.8 0.128125 0.8046875 0.1046875 0.8203125 0.096875 0.83125 0.0875 0.8484375 0.0875 0.85625 0.090625 0.8578125 0.0921875 0.8625 0.084375 0.8625 0.0828125 0.859375 0.0734375 0.85625 0.06875 0.846875 0.06875 0.8328125 0.071875 0.821875 0.078125 0.8140625 0.0875 0.809375 0.0953125 0.8015625 0.115625 0.7953125
15 0.325 0.65625 0.334375 0.665625 0.3546875 0.678125 0.353125 0.68125 0.328125 0.684375 0.321875 0.6796875 0.3046875 0.6796875 0.3046875 0.6765625 0.3125 0.6671875 0.3140625 0.6578125 0.3203125 0.653125 0.3234375 0.65625
15 0.1515625 0.515625 0.165625 0.521875 0.1671875 0.528125 0.165625 0.53125 0.134375 0.5390625 0.125 0.5390625 0.10625 0.546875 0.09375 0.546875 0.078125 0.553125 0.0734375 0.553125 0.0671875 0.54375 0.0671875 0.5375 0.0765625 0.5265625 0.084375 0.521875 0.1140625 0.509375 0.125 0.5125 0.140625 0.5125 0.15 0.515625
15 0.521875 0.7875 0.54375 0.809375 0.559375 0.81875 0.5515625 0.8234375 0.5453125 0.8234375 0.525 0.8125 0.5046875 0.8046875 0.509375 0.796875 0.5171875 0.7890625 0.5203125 0.7890625
15 0.4328125 0.4640625 0.4453125 0.46875 0.4515625 0.4734375 0.4515625 0.4765625 0.425 0.484375 0.4125 0.496875 0.403125 0.4921875 0.3796875 0.4859375 0.334375 0.484375 0.334375 0.4796875 0.34375 0.4703125 0.35625 0.465625 0.3640625 0.465625 0.38125 0.4609375 0.4078125 0.459375 0.43125 0.4640625
15 0.5625 0.684375 0.571875 0.690625 0.578125 0.6984375 0.5703125 0.7 0.5671875 0.703125 0.55625 0.7046875 0.5328125 0.7171875 0.5234375 0.7265625 0.5171875 0.74375 0.5015625 0.7421875 0.490625 0.7375 0.4859375 0.73125 0.4765625 0.728125 0.475 0.7265625 0.478125 0.709375 0.484375 0.70625 0.5046875 0.70625 0.528125 0.7015625 0.5609375 0.684375
15 0.2640625 0.45 0.265625 0.4515625 0.290625 0.45 0.3046875 0.453125 0.3046875 0.45625 0.3 0.459375 0.2953125 0.46875 0.2953125 0.4734375 0.3078125 0.4875 0.3 0.49375 0.28125 0.5015625 0.2734375 0.5109375 0.2703125 0.534375 0.2625 0.546875 0.259375 0.5484375 0.25 0.5484375 0.2375 0.540625 0.2234375 0.5359375 0.19375 0.53125 0.175 0.5171875 0.165625 0.5171875 0.1640625 0.5109375 0.1703125 0.5 0.1734375 0.5 0.18125 0.49375 0.209375 0.4796875 0.209375 0.475 0.19375 0.4640625 0.19375 0.459375 0.215625 0.453125 0.2625 0.45
15 0.0875 0.6640625 0.0875 0.6703125 0.09375 0.675 0.1234375 0.68125 0.1390625 0.6796875 0.1375 0.6890625 0.121875 0.70625 0.109375 0.7140625 0.0921875 0.71875 0.0578125 0.7171875 0.028125 0.7078125 0.025 0.7046875 0.025 0.69375 0.028125 0.6859375 0.0328125 0.68125 0.05 0.68125 0.0578125 0.678125 0.071875 0.66875 0.0828125 0.6578125 0.0859375 0.6640625
15 0.28125 0.6234375 0.290625 0.625 0.3015625 0.63125 0.3109375 0.640625 0.3109375 0.6453125 0.3140625 0.65 0.3109375 0.6671875 0.3 0.6796875 0.2828125 0.6875 0.2609375 0.6875 0.2609375 0.6828125 0.2734375 0.678125 0.28125 0.6703125 0.290625 0.6515625 0.2890625 0.6359375 0.28125 0.625
15 0.3890625 0.8875 0.390625 0.8890625 0.4171875 0.8875 0.428125 0.89375 0.4328125 0.89375 0.446875 0.9046875 0.446875 0.91875 0.4390625 0.9265625 0.4109375 0.9328125 0.396875 0.9328125 0.3796875 0.928125 0.365625 0.91875 0.35625 0.9078125 0.3546875 0.9046875 0.35625 0.9 0.3671875 0.8921875 0.3734375 0.8890625 0.3875 0.8875
15 0.7875 0.7515625 0.7984375 0.759375 0.8078125 0.7703125 0.809375 0.775 0.8078125 0.7890625 0.7875 0.8109375 0.7765625 0.81875 0.753125 0.8234375 0.7390625 0.83125 0.7296875 0.8328125 0.7171875 0.84375 0.7171875 0.846875 0.7109375 0.85 0.66875 0.846875 0.6640625 0.8421875 0.6640625 0.8328125 0.675 0.8265625 0.6875 0.815625 0.6953125 0.80625 0.696875 0.796875 0.7 0.7921875 0.715625 0.7890625 0.7203125 0.7859375 0.7265625 0.7859375 0.7390625 0.7796875 0.75 0.771875 0.7671875 0.75 0.7796875 0.7484375 0.7859375 0.7515625
15 0.6234375 0.7 0.6328125 0.7046875 0.6421875 0.7140625 0.6546875 0.7140625 0.6671875 0.709375 0.675 0.7109375 0.68125 0.7171875 0.6859375 0.734375 0.70625 0.7671875 0.70625 0.771875 0.7 0.775 0.6875 0.7890625 0.6921875 0.796875 0.6921875 0.803125 0.6859375 0.8125 0.66875 0.8203125 0.6578125 0.8203125 0.6296875 0.8296875 0.58125 0.825 0.5640625 0.81875 0.546875 0.8078125 0.53125 0.7921875 0.5265625 0.784375 0.5265625 0.7640625 0.525 0.7625 0.5265625 0.7546875 0.525 0.7296875 0.53125 0.7203125 0.5546875 0.7078125 0.5703125 0.703125 0.578125 0.703125 0.59375 0.6984375 0.621875 0.7
15 0.075 0.5875 0.0875 0.5921875 0.08125 0.5921875 0.0765625 0.5953125 0.078125 0.596875 0.103125 0.5953125 0.1109375 0.5984375 0.1140625 0.6015625 0.1140625 0.6140625 0.103125 0.6375 0.103125 0.6421875 0.0859375 0.6484375 0.06875 0.66875 0.0484375 0.6796875 0.021875 0.678125 0.0171875 0.6734375 0.0109375 0.671875 0.0109375 0.6640625 0.021875 0.6546875 0.0390625 0.6328125 0.0421875 0.625 0.053125 0.6125 0.053125 0.6078125 0.0625 0.5921875 0.0734375 0.5875
15 0.5671875 0.671875 0.590625 0.6703125 0.6140625 0.675 0.6328125 0.684375 0.6421875 0.6921875 0.6515625 0.703125 0.6546875 0.709375 0.653125 0.7109375 0.6390625 0.7109375 0.6328125 0.703125 0.6171875 0.696875 0.5890625 0.696875 0.58125 0.7 0.571875 0.7 0.5484375 0.7078125 0.5328125 0.7171875 0.5203125 0.73125 0.5203125 0.740625 0.5171875 0.74375 0.4953125 0.7390625 0.4875 0.73125 0.478125 0.7265625 0.4796875 0.709375 0.484375 0.70625 0.509375 0.70625 0.5296875 0.7015625 0.5515625 0.690625 0.5609375 0.6828125 0.5671875 0.6734375
15 0.2375 0.775 0.240625 0.7796875 0.240625 0.7890625 0.25 0.7984375 0.2765625 0.80625 0.3203125 0.8078125 0.3234375 0.8015625 0.3265625 0.8 0.3375 0.8015625 0.3390625 0.803125 0.328125 0.815625 0.3203125 0.8203125 0.3125 0.8203125 0.303125 0.825 0.2625 0.8234375 0.25625 0.8203125 0.240625 0.81875 0.2125 0.8078125 0.1984375 0.79375 0.1921875 0.784375 0.19375 0.7796875 0.196875 0.778125 0.203125 0.78125 0.2109375 0.775 0.2234375 0.7734375 0.2359375 0.775
15 0.603125 0.5171875 0.6203125 0.5234375 0.640625 0.5359375 0.6546875 0.55 0.6625 0.5625 0.6640625 0.56875 0.6625 0.5796875 0.6546875 0.590625 0.64375 0.6 0.6359375 0.6 0.6328125 0.6046875 0.6265625 0.60625 0.6234375 0.603125 0.61875 0.603125 0.615625 0.60625 0.6046875 0.603125 0.603125 0.6 0.5828125 0.5890625 0.559375 0.58125 0.55625 0.578125 0.55625 0.571875 0.5625 0.5671875 0.5640625 0.5578125 0.5625 0.546875 0.546875 0.534375 0.53125 0.5328125 0.5234375 0.5296875 0.5328125 0.5203125 0.55 0.515625 0.5921875 0.5140625 0.6015625 0.5171875
15 0.1984375 0.7296875 0.2 0.7375 0.19375 0.753125 0.19375 0.771875 0.1859375 0.78125 0.1859375 0.784375 0.175 0.79375 0.1546875 0.8046875 0.1359375 0.8046875 0.11875 0.79375 0.109375 0.775 0.1125 0.7609375 0.128125 0.7421875 0.1484375 0.7328125 0.153125 0.7328125 0.1578125 0.7296875 0.196875 0.7296875
15 0.178125 0.6265625 0.1765625 0.6296875 0.178125 0.6375 0.1859375 0.646875 0.1875 0.6546875 0.2 0.671875 0.2046875 0.6828125 0.209375 0.6875 0.2140625 0.6875 0.21875 0.690625 0.2359375 0.690625 0.24375 0.6875 0.2546875 0.6890625 0.2484375 0.7 0.2484375 0.7046875 0.234375 0.709375 0.209375 0.7078125 0.1875 0.6953125 0.1671875 0.6796875 0.1640625 0.675 0.1640625 0.6671875 0.1671875 0.659375 0.1640625 0.6375 0.16875 0.63125 0.1765625 0.628125
15 0.34375 0.8046875 0.375 0.8109375 0.3875 0.815625 0.4078125 0.815625 0.409375 0.8171875 0.425 0.815625 0.4375 0.81875 0.43125 0.825 0.4046875 0.83125 0.390625 0.83125 0.38125 0.828125 0.3703125 0.828125 0.3390625 0.8171875 0.3390625 0.8109375 0.34375 0.80625
15 0.76875 0.5453125 0.7796875 0.5546875 0.7828125 0.5625 0.778125 0.5890625 0.7671875 0.6 0.7234375 0.6125 0.7015625 0.6125 0.66875 0.60625 0.6578125 0.5921875 0.6671875 0.5734375 0.684375 0.5703125 0.696875 0.5640625 0.709375 0.5546875 0.71875 0.540625 0.7296875 0.54375 0.7609375 0.5421875 0.7671875 0.5453125
13 0.06793478260869565 0.23394495412844035 0.10869565217391304 0.2576452599388379 0.12092391304347824 0.25688073394495414 0.15081521739130435 0.24617737003058102 0.14945652173913043 0.2324159021406728 0.12228260869565218 0.21712538226299696 0.08695652173913043 0.21559633027522937 0.06793478260869565 0.2270642201834862 0.06793478260869565 0.23394495412844035
13 0.19293478260869565 0.27522935779816515 0.1956521739130435 0.2851681957186544 0.23505434782608697 0.3103975535168196 0.24184782608695649 0.3134556574923547 0.2622282608695652 0.3073394495412844 0.2703804347826087 0.30045871559633025 0.2717391304347826 0.29281345565749234 0.264945652173913 0.2821100917431193 0.24592391304347827 0.268348623853211 0.2323369565217391 0.26223241590214064 0.2214673913043478 0.26146788990825687 0.19701086956521738 0.2706422018348624 0.19293478260869565 0.27522935779816515
13 0.15353260869565216 0.33256880733944955 0.1888586956521739 0.3318042813455657 0.1766304347826087 0.2974006116207951 0.1779891304347826 0.2889908256880734 0.16168478260869565 0.2874617737003058 0.14130434782608697 0.290519877675841 0.15353260869565216 0.33256880733944955
13 0.20923913043478262 0.308868501529052 0.21603260869565216 0.3172782874617737 0.22690217391304346 0.32186544342507645 0.2391304347826087 0.3172782874617737 0.2391304347826087 0.31422018348623854 0.22418478260869565 0.3012232415902141 0.20244565217391303 0.29128440366972475 0.20923913043478262 0.308868501529052
13 0.18614130434782608 0.31422018348623854 0.18478260869565216 0.32798165137614677 0.1983695652173913 0.33333333333333337 0.22282608695652173 0.32798165137614677 0.19972826086956522 0.29281345565749234 0.1888586956521739 0.2889908256880734 0.1766304347826087 0.2889908256880734 0.18614130434782608 0.31422018348623854
13 0.11413043478260869 0.21024464831804282 0.14130434782608697 0.2270642201834862 0.17527173913043476 0.22018348623853212 0.1766304347826087 0.2117737003058104 0.1875 0.19954128440366972 0.1779891304347826 0.17966360856269112 0.16168478260869565 0.17737003058103976 0.13179347826086957 0.17966360856269112 0.11413043478260869 0.18730886850152906 0.11413043478260869 0.21024464831804282
13 0.006793478260869565 0.21330275229357798 0.02309782608695652 0.22247706422018348 0.04619565217391304 0.21024464831804282 0.08152173913043478 0.20565749235474007 0.10190217391304349 0.19418960244648317 0.10326086956521738 0.18883792048929665 0.08967391304347826 0.17966360856269112 0.07472826086956522 0.17813455657492355 0.016304347826086956 0.1926605504587156 0.006793478260869565 0.20107033639143732 0.006793478260869565 0.21330275229357798
13 0.021739130434782608 0.29510703363914376 0.05027173913043478 0.30428134556574926 0.07472826086956522 0.30810397553516816 0.07880434782608695 0.2958715596330275 0.07065217391304349 0.29128440366972475 0.059782608695652176 0.27217125382262997 0.04619565217391304 0.26376146788990823 0.025815217391304345 0.26376146788990823 0.021739130434782608 0.2782874617737003 0.021739130434782608 0.29510703363914376
13 0.059782608695652176 0.28363914373088683 0.06385869565217392 0.2897553516819572 0.07744565217391304 0.29663608562691135 0.09103260869565218 0.29510703363914376 0.10190217391304349 0.2920489296636085 0.11141304347826086 0.28363914373088683 0.11820652173913042 0.26758409785932724 0.11277173913043478 0.26376146788990823 0.10326086956521738 0.26376146788990823 0.0625 0.27522935779816515 0.059782608695652176 0.28363914373088683
13 0.024456521739130436 0.2408256880733945 0.05163043478260869 0.2576452599388379 0.059782608695652176 0.2668195718654434 0.07744565217391304 0.268348623853211 0.09918478260869565 0.26299694189602446 0.10054347826086955 0.2545871559633027 0.06521739130434782 0.23394495412844035 0.07472826086956522 0.22018348623853212 0.06657608695652174 0.20871559633027523 0.03668478260869565 0.21406727828746175 0.02309782608695652 0.2285932721712538 0.024456521739130436 0.2408256880733945
13 0.11684782608695651 0.2798165137614679 0.12771739130434784 0.290519877675841 0.13722826086956522 0.29281345565749234 0.14402173913043478 0.2882262996941896 0.16983695652173914 0.2859327217125382 0.17527173913043476 0.27217125382262997 0.1644021739130435 0.2706422018348624 0.15353260869565216 0.2545871559633027 0.12771739130434784 0.25535168195718655 0.11956521739130435 0.26146788990825687 0.11684782608695651 0.2798165137614679
13 0.08559782608695651 0.21024464831804282 0.09375 0.21559633027522937 0.11820652173913042 0.21406727828746175 0.10869565217391304 0.1918960244648318 0.08695652173913043 0.20565749235474007 0.08559782608695651 0.21024464831804282
13 0.07744565217391304 0.308868501529052 0.10461956521739131 0.33256880733944955 0.125 0.3363914373088685 0.14945652173913043 0.33103975535168195 0.1358695652173913 0.29434250764525993 0.11277173913043478 0.29128440366972475 0.07880434782608695 0.2981651376146789 0.07744565217391304 0.308868501529052
13 0.11956521739130435 0.35932721712538224 0.14402173913043478 0.36314984709480125 0.1671195652173913 0.36544342507645255 0.19429347826086957 0.363914373088685 0.20923913043478262 0.3516819571865443 0.20652173913043476 0.345565749235474 0.18478260869565216 0.3348623853211009 0.13451086956521738 0.33409785932721714 0.12364130434782608 0.3409785932721713 0.11956521739130435 0.35932721712538224
13 0.23641304347826084 0.37844036697247707 0.24456521739130435 0.38073394495412843 0.27853260869565216 0.3837920489296636 0.30978260869565216 0.3830275229357798 0.31385869565217395 0.3776758409785933 0.30978260869565216 0.36850152905198774 0.2717391304347826 0.36162079510703365 0.2527173913043478 0.36544342507645255 0.23641304347826084 0.3746177370030581 0.23641304347826084 0.37844036697247707
13 0.2296195652173913 0.32874617737003053 0.24592391304347827 0.34938837920489296 0.266304347826087 0.3509174311926605 0.28940217391304346 0.34021406727828746 0.28940217391304346 0.33333333333333337 0.26358695652173914 0.3180428134556575 0.24728260869565216 0.31574923547400613 0.23097826086956524 0.3195718654434251 0.2296195652173913 0.32874617737003053
13 0.1956521739130435 0.3394495412844037 0.21739130434782608 0.3509174311926605 0.2296195652173913 0.3516819571865443 0.24048913043478262 0.3486238532110092 0.22554347826086957 0.32798165137614677 0.19429347826086957 0.33256880733944955 0.1956521739130435 0.3394495412844037
13 0.22418478260869565 0.36009174311926606 0.24728260869565216 0.3646788990825688 0.2703804347826087 0.35932721712538224 0.266304347826087 0.3516819571865443 0.24184782608695649 0.3486238532110092 0.21875 0.3509174311926605 0.22418478260869565 0.36009174311926606
13 0.2921195652173913 0.3623853211009174 0.30978260869565216 0.367737003058104 0.3179347826086957 0.3753822629969419 0.3355978260869565 0.3769113149847095 0.360054347826087 0.37155963302752293 0.36277173913043476 0.35856269113149847 0.3532608695652174 0.3432721712538226 0.3355978260869565 0.3394495412844037 0.29483695652173914 0.3409785932721713 0.2907608695652174 0.3440366972477064 0.2921195652173913 0.3623853211009174
13 0.3192934782608695 0.3348623853211009 0.33695652173913043 0.3363914373088685 0.3491847826086957 0.33333333333333337 0.35190217391304346 0.32874617737003053 0.34239130434782605 0.3073394495412844 0.32065217391304346 0.30198776758409784 0.3152173913043478 0.30428134556574926 0.3192934782608695 0.3348623853211009
13 0.27853260869565216 0.3241590214067278 0.2921195652173913 0.33333333333333337 0.31385869565217395 0.3318042813455657 0.3125 0.3226299694189602 0.297554347826087 0.3119266055045872 0.27989130434782605 0.3211009174311926 0.27853260869565216 0.3241590214067278
13 0.2730978260869565 0.29663608562691135 0.25407608695652173 0.31422018348623854 0.27853260869565216 0.3241590214067278 0.30842391304347827 0.2981651376146789 0.31114130434782605 0.2897553516819572 0.2866847826086957 0.2790519877675841 0.26902173913043476 0.28134556574923547 0.2730978260869565 0.29663608562691135
13 0.3777173913043478 0.3516819571865443 0.4130434782608695 0.3570336391437309 0.46603260869565216 0.3425076452599388 0.4850543478260869 0.32951070336391436 0.48641304347826086 0.32033639143730885 0.43885869565217395 0.3103975535168196 0.389945652173913 0.3073394495412844 0.37364130434782605 0.3264525993883792 0.3777173913043478 0.3516819571865443
13 0.3654891304347826 0.3547400611620795 0.37228260869565216 0.3486238532110092 0.36820652173913043 0.33256880733944955 0.3532608695652174 0.33256880733944955 0.33016304347826086 0.33868501529051986 0.32263795986622074 0.3393907315925665 0.3233695652173913 0.34021406727828746 0.3546195652173913 0.3440366972477064 0.3654891304347826 0.3547400611620795
13 0.36141304347826086 0.3103975535168196 0.37635869565217395 0.32033639143730885 0.3845108695652174 0.30963302752293576 0.42119565217391297 0.3073394495412844 0.42119565217391297 0.29663608562691135 0.39945652173913043 0.2874617737003058 0.38858695652173914 0.286697247706422 0.36277173913043476 0.30351681957186544 0.36141304347826086 0.3103975535168196
13 0.3817934782608695 0.26758409785932724 0.40489130434782605 0.2805810397553517 0.4375 0.2882262996941896 0.47146739130434784 0.2889908256880734 0.46875 0.27217125382262997 0.4538043478260869 0.25076452599388377 0.45516304347826086 0.24388379204892968 0.4483695652173913 0.23929663608562693 0.42527173913043476 0.2408256880733945 0.3804347826086957 0.2545871559633027 0.3817934782608695 0.26758409785932724
13 0.34103260869565216 0.30275229357798167 0.3559782608695652 0.30810397553516816 0.37228260869565216 0.29281345565749234 0.34510869565217395 0.2859327217125382 0.34103260869565216 0.2874617737003058 0.34103260869565216 0.30275229357798167
13 0.34375 0.2882262996941896 0.360054347826087 0.2889908256880734 0.3695652173913043 0.29434250764525993 0.37907608695652173 0.2882262996941896 0.3858695652173913 0.27217125382262997 0.3804347826086957 0.26987767584097855 0.358695652173913 0.2706422018348624 0.34239130434782605 0.28363914373088683 0.34375 0.2882262996941896
13 0.28804347826086957 0.2775229357798165 0.31385869565217395 0.2897553516819572 0.3179347826086957 0.2882262996941896 0.32608695652173914 0.28134556574923547 0.3383152173913043 0.25 0.3383152173913043 0.2408256880733945 0.33152173913043476 0.23623853211009177 0.3233695652173913 0.23394495412844035 0.3125 0.23547400611620795 0.2866847826086957 0.2652905198776758 0.28804347826086957 0.2775229357798165
13 0.27853260869565216 0.24617737003058102 0.28940217391304346 0.24464831804281345 0.28940217391304346 0.23394495412844035 0.27717391304347827 0.23394495412844035 0.264945652173913 0.23929663608562693 0.27853260869565216 0.24617737003058102
13 0.16168478260869565 0.26223241590214064 0.16847826086956522 0.268348623853211 0.20652173913043476 0.2652905198776758 0.22554347826086957 0.25993883792048933 0.23369565217391303 0.26146788990825687 0.24048913043478262 0.2591743119266055 0.2554347826086957 0.23776758409785934 0.266304347826087 0.23394495412844035 0.25407608695652173 0.22247706422018348 0.2296195652173913 0.2209480122324159 0.19972826086956522 0.22782874617737003 0.1644021739130435 0.2515290519877676 0.16168478260869565 0.26223241590214064
13 0.24864130434782608 0.16437308868501527 0.27445652173913043 0.1720183486238532 0.2866847826086957 0.1811926605504587 0.2907608695652174 0.18042813455657492 0.3016304347826087 0.16819571865443425 0.3029891304347826 0.1536697247706422 0.264945652173913 0.13608562691131498 0.25679347826086957 0.13761467889908258 0.24864130434782608 0.14984709480122324 0.24864130434782608 0.16437308868501527
13 0.24728260869565216 0.2652905198776758 0.2608695652173913 0.27522935779816515 0.28125 0.26376146788990823 0.28260869565217395 0.24617737003058102 0.26358695652173914 0.2408256880733945 0.24728260869565216 0.24311926605504586 0.24728260869565216 0.2652905198776758
13 0.17391304347826086 0.28287461773700306 0.1956521739130435 0.2889908256880734 0.19157608695652173 0.2759938837920489 0.2010869565217391 0.268348623853211 0.19021739130434784 0.2652905198776758 0.17391304347826086 0.27522935779816515 0.17391304347826086 0.28287461773700306
13 0.15081521739130435 0.22629969418960244 0.15489130434782608 0.24923547400611618 0.16576086956521738 0.26605504587155965 0.16168478260869565 0.2545871559633027 0.18478260869565216 0.2324159021406728 0.1779891304347826 0.22324159021406728 0.15489130434782608 0.22400611620795105 0.15081521739130435 0.22629969418960244
13 0.1779891304347826 0.21865443425076453 0.1875 0.23394495412844035 0.19769021739130435 0.22821100917431192 0.2391304347826087 0.2194189602446483 0.23097826086956524 0.20489296636085624 0.22282608695652173 0.19954128440366972 0.19157608695652173 0.20183486238532108 0.1793478260869565 0.21024464831804282 0.1779891304347826 0.21865443425076453
13 0.12907608695652173 0.17813455657492355 0.1331521739130435 0.17889908256880732 0.18478260869565216 0.17966360856269112 0.19157608695652173 0.16743119266055045 0.1779891304347826 0.1605504587155963 0.1480978260869565 0.1559633027522936 0.13043478260869565 0.1743119266055046 0.12907608695652173 0.17813455657492355
13 0.1888586956521739 0.19954128440366972 0.2296195652173913 0.20336391437308868 0.22826086956521738 0.19571865443425077 0.21331521739130435 0.18272171253822628 0.1956521739130435 0.17737003058103976 0.1875 0.17889908256880732 0.1888586956521739 0.19954128440366972
13 0.24864130434782608 0.21865443425076453 0.27717391304347827 0.22324159021406728 0.3043478260869565 0.21865443425076453 0.3029891304347826 0.20642201834862384 0.2921195652173913 0.19801223241590213 0.25135869565217395 0.19724770642201833 0.24592391304347827 0.19954128440366972 0.24864130434782608 0.21865443425076453
13 0.3070652173913043 0.20565749235474007 0.3220108695652174 0.21483180428134557 0.3532608695652174 0.21636085626911314 0.37228260869565216 0.21330275229357798 0.37907608695652173 0.20795107033639143 0.37364130434782605 0.19495412844036697 0.360054347826087 0.18807339449541285 0.30978260869565216 0.19724770642201833 0.3070652173913043 0.20565749235474007
13 0.33967391304347827 0.2607033639143731 0.3505434782608695 0.26223241590214064 0.3546195652173913 0.2691131498470948 0.37907608695652173 0.2515290519877676 0.3804347826086957 0.24464831804281345 0.36277173913043476 0.23929663608562693 0.3546195652173913 0.2400611620795107 0.34103260869565216 0.25382262996941896 0.33967391304347827 0.2607033639143731
13 0.327445652173913 0.28363914373088683 0.33967391304347827 0.2844036697247706 0.35733695652173914 0.26452599388379205 0.34103260869565216 0.25993883792048933 0.3328804347826087 0.268348623853211 0.327445652173913 0.28363914373088683
13 0.3546195652173913 0.2270642201834862 0.3654891304347826 0.23318042813455656 0.39945652173913043 0.23547400611620795 0.4116847826086956 0.2308868501529052 0.4116847826086956 0.22018348623853212 0.39945652173913043 0.21253822629969416 0.36277173913043476 0.21406727828746175 0.3559782608695652 0.22018348623853212 0.3546195652173913 0.2270642201834862
13 0.4755434782608695 0.2859327217125382 0.48097826086956524 0.29663608562691135 0.501358695652174 0.3012232415902141 0.5203804347826086 0.29892966360856266 0.5285326086956521 0.29281345565749234 0.532608695652174 0.28134556574923547 0.5339673913043479 0.2652905198776758 0.529891304347826 0.2607033639143731 0.5081521739130435 0.2576452599388379 0.4891304347826087 0.2652905198776758 0.48233695652173914 0.27217125382262997 0.4755434782608695 0.2859327217125382
13 0.44565217391304346 0.2408256880733945 0.46875 0.27140672782874614 0.4728260869565217 0.2874617737003058 0.4891304347826087 0.25 0.48369565217391297 0.24311926605504586 0.45244565217391297 0.2400611620795107 0.44565217391304346 0.2408256880733945
13 0.4592391304347826 0.2408256880733945 0.4850543478260869 0.24388379204892968 0.4891304347826087 0.2477064220183486 0.48777173913043476 0.26299694189602446 0.5271739130434783 0.25840978593272174 0.5122282608695652 0.2408256880733945 0.4891304347826087 0.2301223241590214 0.4728260869565217 0.22553516819571864 0.4592391304347826 0.23623853211009177 0.4592391304347826 0.2408256880733945
13 0.4157608695652174 0.22171253822629972 0.4279891304347826 0.2308868501529052 0.44565217391304346 0.23547400611620795 0.4592391304347826 0.23470948012232412 0.46739130434782605 0.22629969418960244 0.4619565217391305 0.209480122324159 0.43885869565217395 0.19877675840978593 0.41847826086956524 0.21253822629969416 0.4157608695652174 0.22171253822629972
13 0.40353260869565216 0.21330275229357798 0.41440217391304346 0.21559633027522937 0.4334239130434782 0.20183486238532108 0.4415760869565217 0.20107033639143732 0.4633152173913043 0.21483180428134557 0.4728260869565217 0.19342507645259938 0.4633152173913043 0.18807339449541285 0.45244565217391297 0.18807339449541285 0.43478260869565216 0.1918960244648318 0.40353260869565216 0.20565749235474007 0.40353260869565216 0.21330275229357798
13 0.4429347826086956 0.31116207951070335 0.48777173913043476 0.32033639143730885 0.4891304347826087 0.32492354740061163 0.49728260869565216 0.3241590214067278 0.49864130434782605 0.3180428134556575 0.48369565217391297 0.30428134556574926 0.4578804347826087 0.290519877675841 0.45108695652173914 0.290519877675841 0.4470108695652174 0.29510703363914376 0.4429347826086956 0.31116207951070335
13 0.41983695652173914 0.30657492354740057 0.4415760869565217 0.30963302752293576 0.4470108695652174 0.29281345565749234 0.42934782608695654 0.290519877675841 0.42119565217391297 0.29663608562691135 0.41983695652173914 0.30657492354740057
13 0.41983695652173914 0.16513761467889906 0.4320652173913043 0.17048929663608564 0.44021739130434784 0.15749235474006115 0.4320652173913043 0.1529051987767584 0.42119565217391297 0.1536697247706422 0.41983695652173914 0.16513761467889906
13 0.3070652173913043 0.30810397553516816 0.32065217391304346 0.30275229357798167 0.33967391304347827 0.30428134556574926 0.3383152173913043 0.2882262996941896 0.33016304347826086 0.286697247706422 0.31657608695652173 0.29128440366972475 0.30570652173913043 0.30351681957186544 0.3070652173913043 0.30810397553516816
13 0.3532608695652174 0.3318042813455657 0.3695652173913043 0.33256880733944955 0.37228260869565216 0.32186544342507645 0.358695652173913 0.3119266055045872 0.3491847826086957 0.3103975535168196 0.3532608695652174 0.3318042813455657
36 0.0733695652173913 0.10168195718654434 0.05298913043478261 0.11850152905198777 0.05570652173913043 0.1345565749235474 0.03668478260869565 0.1429663608562691 0.025815217391304345 0.13608562691131498 0.005434782608695652 0.13685015290519878 0.025815217391304345 0.13990825688073394 0.04076086956521739 0.15749235474006115 0.042119565217391304 0.16819571865443425 0.010869565217391304 0.1811926605504587 0.020380434782608696 0.18348623853211007 0.024456521739130436 0.18883792048929665 0.47690217391304346 0.22018348623853212 0.4945652173913043 0.23165137614678896 0.514945652173913 0.23623853211009177 0.5285326086956521 0.22935779816513763 0.5529891304347826 0.22400611620795105 0.5720108695652174 0.21406727828746175 0.5285326086956521 0.17813455657492355 0.5230978260869565 0.1636085626911315 0.5054347826086956 0.1620795107033639 0.49184782608695654 0.1529051987767584 0.4932065217391304 0.13608562691131498 0.48641304347826086 0.13608562691131498 0.4619565217391305 0.14678899082568808 0.43614130434782605 0.13226299694189603 0.4375 0.10168195718654434 0.4225543478260869 0.09327217125382263 0.3967391304347826 0.09403669724770643 0.36820652173913043 0.08103975535168195 0.360054347826087 0.08103975535168195 0.3491847826086957 0.08792048929663608 0.15081521739130435 0.0581039755351682 0.13994565217391303 0.05428134556574924 0.13722826086956522 0.07161085626911315 0.10597826086956522 0.0764525993883792 0.08967391304347826 0.09021406727828746 0.07065217391304349 0.095565749235474 0.0733695652173913 0.10168195718654434
45 0.8994565217391305 0.40366972477064217 0.9116847826086957 0.4350152905198777 0.9388586956521738 0.4701834862385321 0.9605978260869564 0.4801223241590214 0.9986413043478259 0.47782874617737 0.9986413043478259 0.3470948012232416 0.9877717391304348 0.3440366972477064 0.9660326086956521 0.345565749235474 0.9320652173913043 0.3570336391437309 0.9130434782608695 0.36926605504587157 0.9008152173913043 0.39143730886850153 0.8994565217391305 0.40366972477064217
45 0.7989130434782609 0.39755351681957185 0.7785326086956521 0.40443425076452594 0.8682065217391305 0.5091743119266054 0.8872282608695652 0.518348623853211 0.888586956521739 0.5053516819571866 0.9008152173913043 0.49464831804281345 0.9089673913043479 0.47171253822629966 0.9008152173913043 0.43654434250764523 0.8804347826086957 0.4120795107033639 0.8654891304347826 0.40214067278287463 0.8383152173913043 0.38990825688073394 0.8179347826086957 0.3853211009174312 0.8029891304347826 0.3876146788990825 0.7989130434782609 0.39755351681957185
45 0.9347826086956521 0.5359327217125383 0.9864130434782608 0.5382262996941896 0.9986413043478259 0.5336391437308868 0.9972826086956521 0.4847094801223242 0.9945652173913043 0.48241590214067276 0.9701086956521738 0.481651376146789 0.9538043478260869 0.4831804281345565 0.951086956521739 0.4870030581039755 0.9347826086956521 0.5359327217125383
45 0.7065217391304348 0.33103975535168195 0.8722826086956521 0.5114678899082569 0.9035326086956521 0.5535168195718654 0.9076086956521738 0.5527522935779816 0.9402173913043479 0.5848623853211009 0.955163043478261 0.5902140672782875 0.9646739130434783 0.5879204892966361 0.9918478260869564 0.6062691131498471 0.9986413043478259 0.599388379204893 0.9986413043478259 0.25229357798165136 0.9850543478260869 0.2545871559633027 0.9592391304347826 0.24541284403669725 0.8342391304347826 0.25688073394495414 0.8369565217391305 0.2607033639143731 0.8315217391304348 0.26452599388379205 0.7717391304347826 0.26758409785932724 0.7608695652173914 0.2782874617737003 0.7540760869565217 0.2996941896024465 0.7445652173913043 0.30810397553516816 0.7364130434782609 0.30963302752293576 0.7228260869565217 0.2897553516819572 0.701086956521739 0.29663608562691135 0.7065217391304348 0.33103975535168195