6 0.3390625 0.1109375 0.359375 0.115625 0.3828125 0.1296875 0.3828125 0.134375 0.3765625 0.1390625 0.3640625 0.134375 0.3546875 0.134375 0.3421875 0.140625 0.3375 0.1375 0.3171875 0.134375 0.303125 0.125 0.3 0.1203125 0.30625 0.1125 0.3375 0.1109375
6 0.5640625 0.3546875 0.5703125 0.3578125 0.571875 0.3609375 0.571875 0.375 0.5671875 0.3796875 0.553125 0.384375 0.5453125 0.378125 0.5421875 0.3609375 0.5453125 0.35625 0.553125 0.353125 0.5625 0.3546875
6 0.1625 0.4375 0.16875 0.4421875 0.1671875 0.4453125 0.1609375 0.446875 0.14375 0.4625 0.128125 0.46875 0.1171875 0.478125 0.109375 0.4765625 0.1046875 0.471875 0.103125 0.4640625 0.10625 0.4546875 0.1265625 0.44375 0.13125 0.44375 0.14375 0.4375 0.1609375 0.4375
6 0.48125 0.271875 0.4875 0.2765625 0.4921875 0.2890625 0.4890625 0.2921875 0.4609375 0.3015625 0.4484375 0.3015625 0.4421875 0.2890625 0.440625 0.278125 0.45 0.2703125 0.45625 0.26875 0.4734375 0.26875 0.4796875 0.271875
6 0.603125 0.2359375 0.6109375 0.246875 0.603125 0.2609375 0.590625 0.2734375 0.571875 0.28125 0.5625 0.28125 0.553125 0.26875 0.553125 0.2625 0.5625 0.253125 0.5640625 0.240625 0.578125 0.2328125 0.5953125 0.2328125 0.6015625 0.2359375
6 0.1375 0.421875 0.1421875 0.4265625 0.14375 0.43125 0.1421875 0.4359375 0.1390625 0.4390625 0.115625 0.4484375 0.10625 0.4484375 0.0984375 0.44375 0.09375 0.4390625 0.09375 0.428125 0.1046875 0.4203125 0.134375 0.4203125 0.1359375 0.421875
6 0.4390625 0.1359375 0.453125 0.1421875 0.4578125 0.15 0.4578125 0.1625 0.453125 0.165625 0.4234375 0.1640625 0.4078125 0.1546875 0.4046875 0.146875 0.4046875 0.1421875 0.4078125 0.1390625 0.4171875 0.1359375 0.4375 0.1359375
6 0.5578125 0.315625 0.571875 0.3171875 0.5765625 0.321875 0.575 0.3421875 0.571875 0.3453125 0.5609375 0.3484375 0.5421875 0.3453125 0.53125 0.3390625 0.53125 0.334375 0.5265625 0.33125 0.5265625 0.328125 0.53125 0.3234375 0.5453125 0.3171875 0.55625 0.315625
6 0.38125 0.146875 0.384375 0.15 0.3953125 0.153125 0.4015625 0.159375 0.4015625 0.1640625 0.39375 0.171875 0.375 0.178125 0.359375 0.171875 0.3546875 0.165625 0.3546875 0.15625 0.365625 0.146875 0.3796875 0.146875
6 0.5125 0.4125 0.525 0.4140625 0.5296875 0.4171875 0.528125 0.428125 0.5203125 0.4359375 0.5140625 0.4375 0.509375 0.4375 0.5 0.4328125 0.4875 0.41875 0.490625 0.4125 0.5109375 0.4125
6 0.1484375 0.1921875 0.1546875 0.19375 0.1609375 0.2 0.159375 0.2078125 0.15625 0.2109375 0.1359375 0.215625 0.13125 0.21875 0.1234375 0.21875 0.1171875 0.215625 0.1109375 0.215625 0.103125 0.2109375 0.096875 0.2109375 0.090625 0.2046875 0.0921875 0.196875 0.096875 0.1921875 0.109375 0.1875 0.1375 0.1890625 0.146875 0.1921875
6 0.509375 0.115625 0.5203125 0.1203125 0.528125 0.1265625 0.5296875 0.1453125 0.5171875 0.1421875 0.5046875 0.134375 0.4859375 0.1328125 0.4765625 0.1296875 0.4828125 0.1203125 0.5 0.115625 0.5078125 0.115625
6 0.296875 0.35 0.3140625 0.353125 0.31875 0.35625 0.3078125 0.365625 0.284375 0.3765625 0.2671875 0.375 0.2625 0.36875 0.2625 0.3625 0.265625 0.3578125 0.28125 0.35 0.2953125 0.35
6 0.30625 0.128125 0.3109375 0.1375 0.3078125 0.1421875 0.296875 0.1484375 0.2796875 0.1515625 0.2671875 0.159375 0.2609375 0.159375 0.25 0.1546875 0.2453125 0.146875 0.2546875 0.1328125 0.2765625 0.1234375 0.3 0.1234375 0.3046875 0.128125
6 0.375 0.3078125 0.40625 0.3109375 0.41875 0.3171875 0.4234375 0.3265625 0.41875 0.3328125 0.4125 0.3359375 0.40625 0.3359375 0.403125 0.3328125 0.3875 0.3296875 0.371875 0.3328125 0.3609375 0.328125 0.3546875 0.321875 0.353125 0.3171875 0.3546875 0.3109375 0.3734375 0.3078125
6 0.1765625 0.209375 0.1828125 0.2140625 0.18125 0.2171875 0.1671875 0.221875 0.15 0.2375 0.1453125 0.2390625 0.1359375 0.2390625 0.128125 0.2359375 0.125 0.23125 0.125 0.2265625 0.1390625 0.2171875 0.1578125 0.2125 0.1609375 0.209375 0.175 0.209375
6 0.49375 0.3140625 0.509375 0.3203125 0.5109375 0.3234375 0.5171875 0.3265625 0.528125 0.3375 0.5328125 0.346875 0.5328125 0.359375 0.5296875 0.3640625 0.5125 0.36875 0.5015625 0.36875 0.496875 0.365625 0.490625 0.359375 0.490625 0.35625 0.4765625 0.334375 0.4765625 0.328125 0.4796875 0.321875 0.4921875 0.3140625
6 0 0.421875 0.015625 0.4234375 0.0234375 0.4296875 0.01875 0.4640625 0.0109375 0.46875 0 0.46875 0 0.4234375
6 0.540625 0.2234375 0.5421875 0.2265625 0.546875 0.2265625 0.5515625 0.2296875 0.5609375 0.240625 0.559375 0.2515625 0.546875 0.2578125 0.521875 0.25625 0.5015625 0.2484375 0.49375 0.240625 0.49375 0.234375 0.5015625 0.2265625 0.5078125 0.2265625 0.5125 0.2234375 0.5390625 0.2234375
6 0.3484375 0.1140625 0.3578125 0.11875 0.3625 0.11875 0.3828125 0.1296875 0.4125 0.13125 0.4171875 0.134375 0.4359375 0.1328125 0.4375 0.1296875 0.44375 0.1265625 0.4625 0.1265625 0.4671875 0.1296875 0.4765625 0.1296875 0.4796875 0.1234375 0.484375 0.1203125 0.5 0.1171875 0.51875 0.1203125 0.5296875 0.1328125 0.5296875 0.1484375 0.5359375 0.1546875 0.5375 0.1609375 0.546875 0.1671875 0.5625 0.1859375 0.5796875 0.190625 0.5890625 0.2 0.596875 0.1953125 0.6140625 0.196875 0.640625 0.2234375 0.64375 0.23125 0.6421875 0.2390625 0.6453125 0.2453125 0.646875 0.2734375 0.6515625 0.278125 0.6625 0.2828125 0.6625 0.2890625 0.6546875 0.303125 0.6515625 0.3203125 0.6328125 0.3328125 0.603125 0.3921875 0.590625 0.3984375 0.584375 0.3984375 0.5828125 0.4109375 0.5796875 0.4171875 0.571875 0.425 0.559375 0.4328125 0.54375 0.4328125 0.5359375 0.428125 0.525 0.4296875 0.51875 0.434375 0.5125 0.434375 0.5078125 0.4328125 0.4984375 0.421875 0.4953125 0.421875 0.496875 0.4171875 0.49375 0.4125 0.4859375 0.409375 0.4796875 0.3859375 0.46875 0.3859375 0.4640625 0.3828125 0.459375 0.3828125 0.4578125 0.3796875 0.45 0.378125 0.4234375 0.3625 0.41875 0.3625 0.4125 0.36875 0.403125 0.3703125 0.39375 0.375 0.375 0.375 0.365625 0.378125 0.3640625 0.3765625 0.3359375 0.378125 0.3265625 0.375 0.3109375 0.378125 0.2859375 0.3765625 0.271875 0.384375 0.2703125 0.3984375 0.2671875 0.4046875 0.2625 0.40625 0.253125 0.41875 0.2484375 0.421875 0.2390625 0.4203125 0.2328125 0.421875 0.2265625 0.4328125 0.21875 0.4359375 0.2078125 0.4453125 0.1984375 0.4453125 0.196875 0.4421875 0.1984375 0.4390625 0.1953125 0.4359375 0.190625 0.4359375 0.1859375 0.440625 0.18125 0.440625 0.1765625 0.4359375 0.1734375 0.4359375 0.15625 0.4453125 0.1578125 0.4359375 0.1546875 0.4328125 0.1453125 0.434375 0.14375 0.4359375 0.1484375 0.4390625 0.1453125 0.4390625 0.1421875 0.4453125 0.13125 0.4453125 0.115625 0.4515625 0.1140625 0.4546875 0.109375 0.45 0.1046875 0.45 0.1 0.4546875 0.096875 0.4671875 0.103125 0.4734375 0.1078125 0.4734375 0.10625 0.478125 0.0921875 0.4921875 0.0890625 0.4890625 0.0796875 0.4890625 0.0828125 0.484375 0.0796875 0.4828125 0.0796875 0.478125 0.071875 0.475 0.06875 0.4796875 0.0640625 0.4796875 0.059375 0.484375 0.0609375 0.4875 0.05625 0.490625 0.0546875 0.4953125 0.05625 0.5 0.053125 0.5015625 0.0375 0.5015625 0.034375 0.5 0.034375 0.496875 0.040625 0.490625 0.0515625 0.4890625 0.05625 0.484375 0.05 0.48125 0.05 0.475 0.059375 0.46875 0.059375 0.4640625 0.065625 0.4609375 0.0625 0.440625 0.0671875 0.4359375 0.0625 0.4296875 0.0609375 0.428125 0.05625 0.4296875 0.0546875 0.4328125 0.046875 0.4328125 0.046875 0.43125 0.05625 0.4296875 0.046875 0.4265625 0.04375 0.428125 0.040625 0.425 0.0390625 0.4296875 0.0296875 0.434375 0.0234375 0.4484375 0.028125 0.4765625 0.025 0.48125 0.015625 0.484375 0.0078125 0.478125 0.015625 0.471875 0.0140625 0.46875 0.0109375 0.46875 0.0109375 0.4640625 0.0078125 0.459375 0.009375 0.4578125 0.0078125 0.44375 0.0046875 0.440625 0 0.4421875 0.003125 0.4375 0.0078125 0.4359375 0.003125 0.43125 0.0125 0.4296875 0.009375 0.425 0 0.428125 0 0.4234375 0.0046875 0.421875 0 0.4140625 0 0.409375 0.0046875 0.4078125 0 0.40625 0 0.38125 0.003125 0.3796875 0.003125 0.3765625 0 0.375 0 0.3265625 0.015625 0.3171875 0.0171875 0.3125 0.015625 0.30625 0.01875 0.3046875 0.021875 0.2984375 0.021875 0.290625 0.0125 0.2796875 0.0078125 0.25625 0.0265625 0.2484375 0.04375 0.246875 0.0515625 0.2375 0.053125 0.2296875 0.0625 0.2203125 0.08125 0.2125 0.0984375 0.1921875 0.1046875 0.1890625 0.1390625 0.1875 0.140625 0.1859375 0.1359375 0.1828125 0.140625 0.178125 0.14375 0.1671875 0.15625 0.1546875 0.178125 0.146875 0.1859375 0.146875 0.1875 0.15 0.2015625 0.15 0.209375 0.1390625 0.209375 0.1359375 0.2265625 0.1234375 0.2328125 0.121875 0.2484375 0.1234375 0.2546875 0.13125 0.259375 0.13125 0.278125 0.1234375 0.2921875 0.121875 0.2984375 0.1234375 0.303125 0.11875 0.303125 0.115625 0.309375 0.1125 0.3453125 0.1125 0.346875 0.1140625
6 0 0.3734375 0.01875 0.3734375 0.028125 0.3796875 0.03125 0.384375 0.0375 0.3875 0.046875 0.4078125 0.0453125 0.4125 0.0359375 0.41875 0.0078125 0.41875 0 0.415625 0 0.375
6 0.1890625 0.21875 0.196875 0.2203125 0.203125 0.225 0.2015625 0.234375 0.1890625 0.2484375 0.184375 0.2515625 0.178125 0.2515625 0.175 0.2546875 0.16875 0.2546875 0.159375 0.2625 0.153125 0.2609375 0.146875 0.2546875 0.146875 0.2453125 0.15625 0.2328125 0.1671875 0.2234375 0.1734375 0.2203125 0.1875 0.21875
6 0.340625 0.325 0.3546875 0.3296875 0.359375 0.334375 0.359375 0.3390625 0.3515625 0.3484375 0.328125 0.3546875 0.31875 0.3546875 0.3125 0.3515625 0.309375 0.34375 0.3125 0.3296875 0.3203125 0.3234375 0.3328125 0.321875 0.3390625 0.325
6 0.359375 0.134375 0.3734375 0.1390625 0.3765625 0.14375 0.365625 0.1453125 0.3578125 0.15 0.3484375 0.1578125 0.3484375 0.1640625 0.3421875 0.165625 0.3390625 0.1640625 0.3390625 0.1609375 0.3421875 0.1625 0.3484375 0.1578125 0.34375 0.153125 0.34375 0.140625 0.35 0.1359375 0.3578125 0.1359375
6 0.30625 0.2453125 0.31875 0.25 0.321875 0.253125 0.3234375 0.2625 0.3171875 0.26875 0.3046875 0.2703125 0.290625 0.2703125 0.2859375 0.2625 0.2921875 0.246875 0.3046875 0.2453125
6 0.3125 0.209375 0.3328125 0.20625 0.3453125 0.215625 0.3484375 0.215625 0.353125 0.2203125 0.3546875 0.2265625 0.3515625 0.2484375 0.340625 0.2578125 0.328125 0.25625 0.3125 0.2453125 0.3046875 0.234375 0.3078125 0.2234375 0.3078125 0.2140625 0.3125 0.2109375
6 0.1125 0.2375 0.11875 0.2421875 0.11875 0.25 0.1046875 0.2578125 0.1 0.2578125 0.09375 0.253125 0.0921875 0.2421875 0.0984375 0.2359375 0.1109375 0.2375
6 0.4890625 0.1578125 0.4953125 0.159375 0.503125 0.1671875 0.5046875 0.171875 0.5046875 0.1890625 0.4953125 0.1953125 0.4859375 0.1953125 0.4703125 0.1796875 0.471875 0.1671875 0.4796875 0.159375 0.4875 0.1578125
6 0.2015625 0.334375 0.215625 0.3375 0.21875 0.340625 0.228125 0.340625 0.2390625 0.346875 0.240625 0.3515625 0.2390625 0.3625 0.21875 0.3671875 0.203125 0.365625 0.1875 0.3578125 0.184375 0.3515625 0.1875 0.3390625 0.2 0.334375
6 0.2078125 0.3140625 0.21875 0.3171875 0.23125 0.3171875 0.2328125 0.3328125 0.228125 0.3375 0.1890625 0.334375 0.178125 0.33125 0.178125 0.3234375 0.190625 0.3171875 0.20625 0.3140625
6 0.4578125 0.16875 0.4640625 0.1703125 0.46875 0.1796875 0.4671875 0.1875 0.4609375 0.19375 0.453125 0.19375 0.428125 0.1796875 0.428125 0.1734375 0.43125 0.1703125 0.4359375 0.1703125 0.440625 0.1671875 0.45625 0.16875
6 0.1390625 0.26875 0.1453125 0.2703125 0.1484375 0.2765625 0.15 0.2828125 0.1484375 0.2921875 0.1421875 0.2984375 0.128125 0.3015625 0.109375 0.2953125 0.103125 0.2890625 0.1171875 0.2734375 0.1296875 0.26875 0.1375 0.26875
6 0.4828125 0.1328125 0.509375 0.1375 0.509375 0.140625 0.49375 0.1453125 0.4890625 0.15 0.478125 0.15 0.46875 0.1453125 0.465625 0.140625 0.4734375 0.1328125 0.48125 0.1328125
6 0.4078125 0.1859375 0.40625 0.2046875 0.4015625 0.2078125 0.3859375 0.2109375 0.384375 0.2140625 0.375 0.209375 0.3765625 0.196875 0.3828125 0.19375 0.384375 0.1890625 0.3890625 0.1859375 0.3953125 0.1859375 0.3984375 0.1828125 0.403125 0.1828125 0.40625 0.1859375
6 0.5703125 0.3890625 0.578125 0.39375 0.5828125 0.4 0.5828125 0.415625 0.5703125 0.428125 0.55625 0.434375 0.5453125 0.4328125 0.5375 0.425 0.5359375 0.4171875 0.5421875 0.40625 0.546875 0.390625 0.553125 0.3875 0.56875 0.3890625
6 0.6265625 0.23125 0.6359375 0.2328125 0.64375 0.240625 0.6484375 0.2625 0.646875 0.2671875 0.64375 0.2703125 0.634375 0.2703125 0.6234375 0.2625 0.621875 0.2546875 0.615625 0.2453125 0.6140625 0.2359375 0.6171875 0.2328125 0.625 0.2328125
6 0.190625 0.1484375 0.2 0.1546875 0.2 0.1625 0.19375 0.16875 0.1890625 0.16875 0.1765625 0.1796875 0.1625 0.1859375 0.1453125 0.184375 0.140625 0.1796875 0.1421875 0.16875 0.153125 0.15625 0.1640625 0.15 0.1765625 0.146875 0.1890625 0.1484375
6 0.371875 0.2875 0.3765625 0.29375 0.3765625 0.3015625 0.3734375 0.30625 0.359375 0.3078125 0.35 0.315625 0.3421875 0.3171875 0.3234375 0.315625 0.321875 0.3109375 0.3234375 0.3 0.328125 0.2953125 0.3375 0.290625 0.3421875 0.290625 0.3453125 0.2875 0.3546875 0.2859375 0.3703125 0.2875
6 0.09921875 0.3265625 0.0328125 0.02734375
6 0.203125 0.38125 0.2125 0.3875 0.2140625 0.390625 0.2125 0.3984375 0.196875 0.421875 0.1796875 0.428125 0.165625 0.428125 0.146875 0.421875 0.140625 0.409375 0.140625 0.4046875 0.146875 0.396875 0.15 0.396875 0.1578125 0.3890625 0.1671875 0.384375 0.18125 0.38125 0.2015625 0.38125
6 0.328125 0.1546875 0.3296875 0.1640625 0.321875 0.171875 0.3140625 0.175 0.303125 0.175 0.296875 0.178125 0.2734375 0.175 0.26875 0.1703125 0.26875 0.1625 0.2734375 0.15625 0.2796875 0.153125 0.29375 0.153125 0.296875 0.15625 0.3140625 0.153125 0.3265625 0.1546875
6 0.278125 0.1828125 0.2828125 0.1890625 0.2875 0.1890625 0.290625 0.20625 0.2796875 0.2109375 0.2609375 0.2109375 0.259375 0.2125 0.240625 0.2109375 0.240625 0.1953125 0.2453125 0.1890625 0.24375 0.1859375 0.2484375 0.184375 0.2515625 0.1890625 0.2625 0.1828125 0.2765625 0.1828125
6 0.3421875 0.1703125 0.346875 0.1734375 0.3515625 0.1734375 0.3734375 0.1890625 0.3734375 0.2015625 0.3625 0.2109375 0.34375 0.2078125 0.3421875 0.2046875 0.3359375 0.2046875 0.31875 0.1921875 0.3171875 0.1859375 0.3234375 0.1734375 0.3296875 0.1703125 0.340625 0.1703125
6 0.0640625 0.428125 0.06875 0.4359375 0.065625 0.4421875 0.0640625 0.4703125 0.0578125 0.4734375 0.0609375 0.4765625 0.053125 0.4796875 0.03125 0.475 0.0234375 0.465625 0.0234375 0.4515625 0.028125 0.4375 0.034375 0.43125 0.0484375 0.425 0.05625 0.425 0.0625 0.428125
6 0.53125 0.375 0.540625 0.378125 0.5453125 0.3875 0.5453125 0.3921875 0.540625 0.4 0.540625 0.40625 0.5328125 0.4125 0.490625 0.409375 0.484375 0.4046875 0.48125 0.3984375 0.48125 0.390625 0.4921875 0.38125 0.4984375 0.3796875 0.5 0.3765625 0.50625 0.3765625 0.5109375 0.3734375 0.528125 0.3734375 0.5296875 0.375
6 0.3953125 0.3328125 0.415625 0.34375 0.4203125 0.3515625 0.41875 0.3625 0.4140625 0.36875 0.3796875 0.378125 0.3546875 0.378125 0.3546875 0.3640625 0.3515625 0.353125 0.3546875 0.346875 0.365625 0.3375 0.3703125 0.3375 0.3796875 0.3328125 0.39375 0.3328125
6 0.259375 0.315625 0.2703125 0.3171875 0.2796875 0.325 0.2828125 0.33125 0.2828125 0.3421875 0.275 0.3484375 0.246875 0.3484375 0.2328125 0.3390625 0.2328125 0.3171875 0.240625 0.3171875 0.2484375 0.3140625 0.2578125 0.315625
6 0.509375 0.1671875 0.521875 0.1734375 0.5296875 0.1859375 0.528125 0.1890625 0.515625 0.19375 0.509375 0.19375 0.50625 0.1875 0.5046875 0.16875 0.5078125 0.1671875
6 0.61875 0.3171875 0.6265625 0.3234375 0.6296875 0.3296875 0.6296875 0.3390625 0.625 0.340625 0.615625 0.3375 0.60625 0.3375 0.5984375 0.3390625 0.5921875 0.34375 0.5890625 0.34375 0.5859375 0.3390625 0.5875 0.328125 0.5953125 0.3203125 0.6 0.3203125 0.603125 0.3171875 0.6171875 0.3171875
6 0.446875 0.325 0.4640625 0.3296875 0.478125 0.3390625 0.478125 0.3515625 0.4703125 0.35625 0.459375 0.3546875 0.428125 0.3390625 0.428125 0.3265625 0.4359375 0.3234375 0.4453125 0.325
6 0.11875 0.3796875 0.128125 0.390625 0.134375 0.39375 0.1375 0.4 0.1375 0.415625 0.134375 0.4171875 0.10625 0.415625 0.09375 0.4046875 0.09375 0.39375 0.0984375 0.3875 0.10625 0.38125 0.1171875 0.3796875
6 0.1203125 0.35 0.128125 0.35625 0.1296875 0.3625 0.1265625 0.36875 0.1109375 0.378125 0.1046875 0.378125 0.1 0.38125 0.0921875 0.378125 0.0890625 0.371875 0.0890625 0.3625 0.09375 0.35625 0.1046875 0.35 0.11875 0.35
6 0.60703125 0.34375 0.04765625 0.05625
6 0.096875 0.48125 0.0984375 0.4859375 0.0921875 0.4984375 0.0703125 0.5046875 0.0515625 0.5015625 0.053125 0.4984375 0.0515625 0.4921875 0.0546875 0.4875 0.0640625 0.48125 0.0703125 0.48125 0.075 0.478125 0.0921875 0.478125 0.0953125 0.48125
6 0.1 0.2125 0.1109375 0.21875 0.1109375 0.228125 0.1 0.234375 0.0953125 0.234375 0.0890625 0.2421875 0.0765625 0.2484375 0.0640625 0.2484375 0.053125 0.2421875 0.053125 0.2296875 0.0625 0.2203125 0.06875 0.2171875 0.078125 0.2140625 0.0984375 0.2125
6 0.271875 0.2828125 0.2703125 0.2984375 0.2765625 0.3078125 0.2734375 0.3140625 0.2703125 0.315625 0.253125 0.3125 0.246875 0.309375 0.24375 0.3046875 0.25 0.2859375 0.25625 0.2828125 0.2703125 0.2828125
6 0.3609375 0.2625 0.3703125 0.2671875 0.3734375 0.2734375 0.3734375 0.2828125 0.3484375 0.2859375 0.3421875 0.2890625 0.334375 0.2859375 0.3328125 0.2796875 0.325 0.2703125 0.3328125 0.2640625 0.3390625 0.2625 0.359375 0.2625
6 0.20625 0.1703125 0.2125 0.1765625 0.215625 0.1828125 0.215625 0.1890625 0.2109375 0.1984375 0.2046875 0.2046875 0.190625 0.2109375 0.1890625 0.2140625 0.178125 0.203125 0.1734375 0.19375 0.178125 0.1875 0.178125 0.1828125 0.190625 0.1703125 0.1984375 0.16875 0.2046875 0.1703125
6 0.39375 0.2421875 0.4046875 0.2453125 0.4046875 0.2484375 0.4109375 0.253125 0.4140625 0.259375 0.4140625 0.26875 0.4109375 0.271875 0.3984375 0.275 0.396875 0.278125 0.384375 0.278125 0.3703125 0.2625 0.3703125 0.2578125 0.3796875 0.2484375 0.3796875 0.2453125 0.3921875 0.2421875
6 0.48125 0.2234375 0.4828125 0.225 0.4890625 0.2234375 0.4921875 0.2328125 0.4921875 0.2453125 0.4890625 0.2515625 0.478125 0.25625 0.46875 0.2546875 0.4609375 0.2453125 0.4609375 0.2390625 0.4640625 0.2328125 0.4703125 0.2265625 0.4796875 0.225
6 0.584375 0.3640625 0.6 0.3734375 0.6109375 0.375 0.609375 0.3859375 0.603125 0.3953125 0.590625 0.3984375 0.5828125 0.3953125 0.578125 0.390625 0.5734375 0.3828125 0.5734375 0.3765625 0.578125 0.3671875 0.5828125 0.365625
6 0.3984375 0.2796875 0.4078125 0.275 0.4265625 0.2765625 0.4359375 0.2859375 0.440625 0.296875 0.440625 0.309375 0.4359375 0.3171875 0.4296875 0.3203125 0.421875 0.31875 0.415625 0.3125 0.4109375 0.3125 0.396875 0.3015625 0.3953125 0.290625 0.3984375 0.28125
6 0.1875 0.2953125 0.1953125 0.296875 0.1984375 0.3 0.2015625 0.3125 0.1875 0.315625 0.178125 0.321875 0.1765625 0.3296875 0.165625 0.3390625 0.1578125 0.3390625 0.15 0.3421875 0.1203125 0.3421875 0.115625 0.3390625 0.115625 0.328125 0.11875 0.3234375 0.134375 0.3140625 0.1359375 0.3109375 0.1515625 0.303125 0.171875 0.296875 0.1859375 0.2953125
6 0.2421875 0.3828125 0.2546875 0.384375 0.2703125 0.3921875 0.2703125 0.4015625 0.2625 0.4078125 0.25625 0.41875 0.2515625 0.421875 0.2390625 0.421875 0.2328125 0.41875 0.228125 0.4125 0.2203125 0.409375 0.2140625 0.4015625 0.2140625 0.39375 0.21875 0.3875 0.225 0.384375 0.240625 0.3828125
6 0.028125 0.3109375 0.0359375 0.30625 0.05 0.30625 0.05625 0.309375 0.0625 0.309375 0.0703125 0.3125 0.078125 0.3203125 0.0796875 0.325 0.078125 0.3359375 0.0796875 0.3546875 0.06875 0.365625 0.0625 0.36875 0.0515625 0.36875 0.04375 0.365625 0.034375 0.353125 0.025 0.3234375 0.025 0.315625 0.028125 0.3125
6 0.30234375 0.290625 0.0609375 0.03671875
6 0.0203125 0.31875 0.028125 0.340625 0.028125 0.3578125 0.0203125 0.365625 0 0.3640625 0 0.3265625 0.009375 0.3203125 0.01875 0.31875
6 0.5453125 0.19375 0.55 0.203125 0.540625 0.21875 0.5296875 0.221875 0.5140625 0.221875 0.509375 0.225 0.4984375 0.225 0.496875 0.2125 0.5109375 0.196875 0.5234375 0.190625 0.540625 0.190625 0.54375 0.19375
6 0.221875 0.4140625 0.228125 0.4171875 0.2328125 0.421875 0.2328125 0.425 0.23125 0.4296875 0.21875 0.4390625 0.215625 0.4390625 0.209375 0.4328125 0.209375 0.425 0.2203125 0.4140625
6 0.2390625 0.1515625 0.2484375 0.15625 0.253125 0.1625 0.259375 0.165625 0.2609375 0.171875 0.259375 0.175 0.2515625 0.1765625 0.2390625 0.184375 0.228125 0.184375 0.21875 0.178125 0.2109375 0.1609375 0.2125 0.15625 0.221875 0.15 0.2375 0.1515625
6 0.3140625 0.309375 0.3171875 0.3109375 0.3203125 0.3171875 0.31875 0.321875 0.3125 0.3265625 0.3109375 0.33125 0.2953125 0.3421875 0.2859375 0.340625 0.2875 0.3375 0.284375 0.328125 0.2859375 0.3140625 0.2984375 0.309375 0.3125 0.309375
6 0.6234375 0.284375 0.634375 0.290625 0.6359375 0.30625 0.634375 0.309375 0.6265625 0.3125 0.615625 0.3140625 0.596875 0.3140625 0.575 0.3078125 0.5640625 0.3 0.5625 0.2921875 0.5671875 0.2859375 0.5765625 0.28125 0.60625 0.28125 0.621875 0.284375
6 0.4640625 0.1265625 0.471875 0.13125 0.4625 0.1421875 0.453125 0.1421875 0.4484375 0.140625 0.446875 0.1375 0.4359375 0.134375 0.4359375 0.13125 0.440625 0.1265625 0.446875 0.125 0.4625 0.1265625
6 0.240625 0.1203125 0.2484375 0.1234375 0.253125 0.1296875 0.2453125 0.1453125 0.2421875 0.1484375 0.221875 0.1484375 0.209375 0.1546875 0.2046875 0.1484375 0.2046875 0.14375 0.209375 0.1359375 0.21875 0.1265625 0.23125 0.1203125 0.2390625 0.1203125
6 0.571875 0.1859375 0.5828125 0.1921875 0.584375 0.2046875 0.578125 0.2046875 0.571875 0.2015625 0.565625 0.2015625 0.5609375 0.2046875 0.553125 0.203125 0.55 0.190625 0.55625 0.1859375 0.5703125 0.1859375
6 0.6109375 0.19375 0.6234375 0.203125 0.63125 0.215625 0.63125 0.2203125 0.6265625 0.228125 0.6078125 0.228125 0.590625 0.2109375 0.5875 0.203125 0.5921875 0.196875 0.5984375 0.19375 0.609375 0.19375
6 0.528125 0.259375 0.546875 0.2671875 0.5578125 0.28125 0.55625 0.2921875 0.5484375 0.296875 0.5234375 0.29375 0.5109375 0.2890625 0.5046875 0.2828125 0.5046875 0.271875 0.5109375 0.2640625 0.51875 0.259375 0.5265625 0.259375
6 0.0234375 0.246875 0.034375 0.2484375 0.0359375 0.2515625 0.0296875 0.2609375 0.021875 0.2671875 0.01875 0.2859375 0.0109375 0.2828125 0.0046875 0.26875 0.003125 0.25625 0.0078125 0.25 0.0140625 0.246875 0.021875 0.246875
6 0.4109375 0.1859375 0.4171875 0.1828125 0.4328125 0.184375 0.4421875 0.1890625 0.446875 0.1890625 0.4515625 0.196875 0.446875 0.2046875 0.4359375 0.2078125 0.425 0.2078125 0.415625 0.2046875 0.409375 0.1984375 0.4109375 0.1875
6 0.5546875 0.3015625 0.565625 0.3109375 0.565625 0.3140625 0.55 0.315625 0.5421875 0.31875 0.5359375 0.31875 0.53125 0.315625 0.5265625 0.3109375 0.525 0.303125 0.5328125 0.2984375 0.553125 0.3015625
6 0.3859375 0.2125 0.3921875 0.2125 0.396875 0.209375 0.4109375 0.209375 0.41875 0.2171875 0.41875 0.228125 0.4125 0.2375 0.4015625 0.2421875 0.3921875 0.2390625 0.384375 0.2421875 0.3734375 0.2421875 0.3671875 0.2375 0.3671875 0.2296875 0.375 0.2203125 0.3859375 0.2140625
6 0.0765625 0.2515625 0.0796875 0.253125 0.0828125 0.259375 0.0796875 0.265625 0.071875 0.271875 0.0625 0.275 0.05 0.2859375 0.0421875 0.2875 0.0328125 0.2875 0.025 0.284375 0.021875 0.2796875 0.021875 0.271875 0.0265625 0.2640625 0.04375 0.25 0.075 0.2515625
6 0.1859375 0.26875 0.19375 0.2734375 0.196875 0.278125 0.196875 0.2875 0.1875 0.2921875 0.1859375 0.2953125 0.15625 0.2921875 0.1515625 0.284375 0.1515625 0.278125 0.159375 0.2703125 0.1640625 0.2703125 0.16875 0.2671875 0.184375 0.26875
6 0.48125 0.309375 0.4890625 0.3140625 0.478125 0.321875 0.4734375 0.33125 0.440625 0.321875 0.440625 0.315625 0.446875 0.309375 0.4796875 0.309375
6 0.5234375 0.1453125 0.5296875 0.146875 0.5375 0.15625 0.5375 0.1640625 0.525 0.16875 0.515625 0.16875 0.5109375 0.165625 0.5046875 0.165625 0.490625 0.15625 0.490625 0.1484375 0.4953125 0.1453125 0.5 0.14375 0.5203125 0.14375 0.521875 0.1453125
6 0.1703125 0.3625 0.1859375 0.3671875 0.1953125 0.375 0.1953125 0.378125 0.1671875 0.3828125 0.15625 0.3875 0.15 0.39375 0.140625 0.396875 0.134375 0.3953125 0.11875 0.3796875 0.128125 0.3734375 0.134375 0.3734375 0.140625 0.3703125 0.146875 0.3640625 0.15625 0.3609375 0.16875 0.3625
6 0.578125 0.2046875 0.5828125 0.20625 0.5875 0.2125 0.5984375 0.2203125 0.6 0.228125 0.5734375 0.23125 0.5640625 0.2359375 0.55625 0.23125 0.55 0.2234375 0.55 0.2125 0.55625 0.20625 0.5640625 0.203125 0.5765625 0.2046875
48 0.6019021739130435 0.6055045871559633 0.6073369565217391 0.6483180428134557 0.6195652173913043 0.6880733944954128 0.65625 0.744138634046891 0.6834239130434783 0.7686034658511722 0.7255434782608695 0.7849133537206933 0.7717391304347826 0.780835881753313 0.8097826086956521 0.7553516819571866 0.8206521739130433 0.7431192660550459 0.8288043478260869 0.7155963302752294 0.8179347826086957 0.6554536187563711 0.8016304347826086 0.6187563710499491 0.7907608695652174 0.5749235474006117 0.7730978260869565 0.3761467889908257 0.7595108695652174 0.345565749235474 0.7391304347826086 0.327217125382263 0.7105978260869565 0.31600407747196735 0.671195652173913 0.31600407747196735 0.6331521739130435 0.34046890927624873 0.608695652173913 0.3944954128440367 0.5991847826086956 0.46381243628950053 0.6019021739130435 0.6055045871559633
48 0.7853260869565217 0.38328236493374107 0.7934782608695652 0.43730886850152906 0.7921195652173914 0.5586136595310907 0.8002717391304348 0.6024464831804281 0.8247282608695652 0.6666666666666667 0.8274456521739131 0.6860346585117227 0.8383152173913043 0.7023445463812437 0.861413043478261 0.7125382262996942 0.8940217391304348 0.7155963302752294 0.9144021739130433 0.7033639143730887 0.9307065217391305 0.7023445463812437 0.9307065217391305 0.6931702344546381 0.9497282608695652 0.672782874617737 0.9673913043478259 0.6360856269113151 0.982336956521739 0.5749235474006117 0.982336956521739 0.4566768603465851 0.9592391304347826 0.29867482161060144 0.9497282608695652 0.27217125382262997 0.9293478260869564 0.25382262996941896 0.9089673913043479 0.24362895005096843 0.8831521739130433 0.236493374108053 0.8668478260869564 0.23751274209989806 0.8274456521739131 0.2507645259938838 0.8111413043478259 0.2650356778797146 0.7866847826086956 0.3211009174311927 0.7853260869565217 0.38328236493374107
34 0.05298913043478261 0.5565749235474006 0.07472826086956522 0.5698267074413864 0.07472826086956522 0.580020387359837 0.05298913043478261 0.5942915392456677 0.01358695652173913 0.6004077471967381 0.004076086956521739 0.6116207951070336 0 0.6320081549439347 0.020380434782608696 0.6442405708460754 0.04891304347826087 0.672782874617737 0.057065217391304345 0.6870540265035678 0.05434782608695652 0.7094801223241591 0.0625 0.7125382262996942 0.15896739130434784 0.8073394495412843 0.1480978260869565 0.8307849133537207 0.14945652173913043 0.8409785932721713 0.17391304347826086 0.8521916411824669 0.19157608695652173 0.872579001019368 0.21467391304347827 0.8583078491335373 0.24320652173913043 0.8603465851172274 0.25815217391304346 0.855249745158002 0.25679347826086957 0.8481141692150868 0.2622282608695652 0.8481141692150868 0.27445652173913043 0.8246687054026504 0.28125 0.8205912334352702 0.27853260869565216 0.8134556574923547 0.31657608695652173 0.7940876656472987 0.31385869565217395 0.7838939857288482 0.33016304347826086 0.7675840978593272 0.3695652173913043 0.7675840978593272 0.3953804347826087 0.780835881753313 0.4171195652173913 0.7798165137614679 0.4266304347826087 0.7726809378185525 0.44972826086956524 0.7828746177370031 0.4796195652173913 0.7686034658511722 0.4904891304347826 0.7573904179408767 0.5067934782608695 0.7533129459734964 0.5095108695652174 0.744138634046891 0.4891304347826087 0.7196738022426097 0.5095108695652174 0.7104994903160041 0.5407608695652174 0.7054026503567787 0.5529891304347826 0.7074413863404689 0.5788043478260869 0.6880733944954128 0.592391304347826 0.5565749235474006 0.5883152173913043 0.5107033639143731 0.5733695652173914 0.4974515800203874 0.5584239130434783 0.5045871559633028 0.5502717391304348 0.5005096839959225 0.5448369565217391 0.4801223241590214 0.49728260869565216 0.43119266055045874 0.4850543478260869 0.4250764525993884 0.47010869565217395 0.39653414882772686 0.4279891304347826 0.37104994903160043 0.3532608695652174 0.38328236493374107 0.3016304347826087 0.382262996941896 0.24320652173913043 0.4322120285423038 0.23777173913043476 0.4281345565749236 0.20923913043478262 0.4475025484199796 0.18070652173913043 0.45158002038735984 0.1644021739130435 0.44648318042813456 0.1453804347826087 0.4617737003058104 0.12364130434782608 0.47196738022426094 0.11956521739130435 0.4821610601427115 0.10733695652173914 0.4862385321100918 0.09510869565217392 0.4974515800203874 0.04076086956521739 0.5076452599388379 0.028532608695652172 0.5208970438328236 0.05298913043478261 0.5565749235474006