33 0.20436817472698907 0.584375 0.23712948517940718 0.6604166666666667 0.26521060842433697 0.690625 0.3073322932917317 0.7166666666666666 0.3915756630265211 0.7416666666666666 0.45553822152886114 0.74375 0.5101404056162246 0.73125 0.5663026521060843 0.7010416666666666 0.5819032761310453 0.6875 0.5912636505460218 0.6572916666666666 0.5912636505460218 0.5875 0.5819032761310453 0.5552083333333333 0.5600624024960998 0.5239583333333333 0.49297971918876754 0.4822916666666666 0.43213728549141966 0.465625 0.3915756630265211 0.4604166666666666 0.3525741029641186 0.4604166666666666 0.3166926677067083 0.465625 0.2839313572542902 0.4739583333333333 0.2449297971918877 0.49375 0.22620904836193448 0.5072916666666666 0.202808112324493 0.5385416666666666 0.20436817472698907 0.584375
33 0.5850234009360374 0.5520833333333333 0.5990639625585024 0.5791666666666666 0.594383775351014 0.6104166666666666 0.5990639625585024 0.6479166666666666 0.6599063962558502 0.6927083333333333 0.7160686427457098 0.7114583333333333 0.7800312012480499 0.7125 0.8205928237129486 0.7052083333333333 0.8720748829953198 0.6885416666666666 0.9329173166926678 0.6458333333333333 0.984399375975039 0.5802083333333333 0.982839313572543 0.55 0.9453978159126365 0.4958333333333333 0.9126365054602184 0.4729166666666666 0.8845553822152887 0.4604166666666666 0.8424336973478939 0.44791666666666663 0.7925117004680187 0.4416666666666666 0.7129485179407177 0.4458333333333333 0.6599063962558502 0.4625 0.609984399375975 0.4989583333333333 0.5865834633385336 0.5364583333333333 0.5850234009360374 0.5520833333333333
33 0.3416536661466459 0.340625 0.34477379095163807 0.36875 0.3634945397815913 0.4 0.3837753510140406 0.41875 0.4165366614664586 0.4427083333333333 0.47269890795631825 0.4697916666666666 0.500780031201248 0.478125 0.5600624024960998 0.484375 0.6318252730109204 0.471875 0.6942277691107644 0.440625 0.7472698907956319 0.39791666666666664 0.7644305772230889 0.3739583333333333 0.7815912636505461 0.3333333333333333 0.7753510140405616 0.2989583333333333 0.7613104524180968 0.28125 0.733229329173167 0.26666666666666666 0.5491419656786272 0.23958333333333331 0.48049921996879874 0.24166666666666664 0.4180967238689548 0.2583333333333333 0.39001560062402496 0.275 0.3634945397815913 0.30104166666666665 0.34789391575663026 0.325 0.3416536661466459 0.340625
33 0.7035881435257411 0.25625 0.734789391575663 0.2635416666666667 0.7613104524180968 0.2791666666666667 0.7815912636505461 0.30625 0.7862714508580344 0.3375 0.8127925117004681 0.34791666666666665 0.8377535101404057 0.353125 0.8783151326053042 0.353125 0.9344773790951638 0.3458333333333333 0.9641185647425898 0.3375 0.9984399375975039 0.3177083333333333 0.9984399375975039 0.2125 0.967238689547582 0.19166666666666665 0.9188767550702028 0.171875 0.8315132605304212 0.159375 0.7862714508580344 0.16770833333333332 0.7394695787831513 0.1875 0.719188767550702 0.2020833333333333 0.702028081123245 0.234375 0.7035881435257411 0.25625
33 0.3416536661466459 0.21666666666666665 0.3541341653666147 0.2458333333333333 0.36505460218408736 0.2583333333333333 0.3868954758190328 0.26875 0.39625585023400933 0.26875 0.4180967238689548 0.25729166666666664 0.46801872074882994 0.2427083333333333 0.49921996879875197 0.23854166666666665 0.5569422776911076 0.23854166666666665 0.686427457098284 0.25625 0.6957878315132605 0.25104166666666666 0.7098283931357254 0.21041666666666664 0.7098283931357254 0.17083333333333334 0.6942277691107644 0.13854166666666665 0.6692667706708268 0.11666666666666665 0.6521060842433697 0.10833333333333332 0.5928237129485179 0.09583333333333333 0.5070202808112325 0.096875 0.44149765990639633 0.10833333333333332 0.4040561622464899 0.125 0.36037441497659906 0.16041666666666665 0.343213728549142 0.2052083333333333 0.3416536661466459 0.21666666666666665
33 0.060842433697347896 0.8020833333333333 0.0858034321372855 0.8458333333333332 0.13260530421216848 0.88125 0.1918876755070203 0.9020833333333332 0.25585023400936036 0.915625 0.31513260530421217 0.9125 0.38533541341653665 0.8854166666666666 0.41965678627145087 0.8552083333333332 0.4368174726989079 0.8104166666666666 0.42121684867394693 0.7489583333333333 0.3229329173166927 0.725 0.27769110764430577 0.7041666666666666 0.24648985959438377 0.678125 0.2168486739469579 0.6270833333333333 0.18876755070202808 0.625 0.15288611544461778 0.63125 0.1060842433697348 0.6583333333333333 0.0842433697347894 0.6833333333333333 0.0577223088923557 0.7489583333333333 0.060842433697347896 0.8020833333333333
33 0.0358814352574103 0.3895833333333333 0.0405616224648986 0.4270833333333333 0.060842433697347896 0.4729166666666666 0.0998439937597504 0.5114583333333333 0.1154446177847114 0.515625 0.13884555382215288 0.5385416666666666 0.17316692667706707 0.5541666666666666 0.19812792511700467 0.55625 0.2012480499219969 0.5354166666666667 0.22620904836193448 0.503125 0.2792511700468019 0.4729166666666666 0.33541341653666146 0.4604166666666666 0.3837753510140406 0.4552083333333333 0.3837753510140406 0.4458333333333333 0.34633385335413414 0.4041666666666666 0.3026521060842434 0.375 0.2620904836193448 0.3614583333333333 0.2090483619344774 0.353125 0.1045241809672387 0.35 0.062402496099843996 0.359375 0.0421216848673947 0.37604166666666666 0.0358814352574103 0.3895833333333333
33 0.42745709828393136 0.7541666666666667 0.4383775351014041 0.790625 0.4368174726989079 0.8385416666666666 0.47269890795631825 0.8677083333333332 0.5226209048361935 0.8875 0.5553822152886115 0.8927083333333332 0.594383775351014 0.8927083333333332 0.6287051482059283 0.890625 0.6599063962558502 0.8833333333333332 0.6989079563182528 0.8625 0.7269890795631826 0.8322916666666667 0.7363494539781591 0.80625 0.7269890795631826 0.7708333333333333 0.6926677067082683 0.7239583333333333 0.6458658346333854 0.6947916666666666 0.5881435257410297 0.6885416666666666 0.5070202808112325 0.734375 0.4695787831513261 0.7447916666666666 0.4305772230889236 0.7479166666666666 0.42745709828393136 0.7541666666666667
33 0.6957878315132605 0.721875 0.7238689547581904 0.7583333333333333 0.7394695787831513 0.7895833333333333 0.7815912636505461 0.8104166666666666 0.8252730109204368 0.81875 0.8736349453978158 0.815625 0.9297971918876755 0.7958333333333333 0.9625585023400938 0.76875 0.9812792511700469 0.7270833333333333 0.9719188767550703 0.68125 0.9578783151326054 0.6625 0.9360374414976599 0.6489583333333333 0.921996879875195 0.6520833333333333 0.8923556942277692 0.678125 0.8627145085803433 0.6947916666666666 0.811232449297972 0.7083333333333333 0.7659906396255851 0.7145833333333333 0.6957878315132605 0.7104166666666666 0.6957878315132605 0.721875
33 0.9750390015600624 0.33541666666666664 0.9344773790951638 0.34791666666666665 0.8876755070202809 0.35416666666666663 0.8346333853354133 0.3552083333333333 0.8533541341653667 0.39375 0.8549141965678627 0.44375 0.9297971918876755 0.478125 0.9531981279251169 0.46875 0.9984399375975039 0.4625 0.9968798751950079 0.321875 0.9750390015600624 0.33541666666666664
33 0 0.53125 0 0.678125 0.0374414976599064 0.6989583333333333 0.0702028081123245 0.7052083333333333 0.0904836193447738 0.66875 0.12324492979719189 0.6447916666666667 0.1544461778471139 0.6291666666666667 0.21372854914196568 0.621875 0.1965678627145086 0.5635416666666666 0.1357254290171607 0.5427083333333333 0.12168486739469579 0.5333333333333333 0.11856474258970359 0.5239583333333333 0.1060842433697348 0.525 0.0873634945397816 0.5041666666666667 0.046801872074883 0.5104166666666666 0.0093603744149766 0.5260416666666666 0 0.53125
33 0.6942277691107644 0.4458333333333333 0.7831513260530422 0.440625 0.8486739469578783 0.4458333333333333 0.8517940717628706 0.3958333333333333 0.8361934477379096 0.36875 0.8159126365054602 0.35104166666666664 0.7831513260530422 0.3427083333333333 0.7550702028081123 0.3895833333333333 0.6973478939157567 0.440625 0.6942277691107644 0.4458333333333333
33 0.9344773790951638 0.484375 0.9906396255850234 0.5447916666666666 0.9968798751950079 0.5708333333333333 0.9968798751950079 0.5833333333333333 0.982839313572543 0.5916666666666666 0.9500780031201248 0.6270833333333333 0.9438377535101404 0.64375 0.9500780031201248 0.6510416666666666 0.9984399375975039 0.6729166666666666 0.9984399375975039 0.4645833333333333 0.968798751950078 0.4666666666666666 0.9360374414976599 0.478125 0.9344773790951638 0.484375
33 0.6942277691107644 0.4458333333333333 0.7035881435257411 0.4458333333333333 0.7613104524180968 0.4395833333333333 0.8486739469578783 0.4458333333333333 0.8517940717628706 0.3958333333333333 0.8361934477379096 0.36875 0.8159126365054602 0.35104166666666664 0.7831513260530422 0.3427083333333333 0.7519500780031201 0.3958333333333333 0.6957878315132605 0.4427083333333333 0.6942277691107644 0.4458333333333333
33 0.2574102964118565 0.3572916666666667 0.3088923556942278 0.37604166666666666 0.37597503900156004 0.4197916666666666 0.3416536661466459 0.3677083333333333 0.34009360374414976 0.3416666666666667 0.36037441497659906 0.30104166666666665 0.38221528861154447 0.28125 0.3790951638065523 0.271875 0.3619344773790952 0.2645833333333333 0.31825273010920435 0.278125 0.26833073322932915 0.3052083333333333 0.2636505460218409 0.31666666666666665 0.2574102964118565 0.3572916666666667
33 0 0.4052083333333333 0.0124804992199688 0.44375 0.0421216848673947 0.4708333333333333 0.060842433697347896 0.475 0.0390015600624025 0.43125 0.0343213728549142 0.396875 0.0358814352574103 0.38541666666666663 0.0530421216848674 0.36354166666666665 0.07956318252730109 0.353125 0.1060842433697348 0.3489583333333333 0.1965678627145086 0.35104166666666664 0.2511700468018721 0.3572916666666667 0.26053042121684866 0.32291666666666663 0.2542901716068643 0.3114583333333333 0.2355694227769111 0.296875 0.1903276131045242 0.28229166666666666 0.1622464898595944 0.278125 0.12012480499219969 0.28125 0.0733229329173167 0.2927083333333333 0.0358814352574103 0.31354166666666666 0.0171606864274571 0.33125 0.0031201248049922 0.3614583333333333 0 0.4052083333333333
33 0.18876755070202808 0.27604166666666663 0.1965678627145086 0.28229166666666666 0.2542901716068643 0.30729166666666663 0.26521060842433697 0.3052083333333333 0.3244929797191888 0.271875 0.2995319812792512 0.2302083333333333 0.2667706708268331 0.2458333333333333 0.22776911076443057 0.25416666666666665 0.21996879875195008 0.2614583333333333 0.19500780031201248 0.26875 0.18876755070202808 0.27604166666666663
33 0.31201248049922 0.246875 0.3338533541341654 0.271875 0.3619344773790952 0.2614583333333333 0.34477379095163807 0.225 0.34789391575663026 0.17604166666666665 0.3244929797191888 0.1875 0.3073322932917317 0.21041666666666664 0.31201248049922 0.246875
33 0.7004680187207488 0.14479166666666665 0.7129485179407177 0.16979166666666665 0.717628705148206 0.20104166666666665 0.7613104524180968 0.175 0.8237129485179407 0.15833333333333333 0.8081123244929798 0.14375 0.7753510140405616 0.13333333333333333 0.7363494539781591 0.13125 0.7035881435257411 0.1375 0.7004680187207488 0.14479166666666665