22 0.58125 0.5828125 0.590625 0.584375 0.59375 0.5875 0.6140625 0.59375 0.6453125 0.6140625 0.6546875 0.6234375 0.6640625 0.6375 0.66875 0.653125 0.66875 0.6703125 0.665625 0.6765625 0.665625 0.6828125 0.6546875 0.696875 0.634375 0.7125 0.603125 0.7234375 0.5734375 0.7234375 0.559375 0.7203125 0.53125 0.709375 0.5296875 0.70625 0.521875 0.703125 0.51875 0.696875 0.5015625 0.6859375 0.490625 0.675 0.4796875 0.659375 0.4796875 0.6546875 0.4703125 0.6359375 0.46875 0.625 0.471875 0.60625 0.48125 0.5953125 0.5 0.58125 0.5078125 0.58125 0.5140625 0.578125 0.559375 0.578125 0.565625 0.58125 0.5796875 0.5828125
22 0.509375 0.409375 0.5421875 0.4203125 0.578125 0.440625 0.5921875 0.4546875 0.6 0.4703125 0.5984375 0.490625 0.5921875 0.5046875 0.5828125 0.5171875 0.5671875 0.5296875 0.5625 0.5296875 0.55 0.5359375 0.53125 0.5390625 0.5109375 0.5390625 0.4796875 0.5328125 0.46875 0.515625 0.453125 0.5 0.4484375 0.4984375 0.4359375 0.4859375 0.4171875 0.475 0.4015625 0.45625 0.4015625 0.44375 0.40625 0.434375 0.415625 0.4265625 0.4359375 0.4171875 0.44375 0.4109375 0.4578125 0.4078125 0.503125 0.4078125 0.5078125 0.409375
22 0.6796875 0.4953125 0.7234375 0.5015625 0.7265625 0.5046875 0.73125 0.5046875 0.759375 0.5171875 0.7640625 0.5234375 0.7703125 0.525 0.7796875 0.534375 0.790625 0.5515625 0.790625 0.578125 0.7796875 0.5953125 0.76875 0.60625 0.7546875 0.615625 0.7484375 0.61875 0.73125 0.6203125 0.7234375 0.6234375 0.6984375 0.6234375 0.690625 0.6203125 0.665625 0.61875 0.6546875 0.615625 0.621875 0.59375 0.596875 0.5828125 0.5875 0.5734375 0.5734375 0.5484375 0.575 0.5296875 0.59375 0.5109375 0.60625 0.5046875 0.6359375 0.496875 0.678125 0.4953125
22 0.3796875 0.625 0.396875 0.628125 0.4109375 0.634375 0.425 0.6375 0.4453125 0.6484375 0.475 0.675 0.4890625 0.7015625 0.490625 0.7140625 0.4890625 0.7359375 0.478125 0.753125 0.465625 0.7640625 0.4625 0.7640625 0.4546875 0.7703125 0.4375 0.7765625 0.4265625 0.778125 0.3859375 0.7765625 0.3796875 0.7734375 0.3734375 0.7734375 0.3546875 0.7640625 0.353125 0.7609375 0.3359375 0.75 0.3234375 0.7359375 0.3234375 0.7328125 0.3125 0.7171875 0.30625 0.7 0.3046875 0.671875 0.309375 0.6546875 0.334375 0.63125 0.35625 0.63125 0.378125 0.625
22 0.921875 0.528125 0.946875 0.534375 0.9484375 0.5375 0.9640625 0.54375 0.975 0.5515625 0.9984375 0.578125 0.9984375 0.634375 0.996875 0.6359375 0.9984375 0.665625 0.9890625 0.6765625 0.965625 0.690625 0.9609375 0.690625 0.9578125 0.69375 0.9515625 0.69375 0.946875 0.696875 0.9296875 0.696875 0.928125 0.6984375 0.9015625 0.696875 0.8953125 0.69375 0.8890625 0.69375 0.884375 0.690625 0.875 0.6890625 0.8609375 0.6796875 0.84375 0.6625 0.84375 0.6578125 0.834375 0.6421875 0.834375 0.625 0.8328125 0.6234375 0.834375 0.5984375 0.84375 0.5765625 0.8546875 0.5609375 0.8796875 0.540625 0.9 0.53125 0.9203125 0.528125
22 0.803125 0.6484375 0.821875 0.6578125 0.8234375 0.6609375 0.8296875 0.6640625 0.85 0.690625 0.8578125 0.715625 0.8578125 0.7421875 0.853125 0.759375 0.846875 0.765625 0.8421875 0.7765625 0.8203125 0.796875 0.8015625 0.8078125 0.790625 0.8109375 0.734375 0.809375 0.7171875 0.803125 0.6984375 0.790625 0.6890625 0.7796875 0.68125 0.759375 0.68125 0.728125 0.6921875 0.696875 0.709375 0.6765625 0.7109375 0.671875 0.721875 0.6640625 0.725 0.6640625 0.7296875 0.659375 0.7515625 0.6484375 0.7578125 0.6484375 0.7625 0.6453125 0.7953125 0.6453125 0.8015625 0.6484375
49 0 0.6279306829765545 0.03532608695652174 0.6636085626911316 0.04891304347826087 0.7013251783893986 0.07065217391304349 0.7298674821610602 0.09375 0.7431192660550459 0.11005434782608696 0.7471967380224261 0.1644021739130435 0.7471967380224261 0.19293478260869565 0.7410805300713558 0.22282608695652173 0.7166156982670745 0.25135869565217395 0.6687054026503568 0.25815217391304346 0.6646279306829765 0.29891304347826086 0.6523955147808359 0.33967391304347827 0.6269113149847094 0.41440217391304346 0.6167176350662589 0.45244565217391297 0.6075433231396534 0.47146739130434784 0.598369011213048 0.4891304347826087 0.581039755351682 0.4932065217391304 0.5565749235474006 0.46603260869565216 0.5178389398572885 0.39402173913043476 0.454638124362895 0.35507201086956525 0.4264352701325179 0.27989130434782605 0.32415902140672787 0.25 0.29867482161060144 0.23097826086956524 0.29663608562691135 0.21331521739130435 0.30275229357798167 0.002717391304347826 0.4077471967380224 0 0.6279306829765545
4 0.4741847826086956 0.38634046890927626 0.47010869565217395 0.4046890927624872 0.5081521739130435 0.40672782874617736 0.5434782608695652 0.41692150866462796 0.577445652173913 0.3873598369011213 0.5815217391304348 0.35983690112130484 0.5665760869565217 0.3414882772680938 0.5489130434782609 0.3312945973496432 0.5271739130434783 0.3302752293577982 0.5 0.3363914373088685 0.47146739130434784 0.35677879714576965 0.4741847826086956 0.38634046890927626
4 0.360054347826087 0.40366972477064217 0.36820652173913043 0.4118246687054027 0.4116847826086956 0.4240570846075434 0.4633152173913043 0.4046890927624872 0.47146739130434784 0.3893985728848114 0.47010869565217395 0.36595310907237516 0.44021739130434784 0.3425076452599388 0.41983695652173914 0.33741080530071355 0.3858695652173913 0.35474006116207957 0.36141304347826086 0.3904179408766565 0.360054347826087 0.40366972477064217
4 0.5828804347826086 0.3781855249745158 0.5733695652173914 0.39551478083588176 0.5448369565217391 0.41794087665647306 0.5883152173913043 0.4454638124362895 0.6331521739130435 0.40672782874617736 0.639945652173913 0.382262996941896 0.6372282608695652 0.37410805300713557 0.6168478260869565 0.3577981651376147 0.5964673913043479 0.3577981651376147 0.5842391304347826 0.36289500509684 0.5828804347826086 0.3781855249745158
4 0.6426630434782609 0.39143730886850153 0.6345108695652174 0.40672782874617736 0.6046195652173914 0.4332313965341489 0.5855978260869565 0.44036697247706424 0.6005434782608695 0.45871559633027525 0.626358695652174 0.4658511722731906 0.6630434782608695 0.44954128440366975 0.686141304347826 0.4301732925586137 0.6942934782608695 0.4148827726809379 0.6942934782608695 0.3975535168195719 0.6793478260869565 0.381243628950051 0.6657608695652174 0.3720693170234455 0.639945652173913 0.3730886850152905 0.6426630434782609 0.39143730886850153
4 0.6970108695652174 0.41080530071355764 0.6875 0.4301732925586137 0.6630434782608695 0.4505606523955148 0.626358695652174 0.4658511722731906 0.6467391304347826 0.4831804281345565 0.6779891304347826 0.47604485219164117 0.7038043478260869 0.4648318042813456 0.7241847826086956 0.4475025484199796 0.7404891304347826 0.41794087665647306 0.7051630434782609 0.3904179408766565 0.6942934782608695 0.3904179408766565 0.6970108695652174 0.41080530071355764
4 0.7296195652173914 0.44240570846075433 0.7038043478260869 0.4658511722731906 0.6630434782608695 0.4801223241590214 0.6426630434782609 0.4801223241590214 0.654891304347826 0.4913353720693171 0.7228260869565217 0.49847094801223246 0.7527173913043479 0.47604485219164117 0.764945652173913 0.4566768603465851 0.764945652173913 0.44648318042813456 0.7595108695652174 0.4322120285423038 0.7459239130434783 0.4189602446483181 0.7377717391304348 0.41692150866462796 0.7296195652173914 0.44240570846075433
4 0.763586956521739 0.43730886850152906 0.764945652173913 0.4597349643221203 0.7432065217391304 0.4852191641182467 0.720108695652174 0.4974515800203874 0.7567934782608695 0.5096839959225281 0.78125 0.5005096839959225 0.8057065217391305 0.4841997961264016 0.8192934782608695 0.46075433231396534 0.8192934782608695 0.4444444444444445 0.8111413043478259 0.4322120285423038 0.78125 0.4159021406727829 0.763586956521739 0.41386340468909283 0.748641304347826 0.4209989806320082 0.763586956521739 0.43730886850152906
4 0.7608695652173914 0.5147808358817534 0.7771739130434783 0.527013251783894 0.8029891304347826 0.5331294597349643 0.8519021739130433 0.5229357798165137 0.8709239130434783 0.5045871559633028 0.8790760869565217 0.47910295616717635 0.8695652173913043 0.45565749235474007 0.8396739130434783 0.43832823649337416 0.8192934782608695 0.43527013251783897 0.8206521739130433 0.4597349643221203 0.8057065217391305 0.4862385321100918 0.7622282608695652 0.5107033639143731 0.7608695652173914 0.5147808358817534
4 0.875 0.5198776758409787 0.8858695652173912 0.5321100917431193 0.9279891304347826 0.527013251783894 0.9714673913043479 0.5443425076452599 0.9986413043478259 0.5290519877675841 0.9986413043478259 0.46381243628950053 0.9864130434782608 0.45565749235474007 0.9538043478260869 0.4475025484199796 0.9157608695652174 0.4505606523955148 0.888586956521739 0.46687054026503566 0.8763586956521738 0.490316004077472 0.875 0.5198776758409787
4 0.42119565217391297 0.3343527013251784 0.4592391304347826 0.35270132517838937 0.4728260869565217 0.3516819571865443 0.4850543478260869 0.3414882772680938 0.46739130434782605 0.3190621814475026 0.4646739130434782 0.2996941896024465 0.43614130434782605 0.2945973496432212 0.41983695652173914 0.31600407747196735 0.42119565217391297 0.3343527013251784
4 0.46875 0.31702344546381245 0.48641304347826086 0.33741080530071355 0.5190217391304348 0.32925586136595314 0.5475543478260869 0.327217125382263 0.5394021739130435 0.3221202854230377 0.5271739130434783 0.3007135575942915 0.5339673913043479 0.27217125382262997 0.5258152173913043 0.26809378185524974 0.5054347826086956 0.2670744138634047 0.4932065217391304 0.2711518858307849 0.47010869565217395 0.29357798165137616 0.46875 0.31702344546381245
4 0.5285326086956521 0.3058103975535168 0.5394021739130435 0.32619775739041795 0.5665760869565217 0.3363914373088685 0.5842391304347826 0.33843017329255864 0.5855978260869565 0.33231396534148827 0.5720108695652174 0.3109072375127421 0.5733695652173914 0.2884811416921509 0.5815217391304348 0.27420998980632005 0.6032608695652174 0.2579001019367992 0.5855978260869565 0.2507645259938838 0.5570652173913043 0.2579001019367992 0.5353260869565217 0.27420998980632005 0.529891304347826 0.28950050968399593 0.5285326086956521 0.3058103975535168
4 0.5733695652173914 0.3109072375127421 0.5869565217391304 0.33537206931702346 0.6154891304347826 0.345565749235474 0.638586956521739 0.34454638124362896 0.6413043478260869 0.3414882772680938 0.6304347826086956 0.33333333333333337 0.6222826086956521 0.31804281345565755 0.6222826086956521 0.28950050968399593 0.6290760869565217 0.27930682976554533 0.65625 0.25891946992864423 0.6413043478260869 0.2558613659531091 0.6100543478260869 0.2579001019367992 0.5869565217391304 0.2701325178389399 0.5733695652173914 0.28950050968399593 0.5733695652173914 0.3109072375127421
4 0.626358695652174 0.32415902140672787 0.639945652173913 0.34046890927624873 0.6535326086956521 0.3476044852191641 0.6535326086956521 0.3190621814475026 0.6657608695652174 0.3007135575942915 0.6875 0.2884811416921509 0.7214673913043479 0.28236493374108057 0.7092391304347826 0.26809378185524974 0.6752717391304348 0.25993883792048933 0.6508152173913043 0.2650356778797146 0.6304347826086956 0.2782874617737003 0.623641304347826 0.2915392456676861 0.626358695652174 0.32415902140672787
4 0.6535326086956521 0.33231396534148827 0.6603260869565217 0.35881753312945974 0.6725543478260869 0.3730886850152905 0.6956521739130435 0.381243628950051 0.6847826086956521 0.35372069317023447 0.688858695652174 0.327217125382263 0.7119565217391304 0.308868501529052 0.7445652173913043 0.30275229357798167 0.748641304347826 0.29867482161060144 0.7214673913043479 0.2854230377166157 0.688858695652174 0.28950050968399593 0.6725543478260869 0.29561671763506625 0.65625 0.31396534148827726 0.6535326086956521 0.33231396534148827
4 0.686141304347826 0.3486238532110092 0.6942934782608695 0.381243628950051 0.7309782608695652 0.40061162079510704 0.7350543478260869 0.3975535168195719 0.7309782608695652 0.36289500509684 0.7418478260869565 0.33843017329255864 0.764945652173913 0.3221202854230377 0.7866847826086956 0.31702344546381245 0.7663043478260869 0.30479102956167176 0.7296195652173914 0.3037716615698267 0.7105978260869565 0.30988786952089703 0.6915760869565217 0.32619775739041795 0.686141304347826 0.3486238532110092
4 0.7377717391304348 0.40061162079510704 0.7540760869565217 0.4128440366972478 0.7921195652173914 0.4159021406727829 0.782608695652174 0.3904179408766565 0.78125 0.363914373088685 0.7934782608695652 0.3435270132517839 0.8165760869565217 0.327217125382263 0.8029891304347826 0.3211009174311927 0.764945652173913 0.32415902140672787 0.7418478260869565 0.3394495412844037 0.7350543478260869 0.35474006116207957 0.7377717391304348 0.40061162079510704
4 0.7839673913043478 0.3893985728848114 0.796195652173913 0.41794087665647306 0.8396739130434783 0.42609582059123347 0.8315217391304348 0.39857288481141695 0.8342391304347826 0.3730886850152905 0.8464673913043479 0.3557594291539246 0.8668478260869564 0.3425076452599388 0.8804347826086957 0.34046890927624873 0.8804347826086957 0.3343527013251784 0.8600543478260869 0.327217125382263 0.8138586956521738 0.3302752293577982 0.796195652173913 0.3425076452599388 0.7839673913043478 0.35983690112130484 0.7839673913043478 0.3893985728848114
4 0.8355978260869564 0.41692150866462796 0.8233695652173912 0.41794087665647306 0.8206521739130433 0.42201834862385323 0.8559782608695652 0.436289500509684 0.8831521739130433 0.4413863404689093 0.8695652173913043 0.43527013251783897 0.8654891304347826 0.3873598369011213 0.8709239130434783 0.3700305810397554 0.9076086956521738 0.34454638124362896 0.8845108695652174 0.3394495412844037 0.8682065217391305 0.3414882772680938 0.8491847826086957 0.35270132517838937 0.8342391304347826 0.3730886850152905 0.8355978260869564 0.41692150866462796
4 0.8654891304347826 0.41386340468909283 0.8763586956521738 0.44036697247706424 0.9103260869565217 0.4485219164118247 0.9565217391304348 0.44240570846075433 0.9769021739130433 0.4189602446483181 0.982336956521739 0.39857288481141695 0.9782608695652174 0.36799184505606525 0.9646739130434783 0.3516819571865443 0.9415760869565217 0.34658511722731905 0.90625 0.345565749235474 0.8790760869565217 0.36187563710499493 0.8682065217391305 0.38022426095820594 0.8654891304347826 0.41386340468909283