33 0.646875 0 0.665625 0 0.6671875 0.003125 0.66875 0 0.709375 0 0.7109375 0.003125 0.7234375 0.003125 0.7421875 0.0125 0.7484375 0.0125 0.75625 0.01875 0.759375 0.01875 0.7796875 0.0375 0.7796875 0.040625 0.790625 0.0546875 0.790625 0.0609375 0.7953125 0.0734375 0.7953125 0.0921875 0.790625 0.1078125 0.7796875 0.125 0.778125 0.13125 0.771875 0.1359375 0.7703125 0.140625 0.765625 0.1421875 0.74375 0.1609375 0.740625 0.1609375 0.7375 0.165625 0.7078125 0.175 0.7046875 0.171875 0.7046875 0.1484375 0.696875 0.1296875 0.6734375 0.1109375 0.646875 0.1015625 0.628125 0.0984375 0.5734375 0.0953125 0.571875 0.09375 0.540625 0.09375 0.5375 0.090625 0.5421875 0.0671875 0.553125 0.0515625 0.5734375 0.0328125 0.5890625 0.021875 0.5921875 0.021875 0.59375 0.01875 0.6078125 0.0125 0.634375 0.003125 0.646875 0.0015625
33 0.575 0.0984375 0.5765625 0.1 0.634375 0.103125 0.6484375 0.10625 0.653125 0.109375 0.66875 0.1125 0.6859375 0.1234375 0.696875 0.1359375 0.7 0.15 0.7 0.171875 0.696875 0.184375 0.6859375 0.203125 0.6765625 0.2140625 0.6671875 0.21875 0.65 0.2359375 0.6171875 0.2578125 0.6046875 0.2625 0.5921875 0.275 0.584375 0.278125 0.578125 0.284375 0.5734375 0.284375 0.5546875 0.29375 0.55 0.2984375 0.54375 0.2984375 0.534375 0.3046875 0.5171875 0.309375 0.503125 0.3109375 0.4515625 0.309375 0.4421875 0.3125 0.4171875 0.3125 0.415625 0.3140625 0.3953125 0.3125 0.3578125 0.2953125 0.334375 0.278125 0.3328125 0.2734375 0.3203125 0.2609375 0.3125 0.2421875 0.309375 0.203125 0.3125 0.1859375 0.3171875 0.1765625 0.3234375 0.1703125 0.3234375 0.1671875 0.346875 0.14375 0.3765625 0.1234375 0.38125 0.1234375 0.396875 0.115625 0.421875 0.109375 0.4359375 0.103125 0.4609375 0.1 0.46875 0.096875 0.4890625 0.096875 0.490625 0.0953125 0.5359375 0.0953125 0.5375 0.096875 0.5734375 0.0984375
33 0.5 0.3140625 0.5078125 0.3171875 0.521875 0.3171875 0.5296875 0.3203125 0.5390625 0.3203125 0.5421875 0.3234375 0.5515625 0.3234375 0.5734375 0.334375 0.5875 0.3375 0.596875 0.34375 0.6046875 0.34375 0.6078125 0.346875 0.6234375 0.35 0.6265625 0.353125 0.63125 0.353125 0.6546875 0.3640625 0.6765625 0.3796875 0.703125 0.403125 0.7078125 0.4125 0.715625 0.4203125 0.7234375 0.4421875 0.7234375 0.4578125 0.7140625 0.4828125 0.703125 0.4953125 0.6875 0.503125 0.6765625 0.5125 0.671875 0.5125 0.6703125 0.515625 0.665625 0.515625 0.6546875 0.521875 0.6296875 0.5265625 0.6265625 0.5296875 0.6171875 0.5296875 0.6125 0.5328125 0.6015625 0.5328125 0.5921875 0.5359375 0.5765625 0.5359375 0.5578125 0.5390625 0.4859375 0.5359375 0.48125 0.5328125 0.4640625 0.5296875 0.4546875 0.5234375 0.4484375 0.5234375 0.440625 0.51875 0.4265625 0.515625 0.4171875 0.509375 0.396875 0.503125 0.3828125 0.4953125 0.3671875 0.4921875 0.3484375 0.48125 0.334375 0.46875 0.3171875 0.4453125 0.3125 0.4328125 0.3125 0.39375 0.3234375 0.365625 0.3375 0.3484375 0.3609375 0.334375 0.4140625 0.3171875 0.4328125 0.3171875 0.446875 0.3140625 0.4984375 0.3140625
33 0.2578125 0.16875 0.29375 0.1734375 0.309375 0.1796875 0.309375 0.1890625 0.3046875 0.2015625 0.3046875 0.2203125 0.3078125 0.2265625 0.3078125 0.2375 0.3125 0.2625 0.25 0.2625 0.228125 0.2578125 0.209375 0.2578125 0.2015625 0.2546875 0.1734375 0.2546875 0.15625 0.2578125 0.146875 0.2625 0.134375 0.278125 0.13125 0.2859375 0.13125 0.3015625 0.1265625 0.325 0.1234375 0.3234375 0.1203125 0.325 0.1171875 0.321875 0.10625 0.321875 0.0875 0.309375 0.075 0.2953125 0.0734375 0.2890625 0.0625 0.278125 0.0625 0.275 0.05625 0.2671875 0.053125 0.2609375 0.053125 0.23125 0.0625 0.2125 0.071875 0.20625 0.075 0.2 0.0984375 0.1859375 0.1015625 0.1859375 0.10625 0.18125 0.1328125 0.175 0.1421875 0.1703125 0.1546875 0.1703125 0.1625 0.1671875 0.2484375 0.1671875 0.25625 0.16875
33 0.1484375 0.3609375 0.178125 0.390625 0.2125 0.4109375 0.215625 0.4109375 0.221875 0.4171875 0.23125 0.421875 0.2390625 0.44375 0.2390625 0.4546875 0.2171875 0.4984375 0.2 0.509375 0.196875 0.509375 0.190625 0.515625 0.1875 0.515625 0.1828125 0.521875 0.1625 0.5359375 0.1453125 0.5421875 0.11875 0.546875 0.059375 0.5453125 0.03125 0.5375 0 0.521875 0 0.40625 0.021875 0.3875 0.0328125 0.38125 0.075 0.3640625 0.0828125 0.3640625 0.1 0.3578125 0.115625 0.35625 0.14375 0.3578125 0.146875 0.3609375
33 0.2015625 0.2578125 0.203125 0.259375 0.225 0.259375 0.2328125 0.2625 0.2484375 0.2640625 0.3171875 0.265625 0.321875 0.2671875 0.334375 0.2828125 0.3578125 0.3 0.3953125 0.3171875 0.3796875 0.325 0.365625 0.328125 0.3328125 0.346875 0.3171875 0.3703125 0.3109375 0.384375 0.3109375 0.3921875 0.3078125 0.396875 0.3078125 0.41875 0.30625 0.425 0.3 0.4296875 0.275 0.428125 0.25 0.41875 0.2421875 0.41875 0.2390625 0.415625 0.234375 0.415625 0.21875 0.409375 0.2171875 0.40625 0.209375 0.4046875 0.2078125 0.4015625 0.1875 0.3921875 0.1859375 0.3890625 0.1703125 0.378125 0.146875 0.3546875 0.146875 0.3515625 0.1375 0.3421875 0.1328125 0.325 0.134375 0.2859375 0.1375 0.2765625 0.1484375 0.2640625 0.1578125 0.259375 0.178125 0.25625 0.2 0.2578125
33 0.0734375 0.165625 0.096875 0.1703125 0.103125 0.1734375 0.10625 0.178125 0.1 0.184375 0.084375 0.190625 0.0734375 0.1984375 0.0546875 0.2203125 0.05 0.240625 0.0515625 0.265625 0.0609375 0.2765625 0.0640625 0.284375 0.06875 0.2875 0.0734375 0.2984375 0.0875 0.3140625 0.090625 0.3140625 0.0984375 0.3203125 0.1 0.325 0.0953125 0.3296875 0.084375 0.3328125 0.0671875 0.3421875 0.0328125 0.3515625 0.0171875 0.3515625 0.015625 0.353125 0 0.3515625 0 0.1703125 0.0296875 0.165625 0.071875 0.165625
33 0.321875 0.4890625 0.3234375 0.490625 0.340625 0.490625 0.3484375 0.49375 0.3578125 0.49375 0.3625 0.496875 0.3703125 0.496875 0.375 0.5 0.39375 0.5046875 0.403125 0.5109375 0.415625 0.5140625 0.43125 0.5234375 0.440625 0.525 0.478125 0.54375 0.4796875 0.546875 0.4890625 0.5484375 0.490625 0.5515625 0.5375 0.575 0.54375 0.58125 0.546875 0.58125 0.5671875 0.5953125 0.578125 0.6109375 0.58125 0.625 0.578125 0.64375 0.571875 0.6546875 0.5703125 0.6625 0.5484375 0.6859375 0.5171875 0.70625 0.503125 0.7125 0.49375 0.7140625 0.484375 0.7203125 0.4765625 0.7203125 0.471875 0.7234375 0.4484375 0.7296875 0.4375 0.7296875 0.4296875 0.7328125 0.4171875 0.7328125 0.4046875 0.7359375 0.353125 0.7328125 0.346875 0.7296875 0.315625 0.7265625 0.309375 0.7234375 0.3015625 0.7234375 0.2796875 0.7171875 0.275 0.7140625 0.2625 0.7125 0.2375 0.703125 0.234375 0.7 0.2296875 0.7 0.228125 0.696875 0.215625 0.69375 0.1984375 0.684375 0.1703125 0.6625 0.153125 0.6328125 0.1515625 0.6171875 0.153125 0.6078125 0.15625 0.603125 0.15625 0.59375 0.1625 0.5765625 0.1671875 0.54375 0.1828125 0.525 0.1859375 0.525 0.1890625 0.5203125 0.2140625 0.5046875 0.234375 0.496875 0.2453125 0.496875 0.26875 0.490625 0.3203125 0.4890625
33 0.5067934782608695 0.5524974515800204 0.5570652173913043 0.5830784913353722 0.5760869565217391 0.599388379204893 0.5842391304347826 0.617737003058104 0.577445652173913 0.654434250764526 0.5828804347826086 0.6636085626911316 0.6168478260869565 0.6799184505606524 0.6725543478260869 0.6941896024464832 0.748641304347826 0.6962283384301733 0.7989130434782609 0.6829765545361876 0.8192934782608695 0.6676860346585117 0.830163043478261 0.6493374108053007 0.8641304347826086 0.6187563710499491 0.8722826086956521 0.6024464831804281 0.8709239130434783 0.5718654434250765 0.8451086956521738 0.5341488277268094 0.794836956521739 0.5025484199796126 0.7418478260869565 0.4882772680937819 0.7133152173913043 0.48725790010193687 0.6657608695652174 0.5198776758409787 0.6114130434782609 0.5361875637104995 0.5747282608695652 0.5412844036697247 0.5067934782608695 0.5433231396534148 0.5067934782608695 0.5524974515800204
33 0.6657608695652174 0.36799184505606525 0.702445652173913 0.399592252803262 0.7228260869565217 0.42915392456676865 0.7282608695652174 0.4454638124362895 0.7241847826086956 0.472986748216106 0.732336956521739 0.4801223241590214 0.8111413043478259 0.5076452599388379 0.8328804347826086 0.5005096839959225 0.8668478260869564 0.47808358817533125 0.8858695652173912 0.45769622833843016 0.9008152173913043 0.43119266055045874 0.9089673913043479 0.40061162079510704 0.9103260869565217 0.34964322120285424 0.90625 0.33333333333333337 0.888586956521739 0.3037716615698267 0.8641304347826086 0.28236493374108057 0.8179347826086957 0.2640163098878695 0.7608695652173914 0.25891946992864423 0.7309782608695652 0.2650356778797146 0.6834239130434783 0.3017329255861366 0.6657608695652174 0.3425076452599388 0.6657608695652174 0.36799184505606525
33 0.9089673913043479 0.4159021406727829 0.888586956521739 0.45769622833843016 0.8682065217391305 0.47910295616717635 0.8233695652173912 0.5117227319062182 0.8600543478260869 0.5484199796126401 0.8831521739130433 0.6004077471967381 0.919836956521739 0.6136595310907238 0.9877717391304348 0.6126401630988787 0.9986413043478259 0.6044852191641182 0.9986413043478259 0.35372069317023447 0.9796195652173912 0.34658511722731905 0.9497282608695652 0.34454638124362896 0.9144021739130433 0.35474006116207957 0.9089673913043479 0.4159021406727829
33 0.5366847826086956 0.09174311926605505 0.6426630434782609 0.1019367991845056 0.6630434782608695 0.1070336391437309 0.6807065217391304 0.11722731906218145 0.701086956521739 0.13965341488277266 0.702445652173913 0.17635066258919468 0.7377717391304348 0.1651376146788991 0.763586956521739 0.14576962283384304 0.782608695652174 0.1233435270132518 0.794836956521739 0.09785932721712538 0.7934782608695652 0.06422018348623854 0.7785326086956521 0.03669724770642202 0.748641304347826 0.01325178389398573 0.7105978260869565 0 0.6440217391304348 0 0.6100543478260869 0.011213047910295617 0.5692934782608695 0.03567787971457696 0.5407608695652174 0.07033639143730888 0.5366847826086956 0.09174311926605505
33 0.7119565217391304 0.1906218144750255 0.7119565217391304 0.2140672782874618 0.7038043478260869 0.23955147808358818 0.6942934782608695 0.2528032619775739 0.6467391304347826 0.28746177370030584 0.6426630434782609 0.2925586136595311 0.6480978260869565 0.3007135575942915 0.6779891304347826 0.30275229357798167 0.7133152173913043 0.2711518858307849 0.75 0.2579001019367992 0.7975543478260869 0.25891946992864423 0.8491847826086957 0.2691131498470948 0.8586956521739131 0.2507645259938838 0.861413043478261 0.21304791029561673 0.8396739130434783 0.18450560652395515 0.8179347826086957 0.17329255861365953 0.7527173913043479 0.16615698267074414 0.7269021739130435 0.1712538226299694 0.7065217391304348 0.18144750254842 0.7119565217391304 0.1906218144750255
33 0.8600543478260869 0.2528032619775739 0.8505434782608695 0.27217125382262997 0.8858695652173912 0.29561671763506625 0.9442934782608695 0.3109072375127421 0.9769021739130433 0.3312945973496432 0.9796195652173912 0.3394495412844037 0.9891304347826086 0.345565749235474 0.9986413043478259 0.31702344546381245 0.9986413043478259 0.25993883792048933 0.9755434782608695 0.22018348623853212 0.955163043478261 0.20795107033639146 0.9048913043478259 0.20081549439347604 0.8641304347826086 0.20897043832823653 0.8600543478260869 0.2528032619775739
33 0.7703804347826086 0.1416921508664628 0.7391304347826086 0.1651376146788991 0.8165760869565217 0.17227319062181448 0.8396739130434783 0.1834862385321101 0.8600543478260869 0.20489296636085624 0.8940217391304348 0.199796126401631 0.8899456521739131 0.1712538226299694 0.8654891304347826 0.1345565749235474 0.8478260869565217 0.12130479102956168 0.8125 0.109072375127421 0.7921195652173914 0.1070336391437309 0.7703804347826086 0.1416921508664628
33 0.22282608695652173 0.4974515800203874 0.2839673913043478 0.48725790010193687 0.35190217391304346 0.4882772680937819 0.3247282608695652 0.4617737003058104 0.31114130434782605 0.43730886850152906 0.3043478260869565 0.4342507645259939 0.2866847826086957 0.43527013251783897 0.2527173913043478 0.4475025484199796 0.2391304347826087 0.4597349643221203 0.2296195652173913 0.47808358817533125 0.22282608695652173 0.4974515800203874
33 0.5434782608695652 0.32008154943934763 0.6589673913043479 0.36289500509684 0.6779891304347826 0.3068297655453619 0.6154891304347826 0.3058103975535168 0.5434782608695652 0.3149847094801223 0.5434782608695652 0.32008154943934763