6 0.5359375 0.5203125 0.540625 0.521875 0.5421875 0.528125 0.5296875 0.5375 0.515625 0.5375 0.5125 0.534375 0.5125 0.5296875 0.521875 0.521875 0.534375 0.5203125
6 0.2703125 0.51875 0.275 0.5234375 0.2734375 0.5328125 0.25 0.5421875 0.240625 0.5421875 0.2359375 0.5359375 0.2515625 0.521875 0.26875 0.51875
6 0.55 0.5 0.553125 0.503125 0.5640625 0.50625 0.56875 0.5109375 0.56875 0.5171875 0.5640625 0.5203125 0.5515625 0.5203125 0.54375 0.5171875 0.5390625 0.5125 0.5375 0.5046875 0.54375 0.5 0.5484375 0.5
6 0.421875 0.678125 0.4265625 0.6796875 0.4328125 0.6859375 0.43125 0.69375 0.4265625 0.7 0.421875 0.7015625 0.4078125 0.7015625 0.403125 0.696875 0.40625 0.6859375 0.4203125 0.678125
6 0.4078125 0.415625 0.4109375 0.4203125 0.4078125 0.4265625 0.3921875 0.4265625 0.3859375 0.4234375 0.3796875 0.4234375 0.375 0.421875 0.3703125 0.415625 0.3703125 0.409375 0.3765625 0.40625 0.390625 0.40625 0.4 0.409375 0.40625 0.415625
6 0.4421875 0.5625 0.4515625 0.5640625 0.465625 0.5703125 0.4703125 0.575 0.4671875 0.584375 0.453125 0.5859375 0.4328125 0.5765625 0.43125 0.56875 0.4359375 0.5640625 0.440625 0.5640625
6 0.465625 0.4640625 0.4671875 0.478125 0.4640625 0.484375 0.4578125 0.4875 0.4515625 0.4875 0.4453125 0.484375 0.44375 0.4765625 0.4453125 0.46875 0.4546875 0.4625 0.4640625 0.4640625
6 0.415625 0.5796875 0.41875 0.5828125 0.41875 0.590625 0.409375 0.5953125 0.3921875 0.59375 0.3859375 0.590625 0.384375 0.5859375 0.3875 0.58125 0.3984375 0.578125 0.4140625 0.5796875
6 0.1015625 0.4015625 0.103125 0.4125 0.0890625 0.421875 0.0796875 0.4234375 0.0640625 0.421875 0.0609375 0.41875 0.0625 0.4078125 0.08125 0.4 0.0984375 0.4 0.1 0.4015625
6 0.359375 0.534375 0.3640625 0.5375 0.3640625 0.546875 0.359375 0.5515625 0.3453125 0.55625 0.321875 0.5546875 0.315625 0.55 0.3171875 0.54375 0.328125 0.5375 0.3421875 0.5375 0.35 0.534375 0.3578125 0.534375
6 0.4359375 0.3875 0.44375 0.39375 0.4421875 0.403125 0.4359375 0.4078125 0.4296875 0.4078125 0.421875 0.403125 0.4109375 0.390625 0.4109375 0.384375 0.4140625 0.38125 0.421875 0.38125 0.434375 0.3875
6 0.20625 0.6296875 0.2171875 0.6359375 0.2171875 0.6421875 0.196875 0.6515625 0.1890625 0.65 0.184375 0.6453125 0.1828125 0.6375 0.19375 0.6296875 0.2046875 0.6296875
6 0.45625 0.6125 0.4578125 0.6234375 0.4359375 0.634375 0.4296875 0.634375 0.425 0.63125 0.425 0.6234375 0.4390625 0.6140625 0.4546875 0.6125
6 0.2171875 0.553125 0.2265625 0.55625 0.2265625 0.5625 0.2171875 0.571875 0.2109375 0.575 0.2 0.575 0.1953125 0.578125 0.1859375 0.578125 0.18125 0.575 0.18125 0.56875 0.184375 0.5640625 0.1984375 0.5546875 0.215625 0.553125
6 0.3421875 0.58125 0.35625 0.5890625 0.35625 0.5984375 0.3515625 0.6046875 0.3453125 0.6078125 0.3328125 0.6078125 0.325 0.6 0.325 0.5921875 0.328125 0.5859375 0.340625 0.58125
6 0.4078125 0.6453125 0.4125 0.6484375 0.4140625 0.653125 0.409375 0.659375 0.4046875 0.6609375 0.3875 0.6578125 0.38125 0.6515625 0.38125 0.646875 0.396875 0.6390625 0.40625 0.6453125
6 0.41875 0.5546875 0.4265625 0.559375 0.4265625 0.5671875 0.409375 0.575 0.396875 0.571875 0.3921875 0.5671875 0.403125 0.55625 0.4109375 0.553125 0.4171875 0.5546875
6 0.4375 0.58125 0.453125 0.5859375 0.45625 0.5890625 0.4578125 0.5921875 0.4515625 0.5984375 0.446875 0.6 0.43125 0.5984375 0.4203125 0.5921875 0.421875 0.584375 0.428125 0.58125 0.4359375 0.58125
6 0.0859375 0.7234375 0.0921875 0.7265625 0.09375 0.7359375 0.0921875 0.740625 0.0828125 0.74375 0.0640625 0.7421875 0.059375 0.7375 0.059375 0.73125 0.0703125 0.7234375 0.084375 0.7234375
6 0.334375 0.6765625 0.334375 0.66875 0.340625 0.6625 0.3703125 0.6625 0.371875 0.66875 0.3640625 0.675 0.353125 0.678125 0.3421875 0.6796875 0.3359375 0.6765625
6 0.071875 0.5515625 0.0796875 0.55625 0.0796875 0.5640625 0.0734375 0.5703125 0.0578125 0.571875 0.0484375 0.5765625 0.0359375 0.575 0.0328125 0.571875 0.034375 0.5640625 0.04375 0.55625 0.0484375 0.55625 0.053125 0.553125 0.0703125 0.5515625
6 0.146875 0.478125 0.1546875 0.4828125 0.1578125 0.4921875 0.1546875 0.503125 0.15 0.50625 0.14375 0.50625 0.140625 0.509375 0.13125 0.5046875 0.1296875 0.490625 0.1359375 0.4796875 0.1453125 0.478125
6 0.5515625 0.5921875 0.5578125 0.596875 0.5609375 0.609375 0.5578125 0.615625 0.54375 0.61875 0.5359375 0.615625 0.5328125 0.609375 0.5328125 0.603125 0.5390625 0.5953125 0.55 0.5921875
6 0.2625 0.709375 0.26875 0.715625 0.2671875 0.721875 0.2484375 0.73125 0.2296875 0.73125 0.2234375 0.7265625 0.2234375 0.721875 0.240625 0.709375 0.2484375 0.7078125 0.2609375 0.709375
6 0.346875 0.496875 0.3515625 0.5046875 0.3484375 0.509375 0.340625 0.5125 0.309375 0.5125 0.303125 0.509375 0.303125 0.5 0.3140625 0.4953125 0.3453125 0.496875
6 0.4953125 0.528125 0.509375 0.540625 0.509375 0.546875 0.4984375 0.5546875 0.4859375 0.553125 0.4765625 0.5421875 0.475 0.5359375 0.4765625 0.5296875 0.48125 0.5265625 0.49375 0.528125
6 0.2296875 0.5890625 0.2359375 0.5921875 0.2390625 0.5984375 0.228125 0.6078125 0.203125 0.6171875 0.196875 0.615625 0.1921875 0.6109375 0.1921875 0.6046875 0.2 0.596875 0.2078125 0.59375 0.2125 0.5890625 0.21875 0.5875 0.228125 0.5890625
6 0.453125 0.4890625 0.4546875 0.4953125 0.4515625 0.4984375 0.446875 0.5015625 0.4375 0.503125 0.428125 0.503125 0.415625 0.4984375 0.4125 0.4921875 0.421875 0.4859375 0.4453125 0.4859375 0.4515625 0.4890625
6 0.1671875 0.446875 0.175 0.45 0.175 0.45625 0.1703125 0.4625 0.165625 0.4640625 0.1453125 0.4640625 0.140625 0.4609375 0.1390625 0.45625 0.14375 0.4484375 0.165625 0.446875
6 0.0703125 0.5734375 0.0734375 0.578125 0.0734375 0.5859375 0.065625 0.5953125 0.0625 0.5953125 0.0578125 0.6 0.046875 0.6 0.0421875 0.5953125 0.040625 0.5921875 0.0421875 0.5828125 0.0578125 0.5734375 0.06875 0.5734375
6 0.4953125 0.6578125 0.496875 0.659375 0.4953125 0.66875 0.478125 0.68125 0.465625 0.68125 0.459375 0.6734375 0.459375 0.66875 0.46875 0.659375 0.4796875 0.6546875 0.490625 0.6546875 0.49375 0.6578125
6 0.1953125 0.61875 0.196875 0.6234375 0.1953125 0.6265625 0.16875 0.640625 0.15625 0.640625 0.1484375 0.63125 0.15 0.625 0.159375 0.61875 0.165625 0.61875 0.178125 0.6140625 0.1890625 0.6140625 0.19375 0.61875
6 0.1546875 0.5078125 0.1625 0.5140625 0.1625 0.5265625 0.1546875 0.5375 0.146875 0.540625 0.1359375 0.5375 0.1296875 0.528125 0.1296875 0.5234375 0.1390625 0.5109375 0.1453125 0.5078125 0.153125 0.5078125
6 0.165625 0.421875 0.1765625 0.425 0.1796875 0.43125 0.1765625 0.4375 0.165625 0.44375 0.1578125 0.4453125 0.1421875 0.44375 0.1359375 0.4390625 0.1359375 0.4359375 0.146875 0.425 0.1640625 0.421875
6 0.1453125 0.415625 0.146875 0.421875 0.1453125 0.4265625 0.1328125 0.4375 0.121875 0.440625 0.115625 0.440625 0.1078125 0.43125 0.115625 0.4171875 0.1265625 0.4125 0.1375 0.4125 0.14375 0.415625
6 0.4171875 0.5 0.4265625 0.503125 0.43125 0.5078125 0.4328125 0.5125 0.4296875 0.5171875 0.396875 0.5171875 0.3953125 0.5140625 0.396875 0.5046875 0.415625 0.5
6 0.234375 0.684375 0.2390625 0.6875 0.2421875 0.696875 0.240625 0.7 0.23125 0.703125 0.2 0.7015625 0.19375 0.6953125 0.196875 0.690625 0.2078125 0.6875 0.2109375 0.684375 0.2171875 0.6828125 0.2328125 0.684375
6 0.2 0.465625 0.0328125 0.03046875
6 0.1203125 0.6875 0.1234375 0.6921875 0.1234375 0.7 0.1203125 0.703125 0.09375 0.7125 0.0796875 0.70625 0.0765625 0.7015625 0.0765625 0.6953125 0.0875 0.6875 0.096875 0.6859375 0.1171875 0.6859375 0.11875 0.6875
6 0.1953125 0.740625 0.2 0.7515625 0.2 0.75625 0.196875 0.759375 0.1734375 0.759375 0.16875 0.7578125 0.1640625 0.7515625 0.1671875 0.7421875 0.1734375 0.7359375 0.1921875 0.7375 0.19375 0.740625
6 0.3640625 0.69375 0.36875 0.696875 0.36875 0.7015625 0.3640625 0.70625 0.353125 0.709375 0.3328125 0.7078125 0.328125 0.703125 0.328125 0.7 0.3453125 0.69375 0.3625 0.69375
6 0.0453125 0.4578125 0.0484375 0.45625 0.0703125 0.4578125 0.0796875 0.4703125 0.0796875 0.478125 0.075 0.4796875 0.053125 0.478125 0.0421875 0.4671875 0.0421875 0.4625 0.0453125 0.459375
6 0.559375 0.5671875 0.5625 0.578125 0.5609375 0.5828125 0.5546875 0.5859375 0.54375 0.584375 0.5390625 0.578125 0.5390625 0.5734375 0.5421875 0.56875 0.5578125 0.5671875
6 0.2359375 0.6828125 0.2359375 0.6796875 0.24375 0.671875 0.2578125 0.6671875 0.2796875 0.66875 0.28125 0.671875 0.2796875 0.68125 0.25625 0.6875 0.240625 0.6859375 0.2375 0.6828125
6 0.0375 0.425 0.0453125 0.421875 0.053125 0.421875 0.0578125 0.4265625 0.0625 0.440625 0.0515625 0.4515625 0.0421875 0.4515625 0.0328125 0.446875 0.03125 0.4328125 0.0375 0.4265625
6 0.196875 0.4359375 0.19375 0.43125 0.1953125 0.425 0.209375 0.4140625 0.2171875 0.4140625 0.2234375 0.4203125 0.225 0.425 0.2203125 0.4328125 0.2140625 0.4375 0.1984375 0.4359375
6 0.003125 0.671875 0.009375 0.66875 0.0234375 0.66875 0.028125 0.6703125 0.03125 0.6765625 0.03125 0.6859375 0.028125 0.6921875 0.009375 0.69375 0 0.6890625 0 0.675 0.003125 0.6734375
6 0.1625 0.5984375 0.1703125 0.6015625 0.1859375 0.603125 0.1859375 0.609375 0.1828125 0.6125 0.165625 0.615625 0.15625 0.615625 0.146875 0.6109375 0.1421875 0.6046875 0.14375 0.6015625 0.15 0.5984375 0.1609375 0.5984375
6 0.54375 0.45859375 0.02421875 0.02421875
6 0.4015625 0.3703125 0.40625 0.3734375 0.4078125 0.3828125 0.4046875 0.3890625 0.3953125 0.396875 0.375 0.3953125 0.375 0.3796875 0.3890625 0.3703125 0.39375 0.36875 0.4 0.3703125
6 0.521875 0.59375 0.525 0.596875 0.525 0.6015625 0.5203125 0.6078125 0.509375 0.6125 0.4984375 0.6140625 0.4859375 0.6125 0.4828125 0.609375 0.484375 0.6015625 0.49375 0.5953125 0.5046875 0.5921875 0.5203125 0.59375
6 0.3796875 0.61875 0.3828125 0.621875 0.38125 0.63125 0.3703125 0.6375 0.3609375 0.6390625 0.353125 0.6375 0.3484375 0.6328125 0.35 0.628125 0.35625 0.621875 0.365625 0.6171875 0.378125 0.61875
6 0.18046875 0.52265625 0.03828125 0.02421875
6 0.30625 0.6109375 0.3140625 0.6140625 0.3171875 0.6203125 0.3109375 0.628125 0.3015625 0.6328125 0.2828125 0.6328125 0.275 0.6265625 0.275 0.6234375 0.2875 0.6125 0.3046875 0.6109375
6 0.2359375 0.38125 0.24375 0.384375 0.2546875 0.396875 0.25625 0.4046875 0.2515625 0.4078125 0.240625 0.4078125 0.23125 0.4046875 0.221875 0.396875 0.2203125 0.39375 0.221875 0.3859375 0.234375 0.38125
6 0.10625 0.6578125 0.1109375 0.6640625 0.109375 0.6703125 0.0921875 0.678125 0.075 0.68125 0.0640625 0.6765625 0.0640625 0.6703125 0.0671875 0.6671875 0.0703125 0.6671875 0.0734375 0.6625 0.0828125 0.6578125 0.0921875 0.65625 0.1046875 0.6578125
6 0.490625 0.4671875 0.4984375 0.4703125 0.5015625 0.4765625 0.5 0.4875 0.4953125 0.4921875 0.484375 0.4921875 0.4796875 0.4890625 0.478125 0.4859375 0.4796875 0.475 0.4890625 0.46875
6 0.3265625 0.6578125 0.3328125 0.6640625 0.3328125 0.675 0.321875 0.6828125 0.3140625 0.6828125 0.30625 0.678125 0.303125 0.6734375 0.303125 0.6625 0.3140625 0.6546875 0.321875 0.6546875 0.325 0.6578125
6 0.2328125 0.4390625 0.2421875 0.4484375 0.2421875 0.45625 0.2390625 0.4640625 0.23125 0.4671875 0.2203125 0.465625 0.209375 0.453125 0.2109375 0.4421875 0.2171875 0.4390625 0.23125 0.4390625
6 0.303125 0.58125 0.3078125 0.5859375 0.3078125 0.590625 0.3 0.5984375 0.28125 0.603125 0.271875 0.6015625 0.2703125 0.5984375 0.271875 0.5890625 0.284375 0.58125 0.3015625 0.58125
6 0.55 0.53125 0.55625 0.5375 0.5515625 0.546875 0.5328125 0.546875 0.53125 0.5453125 0.53125 0.5390625 0.534375 0.5359375 0.54375 0.53125 0.5484375 0.53125
6 0.45 0.6609375 0.45625 0.6625 0.4609375 0.678125 0.459375 0.684375 0.453125 0.6890625 0.446875 0.6890625 0.4421875 0.6859375 0.4375 0.68125 0.434375 0.671875 0.4390625 0.6625 0.4484375 0.6609375
6 0.23125 0.6515625 0.2359375 0.653125 0.2421875 0.6609375 0.2421875 0.6703125 0.2390625 0.675 0.23125 0.678125 0.2203125 0.6765625 0.209375 0.6640625 0.209375 0.6546875 0.2140625 0.6515625 0.2171875 0.65 0.2296875 0.6515625
6 0.4265625 0.51875 0.43125 0.521875 0.4328125 0.5296875 0.4234375 0.534375 0.396875 0.5328125 0.3921875 0.528125 0.3921875 0.5203125 0.425 0.51875
6 0.0265625 0.5484375 0.03125 0.5546875 0.0296875 0.5625 0.0171875 0.5703125 0.0046875 0.5734375 0 0.5734375 0 0.553125 0.0109375 0.5484375 0.025 0.5484375
6 0.428125 0.4203125 0.4359375 0.425 0.4359375 0.4390625 0.4265625 0.4484375 0.4171875 0.446875 0.4140625 0.440625 0.4140625 0.43125 0.4171875 0.421875 0.4265625 0.4203125
6 0.3546875 0.478125 0.359375 0.48125 0.359375 0.4859375 0.3484375 0.49375 0.3125 0.49375 0.3109375 0.490625 0.315625 0.4828125 0.3203125 0.4828125 0.3234375 0.4796875 0.3390625 0.475 0.346875 0.475 0.353125 0.478125
6 0.4578125 0.5125 0.465625 0.5140625 0.471875 0.51875 0.471875 0.525 0.46875 0.528125 0.4609375 0.5296875 0.4484375 0.5265625 0.4359375 0.5265625 0.43125 0.5203125 0.4328125 0.515625 0.4359375 0.5140625 0.45625 0.5125
6 0.5078125 0.428125 0.5203125 0.4375 0.5234375 0.4453125 0.5203125 0.4515625 0.509375 0.4515625 0.5 0.4453125 0.496875 0.4390625 0.496875 0.4328125 0.50625 0.428125
6 0.1953125 0.66875 0.2046875 0.6703125 0.2109375 0.6765625 0.2109375 0.6828125 0.196875 0.690625 0.1765625 0.690625 0.1703125 0.6859375 0.1703125 0.678125 0.1734375 0.675 0.18125 0.6703125 0.19375 0.66875
6 0.175 0.56875 0.18125 0.5734375 0.1875 0.584375 0.1875 0.59375 0.1859375 0.5984375 0.1828125 0.6 0.171875 0.6 0.15625 0.5921875 0.153125 0.571875 0.1609375 0.5671875 0.1734375 0.56875
6 0.35625 0.6421875 0.3734375 0.646875 0.375 0.65625 0.371875 0.659375 0.3375 0.659375 0.334375 0.6578125 0.3328125 0.6546875 0.334375 0.6453125 0.34375 0.6421875 0.3546875 0.6421875
6 0.5640625 0.4671875 0.578125 0.475 0.58125 0.4796875 0.58125 0.484375 0.578125 0.4875 0.5578125 0.484375 0.5453125 0.475 0.5453125 0.4703125 0.55 0.465625 0.5625 0.4671875
12 0.4307065217391305 0.11139896373056994 0.43478260869565216 0.12867012089810018 0.45516304347826086 0.15457685664939552 0.48097826086956524 0.17098445595854922 0.5230978260869565 0.18566493955094993 0.5543478260869565 0.18825561312607947 0.5964673913043479 0.18221070811744386 0.6127717391304348 0.17271157167530224 0.6290760869565217 0.15112262521588946 0.626358695652174 0.12867012089810018 0.6127717391304348 0.11053540587219343 0.5842391304347826 0.08981001727115717 0.5502717391304348 0.07426597582037997 0.5108695652173914 0.07167530224525043 0.4728260869565217 0.07772020725388601 0.4538043478260869 0.08549222797927461 0.43478260869565216 0.10535405872193437 0.4307065217391305 0.11139896373056994
12 0.6671195652173914 0.37305699481865284 0.6915760869565217 0.3946459412780656 0.7133152173913043 0.40414507772020725 0.7377717391304348 0.4084628670120898 0.78125 0.40069084628670126 0.9809782608695652 0.3341968911917098 0.9986413043478259 0.32124352331606215 0.9986413043478259 0.27461139896373055 0.9932065217391305 0.27461139896373055 0.9877717391304348 0.2547495682210708 0.9918478260869564 0.2504317789291882 0.9646739130434783 0.22884283246977546 0.9252717391304348 0.2150259067357513 0.8831521739130433 0.21243523316062177 0.8586956521739131 0.21761658031088085 0.8315217391304348 0.2305699481865285 0.6739130434782609 0.3298791018998273 0.6644021739130435 0.3436960276338515 0.6671195652173914 0.37305699481865284
49 0.20652173913043476 0.7694300518134715 0.21739130434782608 0.7892918825561313 0.23097826086956524 0.7944732297063903 0.26358695652173914 0.7910189982728844 0.391304347826087 0.7590673575129534 0.45244565217391297 0.7487046632124352 0.5081521739130435 0.7322970639032815 0.5665760869565217 0.7020725388601037 0.5720108695652174 0.6934369602763385 0.5665760869565217 0.6640759930915372 0.5353260869565217 0.6312607944732297 0.5190217391304348 0.6243523316062176 0.514945652173913 0.6329879101899827 0.5203804347826086 0.6623488773747841 0.501358695652174 0.6701208981001727 0.5040760869565217 0.6796200345423143 0.46603260869565216 0.7046632124352332 0.4538043478260869 0.7089810017271156 0.44565217391304346 0.7081174438687392 0.4415760869565217 0.7124352331606219 0.43478260869565216 0.7098445595854923 0.40760869565217395 0.7115716753022452 0.40760869565217395 0.7150259067357513 0.37907608695652173 0.729706390328152 0.3654891304347826 0.7288428324697754 0.360054347826087 0.7366148531951641 0.3491847826086957 0.7409326424870466 0.3342391304347826 0.7409326424870466 0.25815217391304346 0.7547495682210708 0.24592391304347827 0.7521588946459412 0.22010869565217392 0.7366148531951641 0.20923913043478262 0.7348877374784111 0.20652173913043476 0.7374784110535406 0.20652173913043476 0.7694300518134715
49 0.11548913043478262 0.5500863557858376 0.13994565217391303 0.5587219343696027 0.1576086956521739 0.5552677029360967 0.1644021739130435 0.5492227979274611 0.15081521739130435 0.5474956822107081 0.1263586956521739 0.5328151986183074 0.12364130434782608 0.5215889464594128 0.10869565217391304 0.5129533678756477 0.10190217391304349 0.5 0.11548913043478262 0.5500863557858376
49 0.28532608695652173 0.30915371329879104 0.39402173913043476 0.33333333333333337 0.3980978260869565 0.3316062176165803 0.38858695652173914 0.3177892918825561 0.37228260869565216 0.3065630397236615 0.3233695652173913 0.29965457685664937 0.2907608695652174 0.30310880829015546 0.28532608695652173 0.30915371329879104
49 0.024456521739130436 0.3678756476683938 0.05570652173913043 0.40932642487046633 0.0625 0.3903281519861831 0.06114130434782609 0.3687392055267703 0.07472826086956522 0.3557858376511226 0.10054347826086955 0.3436960276338515 0.11141304347826086 0.3307426597582038 0.04483695652173913 0.33333333333333337 0.03125 0.33678756476683935 0.020380434782608696 0.3471502590673575 0.024456521739130436 0.3678756476683938