6 0.4578125 0.3171875 0.4671875 0.3234375 0.46875 0.3265625 0.4671875 0.3328125 0.4265625 0.340625 0.4109375 0.3390625 0.4171875 0.3296875 0.4421875 0.3171875 0.45625 0.3171875
6 0.2875 0.5609375 0.3015625 0.5734375 0.303125 0.58125 0.3015625 0.5859375 0.2875 0.596875 0.26875 0.596875 0.2359375 0.5890625 0.23125 0.5859375 0.23125 0.58125 0.240625 0.571875 0.246875 0.5703125 0.25 0.565625 0.265625 0.5578125 0.2796875 0.5578125 0.2859375 0.5609375
6 0.6578125 0.384375 0.6734375 0.3875 0.6859375 0.3984375 0.6859375 0.409375 0.6671875 0.41875 0.6515625 0.41875 0.640625 0.415625 0.6375 0.4125 0.6296875 0.4125 0.625 0.409375 0.6171875 0.3984375 0.6171875 0.39375 0.6328125 0.3875 0.6453125 0.384375 0.65625 0.384375
6 0.5921875 0.340625 0.59375 0.34375 0.5984375 0.34375 0.60625 0.3484375 0.6078125 0.365625 0.6046875 0.36875 0.596875 0.36875 0.5890625 0.3609375 0.5734375 0.359375 0.5625 0.3546875 0.559375 0.3484375 0.5609375 0.340625 0.5703125 0.3375 0.58125 0.3375 0.590625 0.340625
6 0.228125 0.5203125 0.2390625 0.525 0.240625 0.5390625 0.2375 0.5453125 0.21875 0.553125 0.2171875 0.55625 0.203125 0.55625 0.1921875 0.553125 0.178125 0.54375 0.178125 0.5375 0.1875 0.528125 0.2 0.521875 0.2265625 0.5203125
6 0.56875 0.3265625 0.571875 0.328125 0.571875 0.334375 0.55625 0.3390625 0.5140625 0.3390625 0.5109375 0.334375 0.525 0.328125 0.5390625 0.3265625 0.546875 0.3234375 0.5609375 0.3234375 0.5671875 0.3265625
6 0.6046875 0.45625 0.6140625 0.4578125 0.61875 0.4609375 0.621875 0.4640625 0.621875 0.471875 0.609375 0.4859375 0.596875 0.4921875 0.584375 0.4921875 0.5734375 0.4859375 0.5625 0.475 0.5609375 0.4640625 0.5625 0.4609375 0.5765625 0.4578125 0.603125 0.45625
6 0.56875 0.559375 0.571875 0.5609375 0.578125 0.5734375 0.5765625 0.58125 0.56875 0.5859375 0.5609375 0.5859375 0.54375 0.5921875 0.5359375 0.5921875 0.503125 0.6 0.490625 0.6 0.4890625 0.5953125 0.490625 0.578125 0.4953125 0.571875 0.5390625 0.5546875 0.54375 0.5578125 0.565625 0.5578125 0.5671875 0.559375
6 0.5421875 0.3421875 0.5484375 0.34375 0.559375 0.353125 0.5609375 0.3609375 0.5578125 0.365625 0.5484375 0.375 0.5421875 0.378125 0.5140625 0.378125 0.5125 0.3796875 0.5046875 0.3796875 0.4921875 0.375 0.4828125 0.3625 0.484375 0.3578125 0.4921875 0.3515625 0.509375 0.34375 0.540625 0.3421875
6 0.43125 0.5234375 0.446875 0.528125 0.4484375 0.53125 0.45625 0.534375 0.465625 0.5453125 0.4640625 0.553125 0.4578125 0.5578125 0.4375 0.5625 0.4171875 0.5625 0.3953125 0.55625 0.384375 0.55625 0.375 0.553125 0.3640625 0.54375 0.365625 0.534375 0.3875 0.5203125 0.4203125 0.5203125 0.4296875 0.5234375
6 0.321875 0.325 0.359375 0.334375 0.3640625 0.3390625 0.3640625 0.3515625 0.359375 0.3546875 0.3515625 0.3515625 0.3234375 0.3546875 0.3140625 0.359375 0.303125 0.3515625 0.303125 0.3296875 0.3125 0.325 0.3203125 0.325
6 0.5921875 0.5203125 0.6234375 0.534375 0.625 0.5375 0.6234375 0.5453125 0.61875 0.546875 0.6140625 0.553125 0.6 0.559375 0.584375 0.559375 0.5671875 0.553125 0.559375 0.546875 0.5453125 0.5421875 0.5390625 0.534375 0.540625 0.525 0.55 0.5203125 0.5671875 0.5203125 0.56875 0.51875 0.5890625 0.51875 0.590625 0.5203125
6 0.56875 0.5015625 0.5796875 0.5046875 0.5859375 0.5140625 0.584375 0.5171875 0.5609375 0.5171875 0.54375 0.5203125 0.540625 0.5234375 0.5359375 0.521875 0.534375 0.51875 0.534375 0.5125 0.5390625 0.5078125 0.55625 0.5015625 0.5671875 0.5015625
6 0.7109375 0.440625 0.725 0.446875 0.7296875 0.4546875 0.728125 0.471875 0.721875 0.4765625 0.70625 0.4765625 0.69375 0.4578125 0.6828125 0.45 0.6890625 0.44375 0.709375 0.440625
6 0.5015625 0.3328125 0.509375 0.3359375 0.509375 0.3421875 0.4984375 0.3484375 0.4921875 0.3484375 0.4859375 0.3515625 0.478125 0.359375 0.4734375 0.359375 0.459375 0.3515625 0.4578125 0.346875 0.459375 0.3390625 0.4703125 0.3296875 0.478125 0.328125 0.4890625 0.328125 0.5 0.3328125
6 0.515625 0.5015625 0.5203125 0.5046875 0.5203125 0.515625 0.5140625 0.521875 0.5046875 0.5234375 0.48125 0.521875 0.4796875 0.5140625 0.490625 0.5046875 0.4953125 0.5046875 0.5 0.5015625 0.5140625 0.5015625
6 0.5515625 0.4640625 0.5578125 0.4671875 0.5625 0.475 0.5734375 0.484375 0.5796875 0.49375 0.5796875 0.4984375 0.578125 0.5 0.553125 0.5 0.546875 0.503125 0.525 0.4984375 0.5203125 0.4890625 0.521875 0.4796875 0.525 0.4765625 0.5375 0.4671875 0.55 0.4640625
6 0.4328125 0.296875 0.4375 0.3 0.4453125 0.3 0.4484375 0.303125 0.4609375 0.303125 0.484375 0.309375 0.4890625 0.3171875 0.4890625 0.321875 0.4859375 0.325 0.4953125 0.3296875 0.5203125 0.33125 0.5421875 0.325 0.5625 0.325 0.571875 0.3296875 0.5921875 0.3296875 0.6015625 0.334375 0.603125 0.340625 0.609375 0.346875 0.628125 0.346875 0.634375 0.35 0.6375 0.359375 0.646875 0.3671875 0.6609375 0.3734375 0.6671875 0.3796875 0.68125 0.3796875 0.6859375 0.3828125 0.6890625 0.3953125 0.703125 0.4078125 0.709375 0.421875 0.7171875 0.428125 0.7203125 0.4421875 0.728125 0.45 0.728125 0.4671875 0.7203125 0.478125 0.7203125 0.4921875 0.7171875 0.5 0.703125 0.515625 0.6875 0.525 0.6859375 0.5296875 0.6828125 0.5296875 0.6765625 0.5359375 0.6671875 0.5390625 0.6640625 0.54375 0.6515625 0.55 0.646875 0.55 0.6453125 0.553125 0.628125 0.559375 0.6234375 0.5640625 0.615625 0.565625 0.6140625 0.56875 0.596875 0.571875 0.5875 0.578125 0.5765625 0.5796875 0.5640625 0.5859375 0.553125 0.5859375 0.5515625 0.5890625 0.5421875 0.5890625 0.5390625 0.5921875 0.53125 0.5921875 0.515625 0.596875 0.484375 0.5984375 0.4703125 0.603125 0.4546875 0.603125 0.446875 0.60625 0.4171875 0.60625 0.415625 0.6078125 0.3296875 0.60625 0.328125 0.6046875 0.31875 0.60625 0.315625 0.603125 0.3046875 0.6 0.2921875 0.6 0.28125 0.5953125 0.25 0.5921875 0.2484375 0.5890625 0.2421875 0.5890625 0.2390625 0.5859375 0.1984375 0.5765625 0.159375 0.55625 0.1546875 0.55625 0.146875 0.5515625 0.14375 0.546875 0.115625 0.5296875 0.109375 0.5234375 0.1109375 0.521875 0.109375 0.5109375 0.1 0.4953125 0.096875 0.478125 0.1015625 0.4640625 0.1 0.45 0.1046875 0.440625 0.1046875 0.4359375 0.1078125 0.4328125 0.109375 0.4234375 0.115625 0.4171875 0.11875 0.409375 0.1234375 0.3875 0.128125 0.3796875 0.134375 0.3765625 0.1359375 0.3734375 0.140625 0.3734375 0.146875 0.3671875 0.1640625 0.3609375 0.196875 0.35625 0.2078125 0.35 0.209375 0.346875 0.2140625 0.346875 0.221875 0.340625 0.225 0.340625 0.23125 0.334375 0.24375 0.3328125 0.2515625 0.3296875 0.25625 0.325 0.2703125 0.325 0.290625 0.3140625 0.321875 0.3125 0.3453125 0.3046875 0.3734375 0.30625 0.3796875 0.303125 0.4125 0.3015625 0.4203125 0.3 0.4234375 0.296875 0.43125 0.296875
6 0.278125 0.4484375 0.2859375 0.4546875 0.2859375 0.4625 0.2796875 0.471875 0.2734375 0.475 0.26875 0.475 0.259375 0.4671875 0.2484375 0.4625 0.23125 0.46875 0.228125 0.4671875 0.2328125 0.4609375 0.2609375 0.446875 0.2765625 0.4484375
6 0.3515625 0.353125 0.3609375 0.3578125 0.371875 0.3671875 0.375 0.3734375 0.3734375 0.3828125 0.35 0.3859375 0.3453125 0.3921875 0.3484375 0.4046875 0.3359375 0.4078125 0.309375 0.4046875 0.303125 0.4 0.3015625 0.3890625 0.3046875 0.38125 0.3109375 0.375 0.3125 0.3671875 0.31875 0.3578125 0.3390625 0.353125 0.35 0.353125
6 0.584375 0.4265625 0.59375 0.43125 0.603125 0.440625 0.603125 0.45 0.596875 0.453125 0.55 0.453125 0.553125 0.4390625 0.5578125 0.434375 0.565625 0.4296875 0.5828125 0.4265625
6 0.3015625 0.4859375 0.3109375 0.490625 0.315625 0.4984375 0.3171875 0.509375 0.3109375 0.515625 0.303125 0.515625 0.3 0.51875 0.2796875 0.51875 0.265625 0.5125 0.265625 0.5015625 0.271875 0.4890625 0.2890625 0.4828125 0.3 0.4859375
6 0.125 0.434375 0.134375 0.4421875 0.134375 0.453125 0.1265625 0.4625 0.1140625 0.46875 0.10625 0.46875 0.1 0.4625 0.0984375 0.45 0.10625 0.4390625 0.1234375 0.434375
6 0.6515625 0.425 0.6765625 0.43125 0.6796875 0.4390625 0.6765625 0.440625 0.6765625 0.4453125 0.6734375 0.4484375 0.6671875 0.45 0.646875 0.4484375 0.628125 0.4421875 0.625 0.4390625 0.6234375 0.428125 0.65 0.425
6 0.45 0.353125 0.4578125 0.3640625 0.453125 0.371875 0.4421875 0.378125 0.4234375 0.378125 0.421875 0.3796875 0.40625 0.378125 0.39375 0.36875 0.3921875 0.3609375 0.396875 0.353125 0.40625 0.346875 0.4328125 0.346875 0.4390625 0.35 0.4453125 0.35 0.4484375 0.353125
6 0.665625 0.5390625 0.6640625 0.5453125 0.646875 0.553125 0.6453125 0.55625 0.640625 0.55625 0.625 0.565625 0.6046875 0.571875 0.5984375 0.56875 0.5984375 0.5640625 0.628125 0.54375 0.6546875 0.5375 0.6640625 0.5390625
6 0.24375 0.42890625 0.1015625 0.046875
6 0.2796875 0.53125 0.2875 0.534375 0.2953125 0.54375 0.29375 0.553125 0.2859375 0.55625 0.284375 0.5546875 0.2453125 0.55625 0.240625 0.553125 0.2421875 0.5421875 0.2546875 0.53125 0.2625 0.5296875 0.278125 0.53125
6 0.353125 0.446875 0.3828125 0.4640625 0.3921875 0.478125 0.3921875 0.4859375 0.3890625 0.4890625 0.359375 0.50625 0.3265625 0.5046875 0.3140625 0.4953125 0.3109375 0.4890625 0.290625 0.4796875 0.284375 0.4734375 0.290625 0.4625 0.2921875 0.453125 0.2953125 0.45 0.3515625 0.446875
6 0.6328125 0.346875 0.6390625 0.3578125 0.6375 0.3625 0.634375 0.365625 0.61875 0.3703125 0.6046875 0.3671875 0.6078125 0.359375 0.6078125 0.3484375 0.615625 0.3453125 0.63125 0.346875
6 0.590625 0.3609375 0.603125 0.3734375 0.6046875 0.3828125 0.6015625 0.3875 0.5828125 0.3859375 0.5734375 0.3828125 0.5671875 0.3765625 0.565625 0.36875 0.56875 0.365625 0.578125 0.3609375 0.5890625 0.3609375
6 0.3171875 0.540625 0.3234375 0.54375 0.3296875 0.54375 0.334375 0.5515625 0.3421875 0.5546875 0.353125 0.565625 0.35625 0.5765625 0.3390625 0.5890625 0.3328125 0.5859375 0.3265625 0.5859375 0.3140625 0.5796875 0.296875 0.55625 0.296875 0.5484375 0.303125 0.5421875 0.315625 0.540625
6 0.69375 0.5046875 0.6984375 0.5140625 0.696875 0.5234375 0.678125 0.5359375 0.6734375 0.5359375 0.6671875 0.5265625 0.665625 0.521875 0.6671875 0.5078125 0.675 0.5015625 0.6890625 0.5015625 0.6921875 0.5046875
6 0.15 0.3921875 0.159375 0.396875 0.159375 0.4015625 0.153125 0.4125 0.140625 0.41875 0.1328125 0.41875 0.121875 0.4125 0.11875 0.409375 0.11875 0.403125 0.121875 0.396875 0.128125 0.3921875 0.1328125 0.390625 0.1484375 0.3921875
6 0.453125 0.428125 0.4640625 0.434375 0.475 0.4453125 0.4765625 0.4515625 0.475 0.45625 0.4546875 0.459375 0.44375 0.4640625 0.428125 0.4625 0.425 0.459375 0.4078125 0.453125 0.3984375 0.4390625 0.4 0.4359375 0.409375 0.43125 0.43125 0.425 0.4453125 0.425 0.4515625 0.428125
6 0.15625 0.5109375 0.1640625 0.5140625 0.1671875 0.5296875 0.1609375 0.5390625 0.1453125 0.5453125 0.1359375 0.5453125 0.1265625 0.540625 0.115625 0.5296875 0.1125 0.5171875 0.128125 0.5109375 0.1546875 0.5109375
6 0.48125 0.38125 0.4859375 0.384375 0.4953125 0.384375 0.509375 0.390625 0.5125 0.3953125 0.5125 0.403125 0.49375 0.415625 0.490625 0.415625 0.4890625 0.41875 0.48125 0.41875 0.475 0.421875 0.459375 0.421875 0.4515625 0.41875 0.44375 0.41875 0.4390625 0.409375 0.4484375 0.3921875 0.4484375 0.3875 0.4546875 0.3828125 0.4609375 0.3796875 0.478125 0.3796875 0.4796875 0.38125
6 0.659375 0.459375 0.6640625 0.4609375 0.6765625 0.4734375 0.678125 0.484375 0.6765625 0.4921875 0.665625 0.4953125 0.6609375 0.4953125 0.653125 0.4890625 0.6359375 0.4828125 0.6265625 0.46875 0.6265625 0.4609375 0.6296875 0.459375 0.6359375 0.4578125 0.65625 0.4578125 0.6578125 0.459375
6 0.290625 0.3265625 0.3015625 0.3328125 0.3015625 0.3484375 0.3109375 0.3578125 0.309375 0.365625 0.303125 0.36875 0.2734375 0.3671875 0.2609375 0.359375 0.259375 0.3546875 0.2609375 0.340625 0.2734375 0.3296875 0.2890625 0.3265625
6 0.5140625 0.4078125 0.521875 0.4109375 0.51875 0.4171875 0.5203125 0.421875 0.534375 0.43125 0.5375 0.4359375 0.534375 0.4484375 0.5296875 0.453125 0.5109375 0.45 0.5046875 0.453125 0.4875 0.453125 0.4796875 0.4484375 0.4796875 0.434375 0.5015625 0.4125 0.5125 0.4078125
6 0.3484375 0.3875 0.3828125 0.3859375 0.3921875 0.3875 0.403125 0.39375 0.4046875 0.396875 0.4046875 0.40625 0.3953125 0.4125 0.3703125 0.4125 0.3484375 0.4015625 0.346875 0.3984375 0.3484375 0.3890625
6 0.5921875 0.3890625 0.603125 0.39375 0.6078125 0.4 0.603125 0.4125 0.5953125 0.4140625 0.578125 0.4125 0.5734375 0.4078125 0.5734375 0.39375 0.58125 0.3875 0.590625 0.3890625
6 0.6859375 0.446875 0.696875 0.459375 0.703125 0.4703125 0.703125 0.475 0.696875 0.4796875 0.678125 0.471875 0.6703125 0.4609375 0.66875 0.45625 0.6703125 0.45 0.678125 0.4453125 0.684375 0.446875
6 0.628125 0.4859375 0.6296875 0.4875 0.63125 0.4859375 0.646875 0.4875 0.6546875 0.49375 0.659375 0.509375 0.6546875 0.51875 0.646875 0.5234375 0.6125 0.5234375 0.6046875 0.521875 0.59375 0.515625 0.590625 0.509375 0.590625 0.5046875 0.59375 0.5015625 0.6015625 0.5 0.60625 0.49375 0.6140625 0.490625 0.615625 0.4875 0.6265625 0.4859375
6 0.2390625 0.3484375 0.2546875 0.353125 0.2578125 0.35625 0.2578125 0.3609375 0.2453125 0.3671875 0.221875 0.371875 0.1984375 0.371875 0.19375 0.3671875 0.19375 0.359375 0.2 0.353125 0.2078125 0.35 0.2375 0.3484375
6 0.1765625 0.3875 0.1859375 0.3875 0.196875 0.39375 0.196875 0.41875 0.1890625 0.4359375 0.1828125 0.4421875 0.1625 0.44375 0.15625 0.4359375 0.15625 0.4265625 0.153125 0.4203125 0.153125 0.4140625 0.159375 0.403125 0.1671875 0.39375 0.1765625 0.3890625
6 0.515625 0.4140625 0.5375 0.4078125 0.5609375 0.4078125 0.5640625 0.4109375 0.5703125 0.4109375 0.5765625 0.4140625 0.5828125 0.4203125 0.5828125 0.428125 0.5625 0.4296875 0.559375 0.4328125 0.546875 0.4359375 0.53125 0.4296875 0.5265625 0.425 0.521875 0.425 0.5203125 0.421875 0.5171875 0.421875 0.515625 0.415625
6 0.253125 0.465625 0.2671875 0.4765625 0.26875 0.4859375 0.259375 0.503125 0.246875 0.5125 0.240625 0.5140625 0.2265625 0.5140625 0.2125 0.509375 0.2078125 0.5046875 0.2078125 0.484375 0.209375 0.4796875 0.221875 0.4765625 0.228125 0.4703125 0.24375 0.465625 0.2515625 0.465625
6 0.296875 0.371875 0.303125 0.3734375 0.30625 0.378125 0.3015625 0.384375 0.2984375 0.4015625 0.2890625 0.403125 0.2640625 0.4015625 0.2609375 0.3984375 0.2609375 0.3765625 0.2703125 0.3703125 0.2953125 0.371875
6 0.2 0.45 0.2078125 0.4546875 0.2078125 0.46875 0.2015625 0.4765625 0.196875 0.478125 0.1734375 0.4765625 0.16875 0.475 0.1640625 0.4671875 0.1703125 0.4578125 0.1796875 0.453125 0.1984375 0.45
6 0.5078125 0.525 0.5109375 0.528125 0.521875 0.53125 0.5265625 0.5359375 0.5265625 0.5421875 0.509375 0.55 0.5 0.5515625 0.4796875 0.55 0.478125 0.546875 0.4734375 0.5453125 0.4703125 0.540625 0.4703125 0.5359375 0.4828125 0.528125 0.490625 0.528125 0.4953125 0.525 0.50625 0.525
6 0.5078125 0.459375 0.5109375 0.4640625 0.5171875 0.4671875 0.5203125 0.4734375 0.5203125 0.4796875 0.509375 0.4921875 0.5046875 0.4921875 0.4921875 0.5 0.4578125 0.50625 0.4390625 0.5046875 0.421875 0.4921875 0.4203125 0.478125 0.428125 0.4703125 0.4359375 0.4703125 0.4375 0.4671875 0.4453125 0.4671875 0.4484375 0.4640625 0.459375 0.4609375 0.4796875 0.4609375 0.4875 0.4578125 0.5046875 0.4578125 0.50625 0.459375
49 0.6970108695652174 0.6146788990825688 0.702445652173913 0.6330275229357798 0.7527173913043479 0.6901121304791029 0.78125 0.7094801223241591 0.8179347826086957 0.7104994903160041 0.8831521739130433 0.7013251783893986 0.9429347826086957 0.6687054026503568 0.9497282608695652 0.6595310907237513 0.9619565217391305 0.6024464831804281 0.9524456521739131 0.508664627930683 0.9211956521739131 0.45361875637105 0.8899456521739131 0.4271151885830785 0.830163043478261 0.3975535168195719 0.7989130434782609 0.3904179408766565 0.7975543478260869 0.4393476044852192 0.7853260869565217 0.4750254841997961 0.7432065217391304 0.5433231396534148 0.7065217391304348 0.5769622833843018 0.6983695652173914 0.5922528032619776 0.6970108695652174 0.6146788990825688