4 0.7171875 0.2625 0.725 0.271875 0.734375 0.2765625 0.740625 0.2875 0.75 0.2828125 0.7578125 0.2828125 0.7640625 0.2796875 0.7828125 0.2765625 0.8015625 0.2765625 0.8109375 0.278125 0.8140625 0.28125 0.8328125 0.28125 0.840625 0.284375 0.8453125 0.2921875 0.853125 0.2953125 0.865625 0.3078125 0.8703125 0.30625 0.8828125 0.3078125 0.8890625 0.31875 0.8890625 0.325 0.8953125 0.334375 0.89375 0.3515625 0.884375 0.3703125 0.8828125 0.378125 0.8703125 0.390625 0.85 0.3984375 0.825 0.4125 0.815625 0.4125 0.80625 0.415625 0.790625 0.415625 0.784375 0.41875 0.7359375 0.4171875 0.725 0.4125 0.69375 0.390625 0.68125 0.375 0.6765625 0.3484375 0.678125 0.3203125 0.6734375 0.3125 0.678125 0.290625 0.68125 0.2859375 0.68125 0.2796875 0.684375 0.271875 0.6890625 0.26875 0.7078125 0.2625 0.715625 0.2625
4 0.359375 0.453125 0.3703125 0.45625 0.384375 0.4546875 0.390625 0.4578125 0.4015625 0.4578125 0.40625 0.4640625 0.4078125 0.471875 0.4171875 0.4796875 0.4265625 0.4796875 0.4296875 0.4828125 0.434375 0.4984375 0.45 0.515625 0.45625 0.5171875 0.46875 0.53125 0.4734375 0.5328125 0.484375 0.5484375 0.490625 0.571875 0.490625 0.584375 0.48125 0.60625 0.4609375 0.628125 0.446875 0.6359375 0.4265625 0.640625 0.3734375 0.6390625 0.3546875 0.634375 0.346875 0.6296875 0.3359375 0.628125 0.3171875 0.6171875 0.2921875 0.5796875 0.2921875 0.5375 0.303125 0.5171875 0.3046875 0.490625 0.3234375 0.475 0.3234375 0.471875 0.334375 0.4625 0.334375 0.459375 0.3421875 0.4578125 0.3453125 0.4546875 0.3578125 0.453125
4 0.5734375 0.8234375 0.5828125 0.8265625 0.6 0.8375 0.61875 0.8375 0.6203125 0.8390625 0.6203125 0.8453125 0.6171875 0.8515625 0.6328125 0.8625 0.634375 0.9046875 0.6421875 0.9234375 0.6453125 0.925 0.64375 0.94375 0.6390625 0.94375 0.634375 0.946875 0.6203125 0.9671875 0.6140625 0.971875 0.6125 0.978125 0.5796875 0.9984375 0.5171875 0.9984375 0.515625 0.996875 0.5109375 0.9984375 0.475 0.9984375 0.4734375 0.996875 0.4578125 0.9984375 0.453125 0.996875 0.4484375 0.99375 0.4390625 0.975 0.4375 0.965625 0.428125 0.95 0.4234375 0.9328125 0.4171875 0.9234375 0.4171875 0.909375 0.421875 0.9015625 0.43125 0.871875 0.4359375 0.86875 0.440625 0.8609375 0.4578125 0.8515625 0.459375 0.8484375 0.4640625 0.8484375 0.471875 0.840625 0.490625 0.8296875 0.509375 0.825 0.521875 0.81875 0.571875 0.8234375
4 0.571875 0.584375 0.5796875 0.59375 0.5890625 0.5984375 0.5953125 0.6078125 0.6140625 0.6265625 0.6203125 0.6484375 0.625 0.6578125 0.634375 0.6671875 0.634375 0.671875 0.6375 0.675 0.65 0.7078125 0.6484375 0.7375 0.6359375 0.759375 0.6125 0.778125 0.6046875 0.78125 0.596875 0.78125 0.590625 0.7890625 0.5859375 0.790625 0.571875 0.790625 0.53125 0.78125 0.5078125 0.7609375 0.5015625 0.759375 0.4796875 0.7359375 0.4796875 0.7328125 0.4734375 0.725 0.46875 0.709375 0.4703125 0.6625 0.4734375 0.6546875 0.4953125 0.621875 0.521875 0.5984375 0.528125 0.596875 0.5359375 0.5890625 0.55 0.584375 0.5703125 0.584375
4 0.8234375 0.1984375 0.8453125 0.2171875 0.859375 0.21875 0.8640625 0.2234375 0.8734375 0.2546875 0.8875 0.2734375 0.8953125 0.290625 0.8953125 0.3015625 0.9 0.315625 0.9 0.3265625 0.8953125 0.3359375 0.8921875 0.3328125 0.890625 0.3203125 0.884375 0.3078125 0.8765625 0.3046875 0.865625 0.30625 0.8375 0.28125 0.8234375 0.28125 0.803125 0.275 0.7734375 0.2765625 0.7484375 0.2828125 0.7390625 0.28125 0.7375 0.278125 0.7390625 0.271875 0.734375 0.26875 0.740625 0.2703125 0.75 0.2640625 0.7609375 0.2375 0.7703125 0.2296875 0.7734375 0.2296875 0.784375 0.21875 0.790625 0.2171875 0.7984375 0.209375 0.8171875 0.1984375 0.821875 0.1984375
4 0.453125 0.1046875 0.4625 0.109375 0.4859375 0.1109375 0.490625 0.1140625 0.5140625 0.1203125 0.528125 0.128125 0.534375 0.1375 0.546875 0.146875 0.55 0.153125 0.5484375 0.159375 0.55 0.1796875 0.54375 0.1875 0.5375 0.203125 0.5140625 0.228125 0.5109375 0.228125 0.5046875 0.234375 0.4890625 0.2390625 0.475 0.246875 0.45 0.253125 0.4375 0.259375 0.4296875 0.259375 0.425 0.2625 0.4140625 0.2640625 0.365625 0.259375 0.3578125 0.253125 0.3515625 0.2390625 0.3484375 0.215625 0.340625 0.2015625 0.34375 0.1921875 0.34375 0.1765625 0.346875 0.1734375 0.3484375 0.165625 0.365625 0.1515625 0.3734375 0.140625 0.375 0.1328125 0.3890625 0.1203125 0.3984375 0.1203125 0.41875 0.1109375 0.4328125 0.109375 0.4453125 0.103125 0.4515625 0.1046875
4 0.7390625 0.084375 0.7796875 0.0921875 0.79375 0.0984375 0.8 0.0984375 0.80625 0.1046875 0.815625 0.1046875 0.825 0.109375 0.8328125 0.125 0.8328125 0.146875 0.834375 0.1484375 0.8328125 0.15 0.8328125 0.16875 0.821875 0.184375 0.8046875 0.203125 0.796875 0.20625 0.7796875 0.221875 0.7609375 0.2328125 0.7578125 0.2375 0.75 0.2390625 0.7390625 0.25 0.71875 0.259375 0.690625 0.259375 0.6890625 0.2609375 0.66875 0.259375 0.64375 0.234375 0.6359375 0.215625 0.6359375 0.1984375 0.63125 0.184375 0.63125 0.16875 0.6671875 0.1390625 0.678125 0.125 0.678125 0.121875 0.6859375 0.1140625 0.6984375 0.090625 0.7078125 0.0875 0.7171875 0.0875 0.7234375 0.084375 0.7375 0.084375
4 0.221875 0.6015625 0.2484375 0.6078125 0.2640625 0.60625 0.275 0.609375 0.2859375 0.615625 0.2921875 0.621875 0.3140625 0.6578125 0.3140625 0.6703125 0.3203125 0.6875 0.31875 0.7015625 0.3109375 0.71875 0.303125 0.7296875 0.3015625 0.7359375 0.290625 0.7484375 0.278125 0.7578125 0.271875 0.759375 0.2640625 0.7671875 0.2578125 0.7703125 0.2515625 0.7703125 0.2359375 0.78125 0.2328125 0.78125 0.2265625 0.7875 0.20625 0.7859375 0.1953125 0.78125 0.1828125 0.78125 0.1625 0.7703125 0.15625 0.7703125 0.14375 0.753125 0.1375 0.7484375 0.125 0.7234375 0.125 0.71875 0.11875 0.7046875 0.1171875 0.6921875 0.1203125 0.665625 0.115625 0.6625 0.115625 0.65625 0.134375 0.6421875 0.1421875 0.63125 0.146875 0.63125 0.1671875 0.6203125 0.1765625 0.61875 0.1875 0.609375 0.196875 0.60625 0.209375 0.60625 0.2203125 0.6015625
4 0.6265625 0 0.6390625 0.0046875 0.6546875 0.0046875 0.6640625 0.0109375 0.68125 0.015625 0.69375 0.015625 0.703125 0.0234375 0.7046875 0.028125 0.703125 0.0609375 0.696875 0.078125 0.696875 0.084375 0.69375 0.0875 0.69375 0.09375 0.665625 0.1359375 0.6609375 0.140625 0.6578125 0.140625 0.6515625 0.1484375 0.6453125 0.1515625 0.634375 0.1625 0.625 0.1671875 0.6234375 0.1703125 0.603125 0.1765625 0.5703125 0.18125 0.5625 0.1796875 0.553125 0.1734375 0.553125 0.146875 0.5484375 0.1421875 0.5421875 0.140625 0.5265625 0.121875 0.5015625 0.1140625 0.5 0.1109375 0.5 0.0984375 0.5046875 0.0890625 0.509375 0.084375 0.5125 0.0765625 0.5171875 0.0734375 0.525 0.0578125 0.5421875 0.0421875 0.546875 0.0328125 0.55 0.0328125 0.5625 0.0234375 0.5828125 0.021875 0.6046875 0.0125 0.6109375 0.0125 0.6203125 0.003125 0.625 0.0015625
4 0.33125 0.628125 0.3671875 0.640625 0.3984375 0.64375 0.44375 0.640625 0.4484375 0.6421875 0.4578125 0.653125 0.4578125 0.665625 0.4640625 0.675 0.4640625 0.715625 0.4578125 0.7328125 0.45625 0.74375 0.4328125 0.7703125 0.41875 0.7734375 0.4109375 0.778125 0.39375 0.778125 0.3921875 0.7765625 0.375 0.778125 0.3640625 0.7703125 0.321875 0.759375 0.30625 0.7484375 0.303125 0.7421875 0.303125 0.7359375 0.309375 0.728125 0.3203125 0.70625 0.3234375 0.6953125 0.3234375 0.6890625 0.3171875 0.671875 0.3171875 0.6578125 0.309375 0.6421875 0.3125 0.6375 0.3125 0.6328125 0.3171875 0.628125 0.3203125 0.6265625 0.3296875 0.628125
4 0.3359375 0.765625 0.359375 0.771875 0.371875 0.7796875 0.384375 0.7921875 0.39375 0.80625 0.3953125 0.8125 0.4046875 0.8265625 0.4046875 0.83125 0.409375 0.840625 0.409375 0.859375 0.4046875 0.8859375 0.3984375 0.9 0.390625 0.909375 0.3796875 0.9125 0.3578125 0.9140625 0.340625 0.91875 0.3328125 0.9234375 0.325 0.9234375 0.315625 0.928125 0.309375 0.934375 0.30625 0.934375 0.3015625 0.9390625 0.3015625 0.9421875 0.2890625 0.9546875 0.2828125 0.9546875 0.26875 0.9453125 0.2625 0.94375 0.253125 0.934375 0.25 0.934375 0.24375 0.9265625 0.2375 0.9234375 0.228125 0.9125 0.21875 0.8921875 0.2109375 0.8828125 0.209375 0.8703125 0.20625 0.8640625 0.20625 0.8453125 0.2125 0.8125 0.21875 0.8046875 0.228125 0.7984375 0.234375 0.7859375 0.2453125 0.778125 0.2484375 0.778125 0.25 0.775 0.2640625 0.771875 0.28125 0.7640625 0.2921875 0.7625 0.334375 0.765625
4 0.5 0.2390625 0.5046875 0.240625 0.509375 0.2484375 0.509375 0.259375 0.5140625 0.284375 0.5140625 0.303125 0.509375 0.315625 0.509375 0.3296875 0.50625 0.3421875 0.5 0.35 0.4984375 0.35625 0.478125 0.390625 0.4453125 0.41875 0.4359375 0.4234375 0.3953125 0.43125 0.3796875 0.4234375 0.3734375 0.415625 0.3640625 0.409375 0.3484375 0.4125 0.346875 0.4078125 0.3484375 0.3921875 0.334375 0.3640625 0.3328125 0.3484375 0.334375 0.340625 0.34375 0.325 0.34375 0.31875 0.3515625 0.3078125 0.3546875 0.2921875 0.365625 0.275 0.3734375 0.271875 0.378125 0.265625 0.384375 0.2640625 0.40625 0.2671875 0.4234375 0.265625 0.478125 0.2484375 0.490625 0.240625 0.4984375 0.240625
4 0.5078125 0.7640625 0.5203125 0.771875 0.5296875 0.7828125 0.5421875 0.7875 0.5609375 0.7890625 0.56875 0.7921875 0.5828125 0.7921875 0.5921875 0.7890625 0.5921875 0.8203125 0.590625 0.8234375 0.584375 0.825 0.571875 0.81875 0.5390625 0.81875 0.525 0.815625 0.5015625 0.825 0.4953125 0.825 0.4796875 0.8328125 0.478125 0.8359375 0.471875 0.8375 0.4640625 0.8453125 0.4515625 0.8515625 0.4484375 0.8515625 0.4375 0.8359375 0.4390625 0.8078125 0.4421875 0.79375 0.4484375 0.7796875 0.459375 0.7703125 0.4625 0.7625 0.48125 0.7453125 0.4859375 0.7453125 0.5 0.7609375 0.50625 0.7640625
4 0.4109375 0.9171875 0.415625 0.925 0.415625 0.93125 0.421875 0.9421875 0.4265625 0.9578125 0.446875 0.9984375 0.2640625 0.9984375 0.2640625 0.9953125 0.2703125 0.9890625 0.271875 0.9828125 0.2796875 0.975 0.28125 0.96875 0.2921875 0.95625 0.2921875 0.953125 0.303125 0.94375 0.30625 0.9375 0.3203125 0.928125 0.3328125 0.9265625 0.340625 0.921875 0.35625 0.9171875 0.3671875 0.9171875 0.3765625 0.9140625 0.403125 0.9140625 0.409375 0.9171875
4 0.55 0.340625 0.5578125 0.34375 0.578125 0.3421875 0.584375 0.3453125 0.5921875 0.3453125 0.6171875 0.3578125 0.628125 0.3609375 0.6453125 0.3828125 0.6484375 0.39375 0.646875 0.3984375 0.65 0.40625 0.65 0.4203125 0.6453125 0.4359375 0.6453125 0.44375 0.6375 0.4578125 0.634375 0.475 0.628125 0.484375 0.6234375 0.4890625 0.615625 0.490625 0.6046875 0.496875 0.5875 0.509375 0.553125 0.5171875 0.5109375 0.5140625 0.5015625 0.509375 0.484375 0.49375 0.475 0.4890625 0.459375 0.4734375 0.4578125 0.4609375 0.4484375 0.440625 0.4484375 0.425 0.4515625 0.41875 0.4796875 0.39375 0.4890625 0.3796875 0.490625 0.371875 0.50625 0.3484375 0.5125 0.3421875 0.5265625 0.34375 0.5328125 0.3390625 0.5484375 0.340625
4 0.6890625 0.390625 0.7 0.4 0.7171875 0.409375 0.71875 0.4125 0.7390625 0.421875 0.7546875 0.421875 0.75625 0.4203125 0.784375 0.421875 0.7921875 0.41875 0.8171875 0.4171875 0.825 0.425 0.828125 0.425 0.8296875 0.4328125 0.840625 0.44375 0.85 0.46875 0.85 0.478125 0.85625 0.490625 0.85625 0.5 0.853125 0.5078125 0.8484375 0.5109375 0.8421875 0.5234375 0.828125 0.5375 0.81875 0.5421875 0.8140625 0.5421875 0.8015625 0.5515625 0.7921875 0.553125 0.790625 0.55625 0.7796875 0.5625 0.75625 0.565625 0.7375 0.571875 0.709375 0.5640625 0.6984375 0.5578125 0.6796875 0.5515625 0.6703125 0.5453125 0.65625 0.53125 0.653125 0.5234375 0.646875 0.51875 0.646875 0.515625 0.640625 0.509375 0.6359375 0.4984375 0.634375 0.4890625 0.6359375 0.478125 0.64375 0.4625 0.64375 0.45625 0.653125 0.4296875 0.6578125 0.403125 0.665625 0.3921875 0.678125 0.3890625 0.6875 0.390625
4 0.7078125 0.696875 0.721875 0.7078125 0.7453125 0.7078125 0.759375 0.721875 0.7796875 0.7625 0.7796875 0.7703125 0.784375 0.7828125 0.7828125 0.796875 0.784375 0.821875 0.7796875 0.8328125 0.7796875 0.8453125 0.7765625 0.853125 0.759375 0.8703125 0.7578125 0.8765625 0.7453125 0.8890625 0.7171875 0.9015625 0.7015625 0.9015625 0.7 0.903125 0.6671875 0.9 0.646875 0.8859375 0.6390625 0.8609375 0.628125 0.846875 0.625 0.8359375 0.621875 0.821875 0.6203125 0.778125 0.6421875 0.7578125 0.65 0.74375 0.6546875 0.7296875 0.6546875 0.7125 0.6578125 0.7078125 0.6625 0.7078125 0.6703125 0.7015625 0.68125 0.696875 0.69375 0.6953125 0.70625 0.696875
4 0.2265625 0.5 0.24375 0.5046875 0.2515625 0.5046875 0.265625 0.5109375 0.2703125 0.5109375 0.2875 0.5328125 0.2890625 0.5359375 0.2890625 0.575 0.290625 0.5875 0.2953125 0.5953125 0.290625 0.609375 0.2828125 0.6109375 0.2625 0.603125 0.246875 0.6046875 0.21875 0.5984375 0.2078125 0.603125 0.196875 0.603125 0.1890625 0.60625 0.1796875 0.6140625 0.1640625 0.61875 0.15625 0.6234375 0.1515625 0.6234375 0.1484375 0.61875 0.1453125 0.6046875 0.1390625 0.596875 0.1375 0.590625 0.1375 0.5734375 0.1390625 0.565625 0.14375 0.5578125 0.146875 0.540625 0.1609375 0.525 0.1734375 0.51875 0.18125 0.5109375 0.196875 0.5078125 0.20625 0.503125 0.225 0.5
4 0.625 0.175 0.63125 0.196875 0.634375 0.221875 0.6421875 0.2390625 0.6625 0.259375 0.6734375 0.2625 0.6765625 0.265625 0.6765625 0.28125 0.66875 0.303125 0.665625 0.3234375 0.6515625 0.3421875 0.6484375 0.3421875 0.64375 0.346875 0.6390625 0.346875 0.6296875 0.3546875 0.6171875 0.353125 0.6140625 0.35 0.6 0.346875 0.596875 0.34375 0.5828125 0.3390625 0.5515625 0.3390625 0.5453125 0.3359375 0.53125 0.3359375 0.525 0.33125 0.51875 0.321875 0.515625 0.3109375 0.51875 0.303125 0.51875 0.29375 0.5140625 0.2734375 0.5140625 0.2546875 0.5109375 0.2484375 0.5109375 0.2359375 0.540625 0.20625 0.5421875 0.196875 0.55 0.1859375 0.5546875 0.1828125 0.58125 0.184375 0.59375 0.1796875 0.603125 0.1796875 0.6125 0.178125 0.615625 0.175 0.6234375 0.175
49 0.47690217391304346 0.5286885245901639 0.4959239130434782 0.5724043715846994 0.4850543478260869 0.6147540983606558 0.4891304347826087 0.6229508196721312 0.5434782608695652 0.5765027322404371 0.5271739130434783 0.5587431693989071 0.49864130434782605 0.5409836065573771 0.48777173913043476 0.5409836065573771 0.48369565217391297 0.5286885245901639 0.47690217391304346 0.5286885245901639
49 0.3845108695652174 0.7882513661202186 0.41440217391304346 0.8442622950819672 0.40625 0.9002732240437158 0.3980978260869565 0.9043715846994536 0.40760869565217395 0.9084699453551913 0.41847826086956524 0.896174863387978 0.42391304347826086 0.8688524590163935 0.43885869565217395 0.8579234972677595 0.43478260869565216 0.8114754098360656 0.4442934782608695 0.7800546448087432 0.46059782608695654 0.7540983606557377 0.40489130434782605 0.7814207650273224 0.38858695652173914 0.7827868852459016 0.3845108695652174 0.7882513661202186
49 0.22418478260869565 0.4972677595628415 0.266304347826087 0.505464480874317 0.28940217391304346 0.5259562841530054 0.296195652173913 0.5191256830601093 0.29891304347826086 0.4931693989071039 0.30570652173913043 0.4836065573770492 0.327445652173913 0.4603825136612022 0.3491847826086957 0.4521857923497268 0.3355978260869565 0.4385245901639344 0.2934782608695652 0.435792349726776 0.25407608695652173 0.453551912568306 0.23505434782608697 0.47404371584699456 0.22418478260869565 0.4972677595628415
49 0.6114130434782609 0.6188524590163934 0.625 0.6489071038251366 0.6372282608695652 0.6571038251366119 0.639945652173913 0.6721311475409836 0.6535326086956521 0.6926229508196722 0.701086956521739 0.6885245901639344 0.7255434782608695 0.7021857923497268 0.7472826086956521 0.7049180327868851 0.7663043478260869 0.7254098360655737 0.7894021739130435 0.7800546448087432 0.7866847826086956 0.8360655737704917 0.7989130434782609 0.7896174863387978 0.7975543478260869 0.7472677595628415 0.7894021739130435 0.7281420765027322 0.6847826086956521 0.6543715846994536 0.6127717391304348 0.6120218579234973 0.6114130434782609 0.6188524590163934
49 0.6494565217391304 0.9234972677595629 0.6480978260869565 0.9426229508196722 0.6440217391304348 0.9494535519125682 0.6331521739130435 0.9521857923497267 0.6209239130434783 0.9685792349726775 0.6100543478260869 0.994535519125683 0.6127717391304348 0.9986338797814207 0.6847826086956521 0.9986338797814207 0.732336956521739 0.9316939890710382 0.7676630434782609 0.8688524590163935 0.7404891304347826 0.896174863387978 0.7133152173913043 0.9057377049180328 0.6671195652173914 0.907103825136612 0.6589673913043479 0.9002732240437158 0.6426630434782609 0.9043715846994536 0.6494565217391304 0.9234972677595629
49 0.0733695652173913 0.8647540983606558 0.10190217391304349 0.9590163934426229 0.12364130434782608 0.9931693989071038 0.12907608695652173 0.9986338797814207 0.25679347826086957 0.9986338797814207 0.2758152173913043 0.971311475409836 0.27853260869565216 0.9562841530054644 0.2554347826086957 0.9439890710382514 0.22418478260869565 0.9125683060109289 0.19972826086956522 0.860655737704918 0.2078804347826087 0.8101092896174864 0.21739130434782608 0.7950819672131147 0.15217391304347824 0.7718579234972677 0.12228260869565218 0.7281420765027322 0.10869565217391304 0.6939890710382514 0.10733695652173914 0.7117486338797814 0.09646739130434782 0.73224043715847 0.07201086956521739 0.7581967213114754 0.06793478260869565 0.7718579234972677 0.0733695652173913 0.8647540983606558
49 0.24864130434782608 0.3551912568306011 0.2608695652173913 0.3770491803278688 0.28125 0.3989071038251366 0.33967391304347827 0.4412568306010929 0.3777173913043478 0.4467213114754098 0.40760869565217395 0.45765027322404367 0.45244565217391297 0.505464480874317 0.546195652173913 0.5683060109289617 0.5855978260869565 0.5846994535519126 0.702445652173913 0.6612021857923497 0.733695652173913 0.6666666666666666 0.7663043478260869 0.6530054644808743 0.796195652173913 0.6270491803278688 0.888586956521739 0.5013661202185793 0.9184782608695652 0.430327868852459 0.919836956521739 0.3948087431693989 0.9089673913043479 0.3729508196721311 0.9130434782608695 0.36475409836065575 0.9375 0.35245901639344257 0.9524456521739131 0.337431693989071 0.9605978260869564 0.2786885245901639 0.9524456521739131 0.23633879781420766 0.9293478260869564 0.1912568306010929 0.8913043478260869 0.1489071038251366 0.8342391304347826 0.11475409836065573 0.8355978260869564 0.15983606557377047 0.8220108695652174 0.1885245901639344 0.8369565217391305 0.20765027322404372 0.8559782608695652 0.21311475409836067 0.8654891304347826 0.23360655737704916 0.857336956521739 0.2418032786885246 0.8790760869565217 0.26707650273224043 0.8790760869565217 0.27595628415300544 0.8899456521739131 0.2800546448087432 0.888586956521739 0.28825136612021857 0.9021739130434783 0.3101092896174863 0.8980978260869564 0.34972677595628415 0.8817934782608695 0.38114754098360654 0.8668478260869564 0.3975409836065574 0.8206521739130433 0.41803278688524587 0.8464673913043479 0.4494535519125683 0.8586956521739131 0.49043715846994534 0.8532608695652174 0.5109289617486339 0.826086956521739 0.5409836065573771 0.7839673913043478 0.5614754098360655 0.7391304347826086 0.5737704918032787 0.6684782608695652 0.5478142076502732 0.638586956521739 0.5109289617486339 0.6290760869565217 0.4890710382513661 0.5815217391304348 0.5136612021857923 0.5557065217391304 0.5191256830601093 0.5190217391304348 0.51775956284153 0.5095108695652174 0.5081967213114754 0.4959239130434782 0.5081967213114754 0.4891304347826087 0.49590163934426224 0.4592391304347826 0.4699453551912568 0.44565217391304346 0.448087431693989 0.44565217391304346 0.42622950819672134 0.389945652173913 0.43169398907103823 0.3654891304347826 0.41530054644808745 0.3559782608695652 0.41530054644808745 0.34510869565217395 0.40391666666666665 0.34510869565217395 0.38934426229508196 0.32608695652173914 0.3551912568306011 0.3464673913043478 0.29918032786885246 0.3654891304347826 0.26775956284153 0.3355978260869565 0.20081967213114754 0.3383152173913043 0.1953551912568306 0.33016304347826086 0.1953551912568306 0.27717391304347827 0.25546448087431695 0.24728260869565216 0.31830601092896177 0.24864130434782608 0.3551912568306011