11 0.753125 0.153125 0.7796875 0.1625 0.78125 0.1890625 0.7921875 0.2125 0.790625 0.228125 0.803125 0.24375 0.80625 0.2609375 0.8109375 0.2625 0.8078125 0.2625 0.8046875 0.26875 0.8015625 0.2703125 0.7875 0.2625 0.7609375 0.259375 0.7578125 0.2640625 0.75625 0.2828125 0.7515625 0.2859375 0.740625 0.284375 0.734375 0.278125 0.7296875 0.2640625 0.71875 0.25625 0.6875 0.2546875 0.6640625 0.2390625 0.659375 0.2390625 0.6546875 0.2359375 0.6296875 0.2359375 0.6234375 0.2390625 0.61875 0.2375 0.628125 0.2265625 0.640625 0.2171875 0.659375 0.215625 0.665625 0.2125 0.6875 0.2125 0.7078125 0.20625 0.7171875 0.196875 0.7140625 0.1765625 0.725 0.15625 0.7296875 0.1515625 0.7515625 0.153125
11 0.6203125 0.2328125 0.6390625 0.2171875 0.6578125 0.215625 0.6640625 0.2125 0.69375 0.2125 0.6921875 0.2203125 0.69375 0.225 0.6859375 0.2453125 0.6859375 0.2515625 0.678125 0.25 0.6625 0.2390625 0.65 0.2359375 0.6328125 0.2359375 0.61875 0.2390625 0.6203125 0.234375
11 0.7328125 0.309375 0.74375 0.3109375 0.7484375 0.3140625 0.753125 0.31875 0.759375 0.3328125 0.7703125 0.340625 0.7734375 0.3453125 0.7796875 0.346875 0.7828125 0.353125 0.771875 0.3625 0.7609375 0.365625 0.753125 0.3734375 0.746875 0.3984375 0.6984375 0.4078125 0.6578125 0.40625 0.64375 0.4015625 0.6296875 0.4015625 0.6203125 0.3984375 0.615625 0.3953125 0.609375 0.3859375 0.6078125 0.3765625 0.6171875 0.3609375 0.6328125 0.3609375 0.6359375 0.3578125 0.6609375 0.35625 0.6671875 0.35 0.6703125 0.3390625 0.6921875 0.3171875 0.696875 0.3171875 0.6984375 0.3140625 0.7046875 0.3109375 0.73125 0.309375
11 0.7296875 0.15 0.75625 0.153125 0.7640625 0.1578125 0.7796875 0.1625 0.78125 0.1875 0.79375 0.2140625 0.790625 0.228125 0.784375 0.228125 0.7765625 0.2234375 0.7640625 0.221875 0.75625 0.2109375 0.7484375 0.2078125 0.7421875 0.20625 0.7296875 0.2078125 0.725 0.2046875 0.7140625 0.2046875 0.7125 0.203125 0.715625 0.2015625 0.71875 0.1921875 0.7140625 0.1859375 0.7125 0.178125 0.7234375 0.15625 0.7296875 0.1515625
11 0.8 0.31875 0.809375 0.3234375 0.8421875 0.3234375 0.8546875 0.3296875 0.875 0.334375 0.8984375 0.35 0.9109375 0.353125 0.9125 0.3578125 0.909375 0.3625 0.8953125 0.371875 0.884375 0.375 0.8734375 0.371875 0.8578125 0.371875 0.8421875 0.3640625 0.8265625 0.3640625 0.809375 0.353125 0.7875 0.3515625 0.778125 0.34375 0.771875 0.3421875 0.7609375 0.33125 0.759375 0.3265625 0.7609375 0.3203125 0.7875 0.3203125 0.7921875 0.3171875 0.7984375 0.31875
11 0.5390625 0.2234375 0.5421875 0.2265625 0.571875 0.234375 0.5921875 0.24375 0.603125 0.253125 0.603125 0.271875 0.6 0.275 0.5703125 0.26875 0.5609375 0.2609375 0.5515625 0.2578125 0.528125 0.2625 0.515625 0.2578125 0.5125 0.2453125 0.5140625 0.2359375 0.5265625 0.2234375 0.5375 0.2234375
11 0.6390625 0.2359375 0.659375 0.2390625 0.6875 0.2578125 0.715625 0.259375 0.7234375 0.2625 0.728125 0.26875 0.728125 0.278125 0.7359375 0.2875 0.7359375 0.296875 0.73125 0.3046875 0.721875 0.3078125 0.7015625 0.309375 0.6890625 0.315625 0.6671875 0.3375 0.665625 0.3453125 0.6625 0.3484375 0.64375 0.3546875 0.615625 0.3578125 0.603125 0.35625 0.60625 0.3265625 0.6125 0.3140625 0.6046875 0.3046875 0.6015625 0.296875 0.6015625 0.2796875 0.6046875 0.275 0.6046875 0.2609375 0.6078125 0.253125 0.615625 0.24375 0.6375 0.2359375
11 0.4828125 0.259375 0.4875 0.2625 0.509375 0.259375 0.525 0.2640625 0.5421875 0.2609375 0.5609375 0.2625 0.5703125 0.2703125 0.5921875 0.2765625 0.5953125 0.2796875 0.5953125 0.2953125 0.60625 0.3109375 0.6015625 0.321875 0.603125 0.340625 0.5984375 0.3484375 0.584375 0.3546875 0.578125 0.365625 0.5625 0.371875 0.5515625 0.3796875 0.5375 0.3828125 0.5234375 0.3890625 0.5109375 0.3890625 0.503125 0.3859375 0.4890625 0.384375 0.4625 0.3859375 0.4546875 0.3796875 0.44375 0.378125 0.425 0.36875 0.421875 0.3625 0.4203125 0.35 0.421875 0.2875 0.428125 0.2796875 0.428125 0.275 0.4359375 0.2640625 0.4453125 0.259375 0.48125 0.259375
11 0.7828125 0.265625 0.7953125 0.271875 0.8 0.2765625 0.8 0.2796875 0.80625 0.284375 0.80625 0.2921875 0.8015625 0.296875 0.8015625 0.3015625 0.796875 0.309375 0.796875 0.315625 0.8 0.31875 0.809375 0.3234375 0.8421875 0.3234375 0.8546875 0.3296875 0.8703125 0.3328125 0.8953125 0.346875 0.896875 0.35 0.9109375 0.353125 0.9125 0.35625 0.909375 0.3625 0.8890625 0.3734375 0.859375 0.371875 0.8421875 0.3640625 0.8234375 0.3625 0.821875 0.359375 0.81875 0.359375 0.8078125 0.3515625 0.7890625 0.3515625 0.7796875 0.34375 0.771875 0.3421875 0.7609375 0.33125 0.7578125 0.31875 0.7484375 0.3078125 0.7515625 0.303125 0.75 0.29375 0.7609375 0.284375 0.7609375 0.28125 0.771875 0.2671875 0.778125 0.2640625 0.78125 0.265625
7 0.03532608695652174 0.5912334352701325 0.03940217391304347 0.6065239551478083 0.06657608695652174 0.6279306829765545 0.08016304347826086 0.6309887869520897 0.08559782608695651 0.6381243628950052 0.08559782608695651 0.654434250764526 0.125 0.6768603465851173 0.2391304347826087 0.7033639143730887 0.25815217391304346 0.724770642201835 0.2622282608695652 0.7380224260958206 0.28804347826086957 0.7563710499490316 0.296195652173913 0.7716615698267074 0.3505434782608695 0.7686034658511722 0.37635869565217395 0.7838939857288482 0.5258152173913043 0.7971457696228339 0.5597826086956521 0.7961264016309888 0.6059782608695652 0.7879714576962285 0.6630434782608695 0.7533129459734964 0.751358695652174 0.6870540265035678 0.7622282608695652 0.6646279306829765 0.7758152173913043 0.653414882772681 0.8043478260869564 0.5881753312945974 0.7975543478260869 0.5494393476044852 0.7703804347826086 0.5147808358817534 0.7595108695652174 0.49235474006116214 0.7608695652173914 0.4689092762487258 0.7540760869565217 0.454638124362895 0.7105978260869565 0.4209989806320082 0.6997282608695652 0.41692150866462796 0.6752717391304348 0.41692150866462796 0.6467391304347826 0.40672782874617736 0.6290760869565217 0.40672782874617736 0.592391304347826 0.3975535168195719 0.5883152173913043 0.3843017329255861 0.577445652173913 0.38022426095820594 0.5557065217391304 0.38328236493374107 0.5543478260869565 0.3893985728848114 0.5366847826086956 0.3893985728848114 0.5054347826086956 0.40061162079510704 0.4741847826086956 0.39653414882772686 0.4633152173913043 0.399592252803262 0.4375 0.3893985728848114 0.4279891304347826 0.3761467889908257 0.40625 0.3761467889908257 0.3342391304347826 0.35983690112130484 0.31657608695652173 0.3486238532110092 0.29891304347826086 0.34454638124362896 0.28940217391304346 0.33333333333333337 0.2608695652173913 0.3211009174311927 0.24048913043478262 0.32008154943934763 0.1766304347826087 0.3037716615698267 0.1644021739130435 0.28440366972477066 0.11277173913043478 0.2996941896024465 0.12228260869565218 0.35474006116207957 0.11956521739130435 0.4057084607543323 0.10326086956521738 0.46279306829765543 0.08288043478260869 0.5045871559633028 0.08695652173913043 0.5198776758409787 0.08423913043478261 0.5423037716615698 0.08967391304347826 0.5555555555555556 0.07744565217391304 0.5647298674821611 0.03940217391304347 0.5749235474006117 0.03532608695652174 0.5912334352701325
48 0.8165760869565217 0.4454638124362895 0.892663043478261 0.46687054026503566 0.9035326086956521 0.4770642201834862 0.9429347826086957 0.4852191641182467 0.9578804347826086 0.48114169215086644 0.9755434782608695 0.4617737003058104 0.9701086956521738 0.4454638124362895 0.9266304347826086 0.4118246687054027 0.9103260869565217 0.3934760448521917 0.8980978260869564 0.3893985728848114 0.8722826086956521 0.3873598369011213 0.8546195652173912 0.39551478083588176 0.8165760869565217 0.43832823649337416 0.8165760869565217 0.4454638124362895
48 0.8654891304347826 0.5545361875637105 0.8736413043478259 0.563710499490316 0.8872282608695652 0.5688073394495413 0.9646739130434783 0.5871559633027523 0.9877717391304348 0.5851172273190622 0.9986413043478259 0.5769622833843018 0.9986413043478259 0.508664627930683 0.955163043478261 0.490316004077472 0.9130434782608695 0.4801223241590214 0.8899456521739131 0.4821610601427115 0.8831521739130433 0.490316004077472 0.8817934782608695 0.508664627930683 0.8736413043478259 0.5147808358817534 0.8668478260869564 0.5310907237512742 0.8654891304347826 0.5545361875637105
48 0.764945652173913 0.4994903160040775 0.8002717391304348 0.5392456676860347 0.8274456521739131 0.5535168195718654 0.8586956521739131 0.5555555555555556 0.8940217391304348 0.47196738022426094 0.8682065217391305 0.45871559633027525 0.8192934782608695 0.4485219164118247 0.7934782608695652 0.4525993883792049 0.7703804347826086 0.4658511722731906 0.763586956521739 0.47604485219164117 0.764945652173913 0.4994903160040775
48 0.75 0.39653414882772686 0.7214673913043479 0.40672782874617736 0.7228260869565217 0.4209989806320082 0.7540760869565217 0.4525993883792049 0.7690217391304348 0.4617737003058104 0.8111413043478259 0.44648318042813456 0.8383152173913043 0.4077471967380224 0.8396739130434783 0.39245667686034663 0.8369565217391305 0.3843017329255861 0.8274456521739131 0.37920489296636084 0.7730978260869565 0.37104994903160043 0.7567934782608695 0.37410805300713557 0.75 0.39653414882772686