4 0.43125 0.571875 0.4375 0.575 0.44375 0.575 0.465625 0.6015625 0.4578125 0.6078125 0.446875 0.6234375 0.446875 0.628125 0.440625 0.6421875 0.440625 0.65625 0.434375 0.6625 0.40625 0.6625 0.3984375 0.659375 0.375 0.64375 0.371875 0.6390625 0.3703125 0.628125 0.3703125 0.596875 0.38125 0.584375 0.3890625 0.578125 0.40625 0.571875 0.4296875 0.571875
4 0.6796875 0.528125 0.6890625 0.53125 0.70625 0.53125 0.728125 0.5375 0.7390625 0.54375 0.75 0.5546875 0.7578125 0.5578125 0.7703125 0.571875 0.775 0.5875 0.775 0.5984375 0.771875 0.603125 0.7609375 0.584375 0.746875 0.5703125 0.740625 0.56875 0.734375 0.5625 0.7171875 0.5546875 0.690625 0.553125 0.6859375 0.55 0.6640625 0.55 0.634375 0.559375 0.6328125 0.55625 0.634375 0.5546875 0.6296875 0.553125 0.63125 0.5515625 0.6296875 0.546875 0.6328125 0.5453125 0.6359375 0.5375 0.6546875 0.534375 0.6671875 0.528125 0.678125 0.528125
4 0.578125 0.484375 0.5828125 0.4875 0.5875 0.4875 0.6140625 0.5046875 0.6203125 0.5109375 0.6265625 0.5234375 0.6265625 0.5390625 0.6140625 0.5671875 0.5921875 0.5859375 0.5828125 0.5875 0.5421875 0.5859375 0.534375 0.5828125 0.525 0.5828125 0.5125 0.5765625 0.490625 0.559375 0.4890625 0.5546875 0.4796875 0.5453125 0.475 0.5265625 0.475 0.515625 0.4796875 0.503125 0.496875 0.490625 0.50625 0.490625 0.5234375 0.48125 0.5328125 0.4796875 0.559375 0.4796875 0.5765625 0.484375
4 0.553125 0.5890625 0.56875 0.590625 0.58125 0.5953125 0.603125 0.609375 0.609375 0.6234375 0.609375 0.63125 0.60625 0.6359375 0.603125 0.65 0.5796875 0.6734375 0.56875 0.6796875 0.5578125 0.6828125 0.5515625 0.6890625 0.54375 0.690625 0.540625 0.69375 0.5125 0.696875 0.490625 0.696875 0.4828125 0.69375 0.4734375 0.69375 0.4625 0.6859375 0.4515625 0.6828125 0.4453125 0.6765625 0.4421875 0.6578125 0.4484375 0.625 0.4609375 0.6078125 0.4640625 0.6078125 0.46875 0.603125 0.484375 0.5953125 0.4921875 0.5953125 0.51875 0.5859375 0.5515625 0.5890625
4 0.6203125 0.625 0.6296875 0.640625 0.64375 0.6515625 0.6421875 0.653125 0.6234375 0.6515625 0.6046875 0.6578125 0.6015625 0.6578125 0.6015625 0.6546875 0.6125 0.6265625 0.61875 0.625
4 0.6140625 0.625 0.6203125 0.625 0.6296875 0.640625 0.6453125 0.65 0.6484375 0.6546875 0.640625 0.65625 0.634375 0.653125 0.6171875 0.653125 0.6140625 0.65625 0.6015625 0.659375 0.609375 0.634375 0.6140625 0.6265625
4 0.6875 0.553125 0.715625 0.55625 0.734375 0.5640625 0.740625 0.5703125 0.746875 0.571875 0.7546875 0.578125 0.7703125 0.6 0.7703125 0.6125 0.7734375 0.6203125 0.7703125 0.6421875 0.7609375 0.646875 0.753125 0.65625 0.74375 0.6625 0.7234375 0.6671875 0.71875 0.6703125 0.69375 0.6703125 0.678125 0.665625 0.675 0.6625 0.665625 0.6625 0.6484375 0.653125 0.6296875 0.6375 0.6203125 0.6203125 0.61875 0.609375 0.615625 0.6046875 0.615625 0.5875 0.621875 0.5765625 0.6265625 0.5609375 0.6296875 0.5578125 0.6328125 0.5578125 0.634375 0.5546875 0.6359375 0.559375 0.640625 0.559375 0.6484375 0.5546875 0.6640625 0.5515625 0.6859375 0.553125
4 0.4703125 0.509375 0.4734375 0.5109375 0.471875 0.5234375 0.478125 0.546875 0.5 0.5703125 0.51875 0.58125 0.515625 0.584375 0.50625 0.5859375 0.4953125 0.5921875 0.48125 0.59375 0.4734375 0.5984375 0.46875 0.5984375 0.459375 0.59375 0.45625 0.5875 0.453125 0.5859375 0.4421875 0.5640625 0.4375 0.559375 0.4359375 0.55 0.4375 0.5296875 0.4421875 0.5234375 0.46875 0.5109375
4 0.3796875 0.6671875 0.4 0.671875 0.428125 0.684375 0.44375 0.7015625 0.446875 0.7140625 0.446875 0.728125 0.4265625 0.753125 0.4140625 0.75625 0.4125 0.759375 0.4078125 0.759375 0.3953125 0.7671875 0.38125 0.7671875 0.3765625 0.7703125 0.36875 0.7703125 0.3609375 0.7734375 0.3390625 0.7734375 0.328125 0.7671875 0.3140625 0.765625 0.3046875 0.759375 0.303125 0.7546875 0.2921875 0.746875 0.2890625 0.7375 0.2890625 0.715625 0.2953125 0.6984375 0.309375 0.6984375 0.31875 0.7015625 0.3390625 0.7 0.3625 0.6828125 0.365625 0.678125 0.3671875 0.66875 0.378125 0.6671875
4 0.634375 0.6546875 0.6515625 0.6578125 0.6703125 0.6671875 0.671875 0.6703125 0.653125 0.671875 0.6453125 0.6765625 0.6390625 0.6765625 0.6234375 0.6828125 0.603125 0.7046875 0.603125 0.709375 0.5921875 0.728125 0.5921875 0.7359375 0.5875 0.7515625 0.5734375 0.7453125 0.5546875 0.7265625 0.553125 0.7234375 0.553125 0.6921875 0.5625 0.684375 0.578125 0.678125 0.5875 0.66875 0.6046875 0.6578125 0.6109375 0.6578125 0.615625 0.6546875 0.6328125 0.6546875
4 0.5 0.6984375 0.5328125 0.696875 0.540625 0.6953125 0.54375 0.6921875 0.5515625 0.6921875 0.5515625 0.7125 0.528125 0.7125 0.515625 0.709375 0.5 0.7
4 0.6703125 0.671875 0.6796875 0.678125 0.6859375 0.678125 0.690625 0.68125 0.7046875 0.684375 0.709375 0.6890625 0.728125 0.6984375 0.7390625 0.709375 0.740625 0.7234375 0.746875 0.7359375 0.7421875 0.74375 0.7390625 0.759375 0.725 0.7734375 0.721875 0.7734375 0.703125 0.7875 0.6671875 0.796875 0.646875 0.796875 0.64375 0.79375 0.6265625 0.790625 0.6125 0.7828125 0.6046875 0.7765625 0.6015625 0.76875 0.5890625 0.7515625 0.59375 0.7296875 0.6046875 0.709375 0.6046875 0.7046875 0.615625 0.69375 0.61875 0.6875 0.628125 0.68125 0.6453125 0.678125 0.6578125 0.671875 0.66875 0.671875
4 0.475 0.696875 0.4984375 0.7015625 0.5 0.7046875 0.5265625 0.715625 0.5359375 0.721875 0.540625 0.7265625 0.540625 0.73125 0.5515625 0.7484375 0.55 0.775 0.534375 0.79375 0.4953125 0.80625 0.4765625 0.80625 0.475 0.8078125 0.4421875 0.80625 0.4265625 0.796875 0.421875 0.796875 0.409375 0.790625 0.40625 0.784375 0.396875 0.775 0.3984375 0.76875 0.4109375 0.7609375 0.415625 0.7609375 0.4171875 0.7578125 0.425 0.75625 0.434375 0.7484375 0.4484375 0.7296875 0.4484375 0.7078125 0.44375 0.7 0.4453125 0.696875 0.45625 0.69375 0.4734375 0.696875
4 0.640625 0.5359375 0.634375 0.540625 0.634375 0.5453125 0.625 0.5578125 0.615625 0.58125 0.6140625 0.6078125 0.6171875 0.6203125 0.6140625 0.621875 0.603125 0.6046875 0.5890625 0.596875 0.584375 0.590625 0.6015625 0.58125 0.61875 0.5625 0.6203125 0.5546875 0.628125 0.540625 0.634375 0.5359375 0.6390625 0.5359375
52 0.1671195652173913 0.5718654434250765 0.18206521739130435 0.5871559633027523 0.22690217391304346 0.6106014271151886 0.25815217391304346 0.6156982670744139 0.3043478260869565 0.6095820591233435 0.33152173913043476 0.5953109072375128 0.34510869565217395 0.5790010193679919 0.34375 0.5219164118246687 0.3247282608695652 0.48114169215086644 0.3016304347826087 0.47910295616717635 0.26902173913043476 0.4974515800203874 0.20652173913043476 0.5219164118246687 0.17391304347826086 0.5433231396534148 0.1644021739130435 0.5565749235474006 0.1671195652173913 0.5718654434250765
52 0.22690217391304346 0.6299694189602446 0.21467391304347827 0.6381243628950052 0.21603260869565216 0.6432212028542305 0.24320652173913043 0.6687054026503568 0.296195652173913 0.6941896024464832 0.33695652173913043 0.6982670744138634 0.358695652173913 0.6819571865443426 0.3668478260869565 0.6513761467889909 0.3668478260869565 0.6075433231396534 0.36277173913043476 0.5932721712538227 0.3505434782608695 0.581039755351682 0.327445652173913 0.6004077471967381 0.2907608695652174 0.6146788990825688 0.2296195652173913 0.6156982670744139 0.22418478260869565 0.6218144750254841 0.22690217391304346 0.6299694189602446
52 0.327445652173913 0.4648318042813456 0.3342391304347826 0.4994903160040775 0.35190217391304346 0.5331294597349643 0.37228260869565216 0.5402650356778798 0.3967391304347826 0.5372069317023446 0.4578804347826087 0.5127420998980632 0.5 0.4841997961264016 0.5054347826086956 0.4740061162079511 0.5 0.45871559633027525 0.46875 0.4444444444444445 0.4130434782608695 0.436289500509684 0.360054347826087 0.43527013251783897 0.33695652173913043 0.4444444444444445 0.33016304347826086 0.45158002038735984 0.327445652173913 0.4648318042813456
52 0.32065217391304346 0.47196738022426094 0.327445652173913 0.44954128440366975 0.358695652173913 0.4342507645259939 0.391304347826087 0.4322120285423038 0.46059782608695654 0.4413863404689093 0.4279891304347826 0.4209989806320082 0.3695652173913043 0.4026503567787971 0.35190217391304346 0.40366972477064217 0.327445652173913 0.4128440366972478 0.3192934782608695 0.4332313965341489 0.32065217391304346 0.47196738022426094
52 0.1671195652173913 0.3934760448521917 0.17119565217391303 0.39857288481141695 0.20516304347826084 0.3873598369011213 0.22010869565217392 0.38634046890927626 0.2703804347826087 0.399592252803262 0.30978260869565216 0.4159021406727829 0.358695652173913 0.399592252803262 0.35733695652173914 0.3843017329255861 0.32065217391304346 0.32415902140672787 0.29891304347826086 0.3037716615698267 0.2730978260869565 0.2945973496432212 0.24320652173913043 0.2945973496432212 0.21603260869565216 0.3129459734964322 0.16847826086956522 0.37512742099898067 0.1671195652173913 0.3934760448521917
52 0.13043478260869565 0.4597349643221203 0.1480978260869565 0.5076452599388379 0.20244565217391303 0.5147808358817534 0.2323369565217391 0.5096839959225281 0.2907608695652174 0.48114169215086644 0.3125 0.4566768603465851 0.31385869565217395 0.4281345565749236 0.30978260869565216 0.41997961264016315 0.27445652173913043 0.4026503567787971 0.2323369565217391 0.3893985728848114 0.21195652173913043 0.3873598369011213 0.19701086956521738 0.3904179408766565 0.16847826086956522 0.4046890927624872 0.13722826086956522 0.41080530071355764 0.13179347826086957 0.4189602446483181 0.13043478260869565 0.4597349643221203
52 0.13179347826086957 0.5565749235474006 0.13994565217391303 0.582059123343527 0.15353260869565216 0.601427115188583 0.18206521739130435 0.6258919469928644 0.21331521739130435 0.6269113149847094 0.22010869565217392 0.6228338430173292 0.22418478260869565 0.6116207951070336 0.17527173913043476 0.5830784913353722 0.16032608695652173 0.5586136595310907 0.1766304347826087 0.5392456676860347 0.1983695652173913 0.5259938837920489 0.2010869565217391 0.5188583078491336 0.1793478260869565 0.5117227319062182 0.1453804347826087 0.5107033639143731 0.13179347826086957 0.5219164118246687 0.13179347826086957 0.5565749235474006
44 0.5230978260869565 0.4597349643221203 0.5353260869565217 0.472986748216106 0.5964673913043479 0.4852191641182467 0.6141304347826086 0.46992864424057085 0.6195652173913043 0.45769622833843016 0.6195652173913043 0.4342507645259939 0.6114130434782609 0.41997961264016315 0.608695652173913 0.3975535168195719 0.5964673913043479 0.39245667686034663 0.577445652173913 0.3934760448521917 0.5434782608695652 0.4209989806320082 0.5244565217391304 0.4444444444444445 0.5230978260869565 0.4597349643221203
44 0.6019021739130435 0.48725790010193687 0.6046195652173914 0.49439347604485223 0.6304347826086956 0.5147808358817534 0.688858695652174 0.5290519877675841 0.7065217391304348 0.528032619775739 0.720108695652174 0.5188583078491336 0.7214673913043479 0.5005096839959225 0.7160326086956521 0.4862385321100918 0.6807065217391304 0.4444444444444445 0.6657608695652174 0.44036697247706424 0.6480978260869565 0.4444444444444445 0.6222826086956521 0.47196738022426094 0.6059782608695652 0.48114169215086644 0.6019021739130435 0.48725790010193687
44 0.7214673913043479 0.4933741080530072 0.7296195652173914 0.5168195718654435 0.7527173913043479 0.5259938837920489 0.794836956521739 0.527013251783894 0.8206521739130433 0.5188583078491336 0.8355978260869564 0.5025484199796126 0.8315217391304348 0.47196738022426094 0.8369565217391305 0.45361875637105 0.8233695652173912 0.44036697247706424 0.8002717391304348 0.43832823649337416 0.751358695652174 0.45871559633027525 0.7282608695652174 0.4770642201834862 0.7214673913043479 0.4933741080530072
44 0.7078804347826086 0.4271151885830785 0.7269021739130435 0.4454638124362895 0.7432065217391304 0.4505606523955148 0.763586956521739 0.4505606523955148 0.7975543478260869 0.43730886850152906 0.8070652173913043 0.4118246687054027 0.8084239130434783 0.3853211009174312 0.794836956521739 0.3557594291539246 0.7785326086956521 0.3486238532110092 0.764945652173913 0.34964322120285424 0.7228260869565217 0.3690112130479103 0.701086956521739 0.3730886850152905 0.7078804347826086 0.4271151885830785
44 0.6154891304347826 0.4240570846075434 0.638586956521739 0.44036697247706424 0.686141304347826 0.44240570846075433 0.702445652173913 0.4281345565749236 0.7051630434782609 0.40876656472986744 0.6997282608695652 0.39245667686034663 0.6793478260869565 0.37104994903160043 0.6644021739130435 0.3669724770642202 0.6413043478260869 0.36799184505606525 0.6195652173913043 0.381243628950051 0.6141304347826086 0.39245667686034663 0.6154891304347826 0.4240570846075434
44 0.657608695652174 0.34658511722731905 0.6630434782608695 0.35881753312945974 0.6807065217391304 0.36799184505606525 0.701086956521739 0.3690112130479103 0.7404891304347826 0.36187563710499493 0.7554347826086956 0.35474006116207957 0.764945652173913 0.345565749235474 0.7676630434782609 0.32415902140672787 0.7554347826086956 0.2976554536187564 0.7432065217391304 0.2915392456676861 0.7241847826086956 0.2915392456676861 0.6671195652173914 0.31804281345565755 0.6603260869565217 0.3312945973496432 0.657608695652174 0.34658511722731905
44 0.5706521739130435 0.35270132517838937 0.5842391304347826 0.382262996941896 0.6127717391304348 0.38634046890927626 0.65625 0.35474006116207957 0.6589673913043479 0.3211009174311927 0.6358695652173914 0.3129459734964322 0.595108695652174 0.31702344546381245 0.5801630434782609 0.327217125382263 0.5720108695652174 0.345565749235474 0.5706521739130435 0.35270132517838937
44 0.37364130434782605 0.31702344546381245 0.391304347826087 0.3302752293577982 0.42527173913043476 0.33333333333333337 0.4442934782608695 0.3394495412844037 0.47010869565217395 0.3394495412844037 0.47146739130434784 0.31396534148827726 0.48097826086956524 0.29561671763506625 0.4415760869565217 0.2609582059123344 0.41440217391304346 0.25484199796126406 0.40353260869565216 0.2579001019367992 0.38858695652173914 0.28236493374108057 0.37228260869565216 0.2945973496432212 0.37364130434782605 0.31702344546381245
44 0.3546195652173913 0.37410805300713557 0.3695652173913043 0.39857288481141695 0.42391304347826086 0.4189602446483181 0.43614130434782605 0.41794087665647306 0.4429347826086956 0.4057084607543323 0.4470108695652174 0.3761467889908257 0.4375 0.3394495412844037 0.4279891304347826 0.3343527013251784 0.39402173913043476 0.33333333333333337 0.37228260869565216 0.34046890927624873 0.3559782608695652 0.35474006116207957 0.3546195652173913 0.37410805300713557
44 0.4429347826086956 0.41794087665647306 0.45108695652173914 0.4281345565749236 0.4850543478260869 0.4505606523955148 0.5027173913043479 0.454638124362895 0.5203804347826086 0.4475025484199796 0.5339673913043479 0.4281345565749236 0.5706521739130435 0.3934760448521917 0.5733695652173914 0.3761467889908257 0.561141304347826 0.3690112130479103 0.546195652173913 0.382262996941896 0.5224184782608695 0.3853211009174312 0.5027173913043479 0.381243628950051 0.4891304347826087 0.36799184505606525 0.48233695652173914 0.36799184505606525 0.44972826086956524 0.3843017329255861 0.4442934782608695 0.40366972477064217 0.4429347826086956 0.41794087665647306
44 0.4741847826086956 0.3425076452599388 0.4959239130434782 0.37410805300713557 0.514945652173913 0.3843017329255861 0.546195652173913 0.381243628950051 0.5597826086956521 0.36799184505606525 0.5801630434782609 0.3211009174311927 0.5679347826086956 0.2925586136595311 0.5394021739130435 0.27930682976554533 0.5067934782608695 0.28440366972477066 0.4904891304347826 0.2884811416921509 0.4741847826086956 0.3129459734964322 0.4741847826086956 0.3425076452599388
44 0.5842391304347826 0.27217125382262997 0.6005434782608695 0.29663608562691135 0.6114130434782609 0.30275229357798167 0.6657608695652174 0.3149847094801223 0.6997282608695652 0.2996941896024465 0.6997282608695652 0.28746177370030584 0.6752717391304348 0.2466870540265036 0.6494565217391304 0.2252803261977574 0.6277173913043479 0.23343527013251783 0.5855978260869565 0.26605504587155965 0.5842391304347826 0.27217125382262997
44 0.48777173913043476 0.2925586136595311 0.5054347826086956 0.28440366972477066 0.5434782608695652 0.2803261977573904 0.5597826086956521 0.2854230377166157 0.5747282608695652 0.2976554536187564 0.577445652173913 0.3211009174311927 0.592391304347826 0.31396534148827726 0.595108695652174 0.2915392456676861 0.577445652173913 0.26809378185524974 0.5652173913043479 0.26299694189602446 0.5407608695652174 0.2619775739041794 0.514945652173913 0.2691131498470948 0.4891304347826087 0.28950050968399593 0.48777173913043476 0.2925586136595311