39 0.6671875 0.175 0.684375 0.1765625 0.6875 0.1796875 0.7125 0.1859375 0.7234375 0.1859375 0.7265625 0.1890625 0.7390625 0.190625 0.75 0.196875 0.7609375 0.2 0.7703125 0.2 0.775 0.203125 0.7828125 0.203125 0.7859375 0.20625 0.8046875 0.209375 0.821875 0.2171875 0.8234375 0.2203125 0.828125 0.2203125 0.8359375 0.2265625 0.840625 0.2265625 0.846875 0.2328125 0.8640625 0.240625 0.8828125 0.253125 0.8921875 0.265625 0.9046875 0.2765625 0.9046875 0.2796875 0.915625 0.2921875 0.921875 0.3140625 0.9203125 0.315625 0.921875 0.3359375 0.915625 0.35625 0.915625 0.36875 0.9125 0.3734375 0.9078125 0.378125 0.896875 0.3828125 0.8859375 0.39375 0.884375 0.3984375 0.8765625 0.4 0.871875 0.40625 0.8578125 0.409375 0.8484375 0.415625 0.84375 0.415625 0.8421875 0.41875 0.8375 0.41875 0.828125 0.425 0.8109375 0.4296875 0.8 0.4359375 0.7890625 0.4359375 0.7828125 0.4390625 0.7734375 0.4390625 0.76875 0.4421875 0.7609375 0.4421875 0.7546875 0.4453125 0.71875 0.4515625 0.690625 0.45 0.675 0.453125 0.646875 0.453125 0.6453125 0.4546875 0.63125 0.453125 0.628125 0.4546875 0.6171875 0.453125 0.6125 0.4546875 0.584375 0.4546875 0.5828125 0.453125 0.58125 0.4546875 0.55 0.4546875 0.5484375 0.453125 0.5234375 0.4546875 0.521875 0.453125 0.4890625 0.453125 0.4484375 0.4453125 0.4171875 0.44375 0.4 0.4390625 0.3890625 0.4390625 0.3671875 0.4328125 0.334375 0.4296875 0.3296875 0.4265625 0.3109375 0.4234375 0.2984375 0.415625 0.2921875 0.415625 0.2890625 0.4125 0.2828125 0.4125 0.2625 0.4046875 0.2328125 0.3859375 0.225 0.378125 0.2125 0.371875 0.1796875 0.3453125 0.1765625 0.3375 0.16875 0.33125 0.1609375 0.31875 0.15625 0.3046875 0.15625 0.2921875 0.1640625 0.28125 0.1671875 0.2703125 0.171875 0.2640625 0.209375 0.234375 0.23125 0.2234375 0.2375 0.2234375 0.240625 0.2203125 0.2703125 0.215625 0.284375 0.209375 0.290625 0.209375 0.29375 0.20625 0.3 0.20625 0.303125 0.203125 0.309375 0.203125 0.3125 0.2 0.3359375 0.19375 0.34375 0.19375 0.35 0.190625 0.35625 0.1921875 0.35625 0.2 0.365625 0.2203125 0.3625 0.228125 0.340625 0.2390625 0.3375 0.24375 0.3375 0.2484375 0.3421875 0.253125 0.34375 0.2609375 0.35 0.271875 0.353125 0.2734375 0.353125 0.278125 0.3703125 0.29375 0.3921875 0.3 0.425 0.3 0.4453125 0.2890625 0.4515625 0.2828125 0.4859375 0.26875 0.5 0.2703125 0.509375 0.2734375 0.5109375 0.2765625 0.5171875 0.2765625 0.5328125 0.284375 0.578125 0.2828125 0.5921875 0.2734375 0.59375 0.26875 0.5984375 0.2671875 0.6046875 0.259375 0.6171875 0.253125 0.625 0.240625 0.628125 0.240625 0.6359375 0.246875 0.640625 0.246875 0.6515625 0.2328125 0.6546875 0.2171875 0.6578125 0.2140625 0.6703125 0.2125 0.675 0.209375 0.671875 0.1875 0.6671875 0.1765625
39 0.8578125 0.5390625 0.8625 0.540625 0.8671875 0.546875 0.8640625 0.5625 0.853125 0.5734375 0.8453125 0.5765625 0.840625 0.5828125 0.828125 0.5921875 0.8125 0.6 0.8109375 0.603125 0.796875 0.60625 0.784375 0.6125 0.7796875 0.6171875 0.771875 0.61875 0.7609375 0.6171875 0.7578125 0.6203125 0.753125 0.6203125 0.740625 0.6265625 0.734375 0.6265625 0.7109375 0.634375 0.690625 0.6359375 0.6734375 0.6421875 0.6484375 0.64375 0.6390625 0.646875 0.6109375 0.646875 0.5890625 0.65 0.546875 0.65 0.5453125 0.6484375 0.53125 0.65 0.51875 0.646875 0.4625 0.6421875 0.4375 0.6328125 0.4171875 0.6296875 0.3875 0.6203125 0.3796875 0.615625 0.38125 0.6109375 0.4125 0.61875 0.4515625 0.621875 0.4578125 0.625 0.478125 0.625 0.48125 0.628125 0.4890625 0.6296875 0.5125 0.6296875 0.5140625 0.63125 0.5171875 0.6296875 0.54375 0.6328125 0.5671875 0.6296875 0.578125 0.63125 0.5796875 0.6296875 0.615625 0.628125 0.61875 0.625 0.621875 0.6265625 0.6421875 0.625 0.646875 0.621875 0.659375 0.621875 0.6734375 0.6171875 0.6828125 0.6171875 0.70625 0.6078125 0.7140625 0.6078125 0.71875 0.6046875 0.73125 0.6046875 0.734375 0.6015625 0.7578125 0.6 0.771875 0.603125 0.775 0.6 0.775 0.5953125 0.7796875 0.59375 0.7828125 0.5875 0.803125 0.578125 0.8296875 0.5578125 0.85 0.5375 0.85625 0.5390625
39 0.6671875 0.175 0.684375 0.1765625 0.703125 0.184375 0.721875 0.1859375 0.725 0.1890625 0.7375 0.190625 0.75 0.196875 0.7609375 0.2 0.7703125 0.2 0.775 0.203125 0.803125 0.209375 0.8421875 0.228125 0.85625 0.2390625 0.8640625 0.240625 0.865625 0.24375 0.88125 0.253125 0.9140625 0.290625 0.921875 0.3140625 0.921875 0.3375 0.9171875 0.35 0.915625 0.36875 0.9078125 0.3796875 0.9078125 0.4015625 0.9046875 0.40625 0.9046875 0.425 0.8984375 0.4359375 0.9 0.440625 0.8984375 0.471875 0.8953125 0.478125 0.884375 0.4875 0.8828125 0.5 0.878125 0.5140625 0.8734375 0.5203125 0.8734375 0.5390625 0.8640625 0.5609375 0.83125 0.5890625 0.828125 0.5890625 0.809375 0.603125 0.7953125 0.60625 0.7875 0.6125 0.771875 0.61875 0.7578125 0.6359375 0.7390625 0.65 0.71875 0.65625 0.7171875 0.659375 0.7125 0.659375 0.703125 0.665625 0.6875 0.6671875 0.6828125 0.6703125 0.65 0.6796875 0.625 0.6796875 0.615625 0.6828125 0.5734375 0.6828125 0.5625 0.6859375 0.525 0.6859375 0.509375 0.6828125 0.48125 0.6828125 0.4765625 0.6796875 0.4296875 0.6734375 0.4109375 0.6671875 0.3953125 0.665625 0.3734375 0.65625 0.3375 0.6484375 0.3125 0.6328125 0.309375 0.6265625 0.309375 0.6125 0.3140625 0.59375 0.3125 0.5890625 0.2875 0.5703125 0.28125 0.56875 0.2796875 0.565625 0.275 0.565625 0.26875 0.559375 0.253125 0.55 0.23125 0.5265625 0.21875 0.509375 0.215625 0.4953125 0.209375 0.4875 0.209375 0.478125 0.20625 0.46875 0.20625 0.446875 0.1984375 0.4328125 0.19375 0.4140625 0.1875 0.4046875 0.1859375 0.3953125 0.1796875 0.3828125 0.178125 0.3640625 0.18125 0.35625 0.18125 0.346875 0.159375 0.3140625 0.15625 0.3015625 0.1578125 0.2890625 0.1625 0.284375 0.1703125 0.2671875 0.209375 0.234375 0.225 0.2265625 0.2296875 0.2265625 0.2328125 0.2234375 0.2390625 0.2234375 0.240625 0.2203125 0.25 0.2203125 0.25625 0.2171875 0.2703125 0.215625 0.284375 0.209375 0.290625 0.209375 0.2921875 0.20625 0.3109375 0.203125 0.3125 0.2 0.346875 0.1921875 0.35625 0.1921875 0.35625 0.203125 0.3640625 0.215625 0.3640625 0.225 0.3515625 0.234375 0.340625 0.2390625 0.3390625 0.2484375 0.3421875 0.2515625 0.346875 0.2671875 0.353125 0.2734375 0.35625 0.28125 0.3734375 0.29375 0.3953125 0.3 0.4234375 0.3 0.43125 0.296875 0.4546875 0.2796875 0.46875 0.2765625 0.4859375 0.2671875 0.5140625 0.2734375 0.5328125 0.284375 0.578125 0.2828125 0.590625 0.2734375 0.59375 0.2671875 0.596875 0.2671875 0.6078125 0.25625 0.6140625 0.2546875 0.6234375 0.240625 0.63125 0.240625 0.634375 0.24375 0.64375 0.2421875 0.6515625 0.23125 0.6515625 0.2234375 0.6546875 0.2171875 0.659375 0.2125 0.66875 0.2125 0.675 0.20625 0.671875 0.1953125 0.671875 0.1859375 0.6671875 0.1765625
39 0.8703125 0.45 0.878125 0.44375 0.8875 0.440625 0.8984375 0.440625 0.9 0.4421875 0.896875 0.453125 0.8984375 0.4703125 0.8953125 0.4796875 0.884375 0.4875 0.8796875 0.503125 0.86875 0.515625 0.85625 0.5234375 0.85 0.5234375 0.846875 0.5265625 0.8390625 0.5296875 0.83125 0.5296875 0.8265625 0.5328125 0.8015625 0.5359375 0.7921875 0.5390625 0.7859375 0.5453125 0.759375 0.553125 0.753125 0.553125 0.7484375 0.55625 0.7453125 0.5546875 0.7109375 0.55625 0.703125 0.559375 0.6953125 0.559375 0.6828125 0.565625 0.6640625 0.5625 0.6625 0.559375 0.615625 0.559375 0.6140625 0.5609375 0.578125 0.559375 0.571875 0.5625 0.5609375 0.5625 0.5578125 0.565625 0.5453125 0.565625 0.54375 0.56875 0.53125 0.56875 0.525 0.565625 0.490625 0.565625 0.4875 0.5625 0.4671875 0.5625 0.4640625 0.559375 0.459375 0.559375 0.45625 0.55625 0.4484375 0.55625 0.4453125 0.553125 0.4203125 0.55 0.4171875 0.546875 0.4109375 0.5484375 0.4015625 0.5421875 0.384375 0.5390625 0.3734375 0.5328125 0.371875 0.54375 0.3734375 0.5484375 0.3765625 0.55 0.36875 0.546875 0.34375 0.546875 0.3234375 0.5328125 0.321875 0.5234375 0.3171875 0.5234375 0.3125 0.5265625 0.303125 0.5265625 0.3 0.5234375 0.2921875 0.5234375 0.2828125 0.515625 0.2796875 0.515625 0.278125 0.5125 0.271875 0.509375 0.265625 0.496875 0.2609375 0.496875 0.2515625 0.4890625 0.2453125 0.4875 0.24375 0.48125 0.2359375 0.475 0.2203125 0.475 0.2171875 0.478125 0.2171875 0.4828125 0.2140625 0.484375 0.215625 0.4875 0.2140625 0.4890625 0.2125 0.4875 0.2140625 0.484375 0.2109375 0.48125 0.2125 0.4671875 0.209375 0.4625 0.2109375 0.4546875 0.215625 0.4578125 0.21875 0.4640625 0.225 0.4640625 0.234375 0.46875 0.246875 0.4671875 0.2484375 0.4640625 0.259375 0.4609375 0.271875 0.4765625 0.2796875 0.4765625 0.2875 0.48125 0.3046875 0.48125 0.3109375 0.484375 0.3125 0.4875 0.3390625 0.5 0.3421875 0.4984375 0.3578125 0.5015625 0.3921875 0.5015625 0.396875 0.5046875 0.409375 0.5046875 0.4171875 0.5078125 0.4375 0.5078125 0.4484375 0.5109375 0.4671875 0.5109375 0.46875 0.5125 0.4765625 0.5109375 0.5046875 0.5125 0.5125 0.5171875 0.5125 0.5234375 0.51875 0.53125 0.5265625 0.5328125 0.5390625 0.53125 0.5671875 0.5171875 0.6609375 0.5171875 0.6671875 0.5203125 0.684375 0.5203125 0.6921875 0.515625 0.703125 0.5171875 0.715625 0.5109375 0.7203125 0.5109375 0.7234375 0.5078125 0.7328125 0.5078125 0.7359375 0.5046875 0.7484375 0.5046875 0.753125 0.5015625 0.7640625 0.5015625 0.784375 0.49375 0.790625 0.49375 0.7984375 0.490625 0.8046875 0.484375 0.809375 0.484375 0.8125 0.48125 0.8171875 0.48125 0.8390625 0.4703125 0.85 0.4671875 0.8703125 0.4515625
39 0.3125 0.5953125 0.3265625 0.5984375 0.3515625 0.6140625 0.3765625 0.6171875 0.403125 0.628125 0.4109375 0.628125 0.4203125 0.6328125 0.4328125 0.634375 0.459375 0.64375 0.4734375 0.64375 0.525 0.6515625 0.634375 0.65 0.65625 0.6453125 0.6765625 0.64375 0.68125 0.640625 0.696875 0.640625 0.6984375 0.6390625 0.703125 0.640625 0.7078125 0.6375 0.753125 0.625 0.75625 0.621875 0.7703125 0.621875 0.7640625 0.6328125 0.7375 0.653125 0.7328125 0.653125 0.715625 0.6625 0.709375 0.6625 0.70625 0.665625 0.7 0.665625 0.6796875 0.6734375 0.6578125 0.6765625 0.6546875 0.6796875 0.60625 0.684375 0.559375 0.6859375 0.5578125 0.6875 0.4953125 0.6859375 0.4859375 0.6828125 0.4734375 0.6828125 0.4671875 0.6796875 0.4234375 0.6734375 0.40625 0.6671875 0.390625 0.665625 0.378125 0.659375 0.359375 0.65625 0.34375 0.65 0.3359375 0.65 0.3140625 0.6359375 0.3078125 0.6265625 0.3078125 0.6078125 0.3125 0.596875
39 0.2140625 0.4765625 0.234375 0.478125 0.2390625 0.4828125 0.240625 0.4890625 0.2484375 0.490625 0.2578125 0.496875 0.2625 0.503125 0.265625 0.503125 0.2765625 0.51875 0.2859375 0.5234375 0.290625 0.5234375 0.29375 0.5265625 0.3 0.5265625 0.3046875 0.53125 0.3140625 0.5296875 0.31875 0.53125 0.3265625 0.540625 0.3328125 0.54375 0.334375 0.546875 0.3421875 0.5484375 0.34375 0.5515625 0.35625 0.5546875 0.371875 0.553125 0.38125 0.5578125 0.390625 0.5578125 0.3984375 0.5609375 0.4234375 0.5609375 0.428125 0.5640625 0.4359375 0.5640625 0.45625 0.571875 0.4828125 0.571875 0.490625 0.575 0.5234375 0.5796875 0.5359375 0.578125 0.5453125 0.58125 0.6390625 0.58125 0.6671875 0.571875 0.7203125 0.5703125 0.7359375 0.5671875 0.7390625 0.5640625 0.7546875 0.559375 0.7828125 0.5578125 0.7921875 0.5515625 0.8078125 0.546875 0.8234375 0.5359375 0.8453125 0.5328125 0.853125 0.528125 0.853125 0.5453125 0.8484375 0.5515625 0.84375 0.5515625 0.834375 0.5578125 0.8265625 0.559375 0.8 0.5796875 0.784375 0.5875 0.7796875 0.5875 0.771875 0.59375 0.7609375 0.59375 0.7515625 0.603125 0.7484375 0.6 0.7203125 0.603125 0.715625 0.60625 0.6953125 0.609375 0.6859375 0.615625 0.678125 0.615625 0.6734375 0.61875 0.64375 0.6234375 0.6296875 0.6234375 0.6234375 0.6265625 0.5859375 0.628125 0.584375 0.6296875 0.490625 0.6296875 0.475 0.6234375 0.4546875 0.6234375 0.45 0.6203125 0.415625 0.61875 0.396875 0.6125 0.371875 0.6125 0.3625 0.60625 0.3546875 0.60625 0.3515625 0.6 0.334375 0.5984375 0.315625 0.5890625 0.3109375 0.5796875 0.3 0.578125 0.28125 0.56875 0.2640625 0.55625 0.2609375 0.55625 0.240625 0.5375 0.21875 0.509375 0.21875 0.5046875 0.2140625 0.4953125 0.215625 0.4921875 0.2140625 0.478125
39 0.18125 0.353125 0.1859375 0.353125 0.209375 0.3734375 0.2265625 0.3828125 0.234375 0.390625 0.2484375 0.396875 0.259375 0.40625 0.2671875 0.4078125 0.2703125 0.4109375 0.2765625 0.4109375 0.2796875 0.4140625 0.2859375 0.4140625 0.296875 0.4203125 0.3015625 0.4203125 0.3109375 0.428125 0.3390625 0.43125 0.34375 0.434375 0.3609375 0.434375 0.3671875 0.4375 0.3984375 0.4421875 0.4140625 0.446875 0.4515625 0.4484375 0.4640625 0.453125 0.4828125 0.453125 0.5109375 0.4578125 0.646875 0.4578125 0.6671875 0.4546875 0.70625 0.4546875 0.7078125 0.453125 0.7296875 0.453125 0.7375 0.45 0.7515625 0.45 0.78125 0.440625 0.803125 0.4375 0.8140625 0.43125 0.8328125 0.4265625 0.853125 0.4140625 0.875 0.4078125 0.88125 0.4015625 0.884375 0.4015625 0.8984375 0.3875 0.9078125 0.3875 0.9078125 0.4 0.9046875 0.4046875 0.9046875 0.428125 0.9 0.4328125 0.8953125 0.4359375 0.8859375 0.4359375 0.8796875 0.4390625 0.8640625 0.453125 0.8421875 0.4671875 0.8046875 0.4796875 0.7890625 0.4890625 0.7734375 0.4921875 0.7703125 0.4953125 0.759375 0.4984375 0.740625 0.5 0.703125 0.5125 0.6921875 0.509375 0.6859375 0.5125 0.671875 0.5140625 0.665625 0.5125 0.6640625 0.5140625 0.659375 0.5125 0.5578125 0.5140625 0.5484375 0.5125 0.54375 0.509375 0.5234375 0.509375 0.521875 0.5109375 0.490625 0.5078125 0.459375 0.509375 0.4484375 0.50625 0.403125 0.503125 0.3953125 0.5 0.3640625 0.4984375 0.359375 0.4953125 0.3359375 0.4921875 0.3296875 0.4890625 0.3234375 0.4890625 0.3078125 0.4765625 0.2984375 0.475 0.2703125 0.45 0.2671875 0.45 0.2609375 0.45625 0.2609375 0.459375 0.25 0.459375 0.2453125 0.4640625 0.23125 0.4640625 0.2140625 0.45 0.2125 0.4421875 0.209375 0.4390625 0.2046875 0.4390625 0.1984375 0.4328125 0.196875 0.4203125 0.1875 0.4046875 0.1875 0.4 0.178125 0.38125 0.178125 0.3625 0.18125 0.3546875
8 0.36277173913043476 0.2038735983690112 0.37228260869565216 0.22120285423037717 0.4157608695652174 0.21712538226299696 0.45244565217391297 0.236493374108053 0.4959239130434782 0.21916411824668708 0.5054347826086956 0.20693170234454641 0.5027173913043479 0.18858307849133538 0.4891304347826087 0.16819571865443425 0.47690217391304346 0.15800203873598367 0.44565217391304346 0.14576962283384304 0.4130434782608695 0.14475025484199797 0.3980978260869565 0.1488277268093782 0.3777173913043478 0.16106014271151886 0.36277173913043476 0.18144750254842 0.36277173913043476 0.2038735983690112
8 0.5285326086956521 0.1906218144750255 0.5353260869565217 0.20285423037716616 0.5733695652173914 0.23139653414882771 0.623641304347826 0.2324159021406728 0.6467391304347826 0.21916411824668708 0.657608695652174 0.20591233435270134 0.6630434782608695 0.1906218144750255 0.654891304347826 0.16615698267074414 0.6358695652173914 0.14678899082568808 0.6141304347826086 0.1365953109072375 0.5720108695652174 0.13149847094801223 0.5557065217391304 0.13353720693170235 0.5353260869565217 0.15188583078491336 0.5285326086956521 0.16615698267074414 0.5285326086956521 0.1906218144750255
8 0.4592391304347826 0.14780835881753313 0.4932065217391304 0.17023445463812437 0.5095108695652174 0.19673802242609584 0.5190217391304348 0.199796126401631 0.5258152173913043 0.19367991845056065 0.5244565217391304 0.17227319062181448 0.532608695652174 0.15188583078491336 0.5529891304347826 0.13353720693170235 0.5815217391304348 0.12945973496432212 0.5733695652173914 0.12130479102956168 0.5339673913043479 0.1019367991845056 0.5190217391304348 0.10091743119266054 0.4796195652173913 0.1182466870540265 0.46059782608695654 0.13761467889908258 0.4592391304347826 0.14780835881753313
8 0.16032608695652173 0.6381243628950052 0.17119565217391303 0.654434250764526 0.1983695652173913 0.6697247706422018 0.21603260869565216 0.671763506625892 0.2608695652173913 0.6656472986748216 0.28532608695652173 0.654434250764526 0.30027173913043476 0.6340468909276249 0.3029891304347826 0.5881753312945974 0.28125 0.5718654434250765 0.25815217391304346 0.561671763506626 0.22826086956521738 0.5596330275229359 0.20652173913043476 0.563710499490316 0.18206521739130435 0.5749235474006117 0.16032608695652173 0.5963302752293578 0.16032608695652173 0.6381243628950052
8 0.10869565217391304 0.5565749235474006 0.11548913043478262 0.5718654434250765 0.1263586956521739 0.581039755351682 0.1576086956521739 0.5902140672782875 0.1875 0.5708460754332314 0.23641304347826084 0.5555555555555556 0.24048913043478262 0.5504587155963303 0.24048913043478262 0.5433231396534148 0.21331521739130435 0.508664627930683 0.1888586956521739 0.4994903160040775 0.16576086956521738 0.5015290519877676 0.12771739130434784 0.5158002038735984 0.11548913043478262 0.5259938837920489 0.11005434782608696 0.5392456676860347 0.10869565217391304 0.5565749235474006
8 0.8682065217391305 0.562691131498471 0.8709239130434783 0.5688073394495413 0.9035326086956521 0.5922528032619776 0.9334239130434783 0.5912334352701325 0.9538043478260869 0.5840978593272171 0.9714673913043479 0.5667686034658512 0.9728260869565217 0.5524974515800204 0.9619565217391305 0.5249745158002039 0.9524456521739131 0.5147808358817534 0.9347826086956521 0.5076452599388379 0.9076086956521738 0.5066258919469929 0.8940217391304348 0.5107033639143731 0.8831521739130433 0.5229357798165137 0.8682065217391305 0.562691131498471