6 0.390625 0.08125 0.403125 0.0828125 0.4078125 0.0859375 0.4125 0.0921875 0.4125 0.1015625 0.4078125 0.10625 0.396875 0.1078125 0.3921875 0.1109375 0.384375 0.1109375 0.3796875 0.1140625 0.3703125 0.115625 0.3546875 0.1140625 0.3484375 0.1046875 0.35 0.096875 0.3546875 0.0921875 0.3640625 0.090625 0.3796875 0.0828125 0.3890625 0.0828125
6 0.2265625 0.45625 0.2390625 0.471875 0.240625 0.48125 0.2390625 0.4875 0.234375 0.4921875 0.2234375 0.4953125 0.2109375 0.49375 0.1984375 0.4859375 0.190625 0.4765625 0.1890625 0.4625 0.190625 0.4578125 0.1953125 0.4546875 0.2125 0.453125 0.225 0.45625
6 0.6390625 0.2890625 0.65 0.29375 0.6546875 0.3 0.6546875 0.3109375 0.6515625 0.315625 0.6453125 0.31875 0.6359375 0.31875 0.625 0.3078125 0.625 0.296875 0.6296875 0.2921875 0.6375 0.2890625
6 0.3078125 0.234375 0.315625 0.2375 0.321875 0.24375 0.321875 0.25625 0.3109375 0.2671875 0.309375 0.271875 0.2984375 0.271875 0.29375 0.26875 0.2859375 0.259375 0.28125 0.2484375 0.2828125 0.240625 0.290625 0.2328125 0.30625 0.234375
6 0.784375 0.25625 0.7953125 0.2640625 0.7984375 0.275 0.796875 0.28125 0.7859375 0.2890625 0.7609375 0.2890625 0.7546875 0.284375 0.7546875 0.2765625 0.7609375 0.2671875 0.771875 0.259375 0.7828125 0.25625
6 0.259375 0.50625 0.265625 0.5078125 0.2765625 0.5171875 0.2796875 0.5234375 0.2765625 0.5296875 0.2625 0.5390625 0.23125 0.5453125 0.2203125 0.54375 0.209375 0.5375 0.20625 0.5328125 0.209375 0.521875 0.2203125 0.5140625 0.234375 0.5078125 0.2578125 0.50625
6 0.528125 0.0875 0.5359375 0.09375 0.5375 0.1 0.5296875 0.1109375 0.525 0.1109375 0.5203125 0.1140625 0.4984375 0.1140625 0.490625 0.1109375 0.4890625 0.1078125 0.4796875 0.103125 0.478125 0.0921875 0.4796875 0.0890625 0.4859375 0.0859375 0.525 0.0859375 0.5265625 0.0875
6 0.4671875 0.084375 0.4703125 0.0890625 0.4703125 0.0984375 0.4671875 0.1046875 0.453125 0.1140625 0.4484375 0.1140625 0.44375 0.1171875 0.428125 0.1171875 0.421875 0.1140625 0.4171875 0.10625 0.4171875 0.096875 0.434375 0.0859375 0.440625 0.0859375 0.446875 0.0828125 0.4640625 0.0828125 0.465625 0.084375
6 0.3359375 0.284375 0.346875 0.2875 0.3609375 0.296875 0.3703125 0.30625 0.371875 0.309375 0.3703125 0.315625 0.3609375 0.321875 0.340625 0.321875 0.3296875 0.31875 0.3234375 0.315625 0.3125 0.3046875 0.3125 0.29375 0.3171875 0.2875 0.33125 0.2828125 0.334375 0.284375
6 0.2828125 0.2921875 0.2890625 0.296875 0.2890625 0.3078125 0.2828125 0.315625 0.2765625 0.3171875 0.2671875 0.3125 0.2625 0.3 0.265625 0.29375 0.2703125 0.29375 0.275 0.290625 0.28125 0.2921875
6 0.734375 0.228125 0.746875 0.234375 0.75625 0.234375 0.7625 0.240625 0.759375 0.2515625 0.7390625 0.271875 0.728125 0.2703125 0.71875 0.271875 0.7140625 0.26875 0.709375 0.2609375 0.709375 0.2484375 0.715625 0.2359375 0.721875 0.2296875 0.7328125 0.228125
6 0.1953125 0.496875 0.203125 0.5015625 0.20625 0.50625 0.20625 0.5140625 0.203125 0.51875 0.19375 0.5234375 0.18125 0.525 0.1578125 0.525 0.1453125 0.521875 0.1359375 0.515625 0.1328125 0.5046875 0.1375 0.4984375 0.15 0.4953125 0.19375 0.496875
6 0.528125 0.2015625 0.5375 0.2109375 0.5375 0.21875 0.5296875 0.23125 0.5203125 0.2359375 0.5078125 0.234375 0.496875 0.2203125 0.496875 0.2125 0.503125 0.203125 0.5265625 0.2015625
6 0.509375 0.4828125 0.5109375 0.484375 0.5234375 0.4828125 0.5421875 0.4875 0.5453125 0.4921875 0.54375 0.4984375 0.5390625 0.503125 0.534375 0.503125 0.5296875 0.50625 0.5125 0.50625 0.496875 0.4984375 0.49375 0.4921875 0.4953125 0.4875 0.4984375 0.484375 0.5078125 0.4828125
6 0.121875 0.2109375 0.1234375 0.2125 0.125 0.2109375 0.1453125 0.2125 0.1546875 0.2171875 0.1546875 0.228125 0.146875 0.2421875 0.13125 0.2484375 0.1078125 0.2484375 0.1015625 0.2453125 0.0953125 0.2375 0.09375 0.23125 0.096875 0.2234375 0.109375 0.2125 0.1203125 0.2109375
6 0.5078125 0.4078125 0.5125 0.415625 0.5125 0.425 0.5078125 0.4328125 0.496875 0.4390625 0.475 0.4421875 0.459375 0.4421875 0.4484375 0.4359375 0.446875 0.43125 0.4484375 0.4203125 0.4609375 0.4109375 0.465625 0.4109375 0.46875 0.4078125 0.484375 0.40625 0.50625 0.4078125
6 0.628125 0.103125 0.64375 0.1109375 0.6578125 0.128125 0.659375 0.1359375 0.6578125 0.140625 0.6546875 0.1453125 0.646875 0.146875 0.640625 0.1453125 0.625 0.134375 0.621875 0.13125 0.6265625 0.128125 0.625 0.125 0.6140625 0.125 0.609375 0.121875 0.60625 0.115625 0.60625 0.109375 0.6125 0.103125 0.6265625 0.103125
6 0.3953125 0.4828125 0.4203125 0.4875 0.4296875 0.49375 0.43125 0.5 0.4265625 0.509375 0.4140625 0.5140625 0.3890625 0.5125 0.375 0.4984375 0.3734375 0.4921875 0.375 0.4875 0.3796875 0.484375 0.39375 0.4828125
6 0.30625 0.1109375 0.3140625 0.115625 0.3171875 0.1203125 0.3171875 0.1265625 0.3109375 0.134375 0.2953125 0.1375 0.290625 0.140625 0.26875 0.140625 0.2546875 0.13125 0.2515625 0.1265625 0.253125 0.121875 0.259375 0.115625 0.2796875 0.109375 0.303125 0.109375 0.3046875 0.1109375
6 0.5046875 0.2828125 0.509375 0.2859375 0.5109375 0.290625 0.509375 0.3015625 0.4984375 0.309375 0.4765625 0.3140625 0.4609375 0.3140625 0.4515625 0.309375 0.4484375 0.30625 0.4484375 0.2921875 0.453125 0.2875 0.4640625 0.2828125 0.4859375 0.2828125 0.4875 0.28125 0.503125 0.2828125
6 0.6796875 0.2 0.6890625 0.196875 0.7015625 0.2 0.7078125 0.2046875 0.7078125 0.215625 0.7046875 0.21875 0.6984375 0.21875 0.69375 0.215625 0.6796875 0.2125 0.678125 0.2109375 0.6796875 0.2015625
6 0.575 0.075 0.5828125 0.0796875 0.584375 0.084375 0.5828125 0.0921875 0.553125 0.1 0.5421875 0.096875 0.5265625 0.08125 0.5375 0.0734375 0.5515625 0.0703125 0.5734375 0.075
6 0.5640625 0.4375 0.5796875 0.446875 0.5828125 0.4546875 0.5578125 0.46875 0.553125 0.46875 0.5515625 0.4640625 0.5421875 0.45625 0.540625 0.4453125 0.5421875 0.440625 0.5484375 0.4375 0.5625 0.4375
6 0.6140625 0.3546875 0.628125 0.35625 0.640625 0.3609375 0.646875 0.3703125 0.6453125 0.3796875 0.6421875 0.3828125 0.609375 0.378125 0.6015625 0.36875 0.6 0.3625 0.6046875 0.35625 0.6125 0.3546875
6 0.7796875 0.2234375 0.7828125 0.221875 0.7921875 0.2234375 0.8015625 0.2296875 0.803125 0.2359375 0.8109375 0.24375 0.8109375 0.2609375 0.803125 0.265625 0.796875 0.2640625 0.7828125 0.2515625 0.78125 0.240625 0.7765625 0.234375 0.7765625 0.228125 0.7796875 0.225
6 0.4265625 0.121875 0.4390625 0.1265625 0.446875 0.1328125 0.446875 0.1453125 0.4328125 0.15625 0.409375 0.159375 0.3921875 0.1578125 0.378125 0.1515625 0.3734375 0.14375 0.375 0.1359375 0.3796875 0.1296875 0.390625 0.121875 0.396875 0.1203125 0.425 0.121875
6 0.509375 0.3203125 0.5171875 0.3265625 0.51875 0.33125 0.5140625 0.3390625 0.50625 0.3421875 0.4859375 0.3421875 0.46875 0.3390625 0.4671875 0.3359375 0.4640625 0.3359375 0.4609375 0.328125 0.4640625 0.3234375 0.471875 0.3203125 0.4828125 0.3203125 0.490625 0.3171875 0.5078125 0.3203125
6 0.571875 0.271875 0.5828125 0.28125 0.590625 0.296875 0.5890625 0.3078125 0.578125 0.3140625 0.5640625 0.3125 0.5421875 0.2890625 0.5421875 0.275 0.546875 0.2703125 0.5609375 0.26875 0.5703125 0.271875
6 0.6578125 0.1671875 0.665625 0.1703125 0.6765625 0.1796875 0.678125 0.19375 0.675 0.196875 0.6609375 0.1953125 0.646875 0.18125 0.6453125 0.171875 0.65625 0.1671875
6 0.39609375 0.52734375 0.03359375 0.0234375
6 0.7296875 0.1828125 0.7390625 0.1859375 0.7484375 0.19375 0.7484375 0.2046875 0.7390625 0.2109375 0.7296875 0.2109375 0.7265625 0.2078125 0.7109375 0.2046875 0.6984375 0.1921875 0.7 0.1859375 0.709375 0.18125 0.728125 0.1828125
6 0.109375 0.53125 0.1203125 0.5375 0.128125 0.55 0.1328125 0.5515625 0.1390625 0.5578125 0.1375 0.5734375 0.1296875 0.5796875 0.1203125 0.5796875 0.1078125 0.5734375 0.084375 0.55 0.0828125 0.540625 0.0859375 0.534375 0.0984375 0.5296875 0.1078125 0.53125
6 0.0765625 0.39375 0.0828125 0.396875 0.10625 0.421875 0.1078125 0.4296875 0.103125 0.4390625 0.0890625 0.4421875 0.075 0.4421875 0.0578125 0.4375 0.046875 0.428125 0.0421875 0.41875 0.0421875 0.4 0.0453125 0.396875 0.0578125 0.390625 0.071875 0.390625 0.075 0.39375
6 0.190625 0.353125 0.203125 0.3609375 0.2078125 0.3671875 0.2078125 0.378125 0.2109375 0.3890625 0.2078125 0.3953125 0.203125 0.3984375 0.1921875 0.3984375 0.1875 0.3953125 0.18125 0.3890625 0.171875 0.371875 0.171875 0.3640625 0.175 0.3578125 0.18125 0.353125 0.1890625 0.353125
6 0.33125 0.4984375 0.328125 0.490625 0.334375 0.4703125 0.3453125 0.4578125 0.3546875 0.453125 0.365625 0.453125 0.3734375 0.4578125 0.375 0.4640625 0.3734375 0.4796875 0.36875 0.484375 0.3640625 0.4953125 0.3484375 0.503125 0.340625 0.503125 0.3328125 0.4984375
6 0.459375 0.1828125 0.04375 0.0328125
6 0.36875 0.14375 0.3734375 0.15 0.3734375 0.1578125 0.3703125 0.1640625 0.3625 0.175 0.353125 0.18125 0.3421875 0.184375 0.3375 0.184375 0.3234375 0.178125 0.3234375 0.1640625 0.3265625 0.1578125 0.334375 0.15 0.3390625 0.15 0.3484375 0.14375 0.3546875 0.1421875 0.3671875 0.14375
6 0.74375 0.315625 0.7484375 0.3171875 0.75 0.3203125 0.7484375 0.3359375 0.7359375 0.3484375 0.7296875 0.3484375 0.7140625 0.3390625 0.7125 0.33125 0.734375 0.3171875 0.7421875 0.315625
6 0.6015625 0.315625 0.6234375 0.3265625 0.628125 0.334375 0.628125 0.3390625 0.6234375 0.346875 0.6125 0.35 0.5953125 0.3484375 0.5875 0.3453125 0.5765625 0.3359375 0.5765625 0.328125 0.5859375 0.3171875 0.59375 0.3140625 0.6 0.315625
6 0.5953125 0.240625 0.625 0.2453125 0.6296875 0.253125 0.628125 0.2609375 0.6203125 0.265625 0.6078125 0.2671875 0.590625 0.265625 0.5859375 0.25625 0.5875 0.25 0.59375 0.2421875
6 0.5734375 0.209375 0.5875 0.2078125 0.59375 0.209375 0.6 0.215625 0.6 0.221875 0.5921875 0.23125 0.571875 0.234375 0.5625 0.2265625 0.5625 0.2203125 0.5734375 0.2109375
6 0.2578125 0.4 0.2640625 0.39375 0.28125 0.3875 0.2890625 0.3875 0.29375 0.39375 0.29375 0.4078125 0.290625 0.4140625 0.290625 0.421875 0.2859375 0.428125 0.278125 0.4328125 0.2546875 0.4328125 0.25 0.4296875 0.246875 0.41875 0.2578125 0.4015625
6 0.2859375 0.3203125 0.2984375 0.3234375 0.303125 0.328125 0.3046875 0.3453125 0.3015625 0.35 0.3015625 0.3546875 0.290625 0.371875 0.2796875 0.378125 0.2609375 0.3765625 0.2546875 0.36875 0.2546875 0.3578125 0.259375 0.3515625 0.2609375 0.3375 0.271875 0.325 0.284375 0.3203125
6 0.1921875 0.259375 0.2046875 0.2640625 0.2078125 0.26875 0.20625 0.275 0.2 0.28125 0.184375 0.2859375 0.1578125 0.2859375 0.153125 0.2890625 0.14375 0.2890625 0.134375 0.2921875 0.128125 0.2921875 0.1171875 0.284375 0.115625 0.2765625 0.121875 0.2671875 0.1328125 0.2640625 0.1640625 0.2625 0.1703125 0.259375 0.190625 0.259375
6 0.5921875 0.096875 0.5984375 0.109375 0.596875 0.1140625 0.5828125 0.125 0.5625 0.134375 0.5515625 0.134375 0.5421875 0.1265625 0.540625 0.11875 0.5421875 0.1125 0.553125 0.103125 0.5671875 0.096875 0.575 0.0953125 0.590625 0.096875
6 0.10625 0.459375 0.1125 0.4609375 0.1171875 0.465625 0.1203125 0.4828125 0.1171875 0.4921875 0.109375 0.496875 0.09375 0.4953125 0.0875 0.4828125 0.0875 0.4703125 0.090625 0.4640625 0.09375 0.4609375 0.1046875 0.459375
6 0.6578125 0.2375 0.6640625 0.2390625 0.671875 0.246875 0.6765625 0.25625 0.6734375 0.2703125 0.6625 0.2796875 0.6484375 0.278125 0.640625 0.271875 0.640625 0.2609375 0.646875 0.2484375 0.646875 0.24375 0.6484375 0.240625 0.65625 0.2375
6 0.6859375 0.215625 0.69375 0.2171875 0.7078125 0.2265625 0.70625 0.234375 0.6890625 0.2421875 0.675 0.2421875 0.66875 0.2390625 0.665625 0.234375 0.6625 0.234375 0.6578125 0.228125 0.659375 0.221875 0.6671875 0.215625 0.684375 0.215625
6 0.2140625 0.4140625 0.2203125 0.421875 0.2265625 0.4234375 0.234375 0.434375 0.234375 0.4390625 0.228125 0.446875 0.215625 0.45 0.2046875 0.45 0.1875 0.4453125 0.16875 0.4328125 0.1640625 0.421875 0.1640625 0.4171875 0.1671875 0.4125 0.175 0.4078125 0.2015625 0.4078125 0.2109375 0.4109375 0.2125 0.4140625
6 0.1765625 0.29375 0.1796875 0.2984375 0.1796875 0.3078125 0.1734375 0.315625 0.1625 0.321875 0.1515625 0.321875 0.134375 0.328125 0.1203125 0.328125 0.1078125 0.31875 0.1078125 0.3078125 0.1125 0.303125 0.125 0.296875 0.1421875 0.296875 0.153125 0.2921875 0.165625 0.290625 0.175 0.29375
6 0.75 0.1859375 0.759375 0.1859375 0.7609375 0.1890625 0.7671875 0.190625 0.7734375 0.1984375 0.778125 0.2125 0.775 0.221875 0.7703125 0.225 0.759375 0.225 0.75 0.2140625 0.75 0.196875 0.7484375 0.1953125 0.75 0.1875
6 0.371875 0.3625 0.3796875 0.3671875 0.3828125 0.371875 0.3828125 0.378125 0.3734375 0.390625 0.3703125 0.3984375 0.365625 0.4015625 0.353125 0.403125 0.34375 0.4015625 0.340625 0.396875 0.3375 0.3875 0.3375 0.3734375 0.3453125 0.3640625 0.3546875 0.3609375 0.3703125 0.3625
6 0.146875 0.334375 0.1671875 0.3328125 0.1734375 0.334375 0.1796875 0.3421875 0.1796875 0.3484375 0.171875 0.3546875 0.15625 0.35625 0.1515625 0.3546875 0.14375 0.34375 0.14375 0.3375 0.146875 0.3359375
6 0.215625 0.1640625 0.2234375 0.1671875 0.234375 0.1671875 0.2484375 0.175 0.259375 0.184375 0.2625 0.1890625 0.2625 0.2 0.2578125 0.20625 0.253125 0.2078125 0.240625 0.2078125 0.2359375 0.2046875 0.23125 0.2046875 0.1984375 0.1875 0.196875 0.184375 0.1984375 0.1703125 0.2046875 0.165625 0.2140625 0.1640625
6 0.4328125 0.278125 0.4359375 0.2859375 0.440625 0.290625 0.440625 0.2984375 0.4359375 0.3078125 0.4203125 0.3046875 0.4140625 0.296875 0.4140625 0.2890625 0.4171875 0.2828125 0.428125 0.2765625 0.43125 0.278125
6 0.4921875 0.2203125 0.5015625 0.2265625 0.503125 0.2375 0.4890625 0.246875 0.478125 0.2484375 0.4671875 0.253125 0.4546875 0.253125 0.4453125 0.2484375 0.4421875 0.24375 0.4421875 0.2390625 0.4484375 0.2265625 0.478125 0.21875 0.490625 0.2203125
6 0.38125 0.2546875 0.390625 0.2640625 0.3921875 0.271875 0.384375 0.28125 0.36875 0.2859375 0.3453125 0.2859375 0.3359375 0.284375 0.3328125 0.28125 0.315625 0.284375 0.3109375 0.278125 0.3125 0.2671875 0.3171875 0.2625 0.3296875 0.259375 0.3390625 0.253125 0.378125 0.253125 0.3796875 0.2546875
6 0.05 0.43125 0.0546875 0.4375 0.059375 0.4375 0.071875 0.44375 0.0734375 0.4484375 0.08125 0.45625 0.0796875 0.4640625 0.075 0.46875 0.0671875 0.471875 0.053125 0.46875 0.0390625 0.45625 0.0359375 0.45 0.0375 0.4359375 0.0421875 0.4296875 0.0484375 0.43125
6 0.4078125 0.1828125 0.4265625 0.1890625 0.43125 0.196875 0.43125 0.203125 0.421875 0.2109375 0.3984375 0.2171875 0.378125 0.2140625 0.3703125 0.2078125 0.3671875 0.2 0.36875 0.19375 0.378125 0.1859375 0.3890625 0.1828125 0.40625 0.1828125
6 0.546875 0.3640625 0.5515625 0.36875 0.55625 0.3796875 0.5546875 0.3859375 0.546875 0.3890625 0.534375 0.3859375 0.521875 0.378125 0.521875 0.365625 0.528125 0.3609375 0.5421875 0.3609375 0.5453125 0.3640625
6 0.26875 0.4375 0.278125 0.44375 0.2796875 0.453125 0.2765625 0.459375 0.2671875 0.46875 0.259375 0.4703125 0.2421875 0.46875 0.2375 0.4625 0.2375 0.45 0.2421875 0.44375 0.2484375 0.440625 0.2671875 0.4375
6 0.303125 0.403125 0.315625 0.396875 0.3234375 0.396875 0.3296875 0.403125 0.3296875 0.4109375 0.321875 0.425 0.3203125 0.434375 0.30625 0.4390625 0.2953125 0.4390625 0.290625 0.4328125 0.2921875 0.4203125 0.296875 0.4109375 0.303125 0.4046875
6 0.2640625 0.1390625 0.2703125 0.1421875 0.2796875 0.1515625 0.28125 0.1578125 0.2796875 0.165625 0.2734375 0.171875 0.265625 0.1734375 0.2546875 0.1703125 0.2515625 0.171875 0.2484375 0.16875 0.24375 0.16875 0.2296875 0.1578125 0.225 0.1484375 0.225 0.1421875 0.2328125 0.1359375 0.2515625 0.134375 0.259375 0.1359375 0.2625 0.1390625
6 0.4734375 0.371875 0.48125 0.3734375 0.4890625 0.3796875 0.4890625 0.3890625 0.475 0.4015625 0.471875 0.4015625 0.4609375 0.409375 0.4515625 0.409375 0.4375 0.4046875 0.434375 0.396875 0.4375 0.38125 0.4484375 0.3734375 0.471875 0.371875
6 0.7078125 0.2828125 0.709375 0.2875 0.7078125 0.3015625 0.69375 0.31875 0.68125 0.31875 0.675 0.3109375 0.675 0.303125 0.6796875 0.29375 0.6859375 0.2890625 0.6890625 0.2828125 0.6984375 0.2796875 0.703125 0.2796875 0.70625 0.2828125
6 0.596875 0.125 0.6109375 0.1265625 0.6171875 0.1328125 0.6265625 0.1375 0.6234375 0.1515625 0.6203125 0.1546875 0.609375 0.1578125 0.590625 0.1578125 0.5796875 0.1515625 0.575 0.1453125 0.5734375 0.1375 0.578125 0.1296875 0.5953125 0.125
6 0.3171875 0.5 0.321875 0.503125 0.3234375 0.515625 0.31875 0.521875 0.30625 0.525 0.2828125 0.521875 0.2703125 0.50625 0.271875 0.4921875 0.2734375 0.490625 0.290625 0.490625 0.29375 0.49375 0.3 0.49375 0.303125 0.496875 0.315625 0.5
6 0.790625 0.29375 0.8015625 0.3 0.8015625 0.315625 0.79375 0.3203125 0.7671875 0.31875 0.7625 0.3171875 0.7578125 0.3109375 0.7578125 0.303125 0.7609375 0.296875 0.771875 0.29375 0.7890625 0.29375
6 0.2546875 0.2234375 0.265625 0.2390625 0.265625 0.246875 0.259375 0.2515625 0.2375 0.2515625 0.2296875 0.246875 0.221875 0.2328125 0.2234375 0.21875 0.228125 0.215625 0.2421875 0.215625 0.246875 0.2171875 0.253125 0.2234375
6 0.415625 0.30625 0.4265625 0.3171875 0.415625 0.328125 0.396875 0.3171875 0.396875 0.3109375 0.40625 0.30625 0.4140625 0.30625
6 0.08125 0.4796875 0.0921875 0.49375 0.09375 0.50625 0.0890625 0.5125 0.071875 0.51875 0.0625 0.5171875 0.05 0.51875 0.0453125 0.5140625 0.0421875 0.50625 0.040625 0.4875 0.0453125 0.48125 0.05625 0.4765625 0.0734375 0.4765625 0.0796875 0.4796875
6 0.40859375 0.2734375 0.03515625 0.0296875
6 0.3359375 0.3375 0.34375 0.334375 0.365625 0.3328125 0.3703125 0.340625 0.3703125 0.353125 0.3671875 0.35625 0.3625 0.359375 0.3515625 0.359375 0.3453125 0.3625 0.3359375 0.359375 0.33125 0.353125 0.33125 0.3453125 0.3359375 0.3390625
6 0.68125 0.3265625 0.6890625 0.334375 0.6859375 0.3453125 0.6734375 0.3546875 0.6546875 0.3625 0.6484375 0.359375 0.64375 0.353125 0.64375 0.346875 0.646875 0.340625 0.65625 0.3328125 0.6796875 0.3265625
6 0.15625 0.165625 0.1640625 0.1671875 0.171875 0.1734375 0.184375 0.1859375 0.1859375 0.1921875 0.1734375 0.2046875 0.146875 0.2046875 0.1453125 0.20625 0.1359375 0.2046875 0.125 0.1921875 0.125 0.1796875 0.1375 0.1671875 0.1546875 0.165625
6 0.5375 0.3359375 0.5484375 0.3375 0.553125 0.34375 0.553125 0.3546875 0.5421875 0.359375 0.521875 0.359375 0.515625 0.3515625 0.515625 0.3453125 0.521875 0.3375 0.5359375 0.3359375
6 0.703125 0.1359375 0.7234375 0.14375 0.7375 0.15625 0.7390625 0.171875 0.7296875 0.178125 0.7171875 0.178125 0.6984375 0.171875 0.684375 0.1609375 0.6796875 0.1515625 0.6796875 0.14375 0.6875 0.1390625 0.7015625 0.1359375
6 0.575 0.2359375 0.5828125 0.240625 0.584375 0.2484375 0.5828125 0.25625 0.5765625 0.2609375 0.55625 0.2625 0.55 0.265625 0.5390625 0.265625 0.5296875 0.2625 0.525 0.2578125 0.525 0.2484375 0.528125 0.24375 0.54375 0.2359375 0.5734375 0.2359375
6 0.57265625 0.46875 0.03671875 0.0265625
6 0.5703125 0.1734375 0.5796875 0.1765625 0.5859375 0.1859375 0.5828125 0.19375 0.578125 0.1953125 0.553125 0.178125 0.553125 0.175 0.56875 0.1734375
6 0.3859375 0.315625 0.3953125 0.3171875 0.415625 0.3328125 0.4203125 0.34375 0.41875 0.3546875 0.415625 0.359375 0.4078125 0.3609375 0.396875 0.359375 0.3859375 0.3546875 0.375 0.3453125 0.36875 0.3328125 0.36875 0.325 0.375 0.3171875 0.384375 0.3171875
6 0.546875 0.30625 0.553125 0.3125 0.5515625 0.321875 0.540625 0.325 0.5234375 0.3234375 0.521875 0.3109375 0.5328125 0.303125 0.540625 0.303125 0.5421875 0.30625 0.5453125 0.30625
6 0.25625 0.3015625 0.2609375 0.3046875 0.2640625 0.3109375 0.265625 0.3171875 0.2625 0.3265625 0.2546875 0.3390625 0.2421875 0.3421875 0.2375 0.3421875 0.2265625 0.3359375 0.2234375 0.33125 0.2234375 0.31875 0.234375 0.303125 0.2421875 0.3 0.2546875 0.3015625
6 0.3734375 0.4078125 0.3875 0.4109375 0.3921875 0.4140625 0.3953125 0.41875 0.3953125 0.425 0.3828125 0.4375 0.3734375 0.4421875 0.3546875 0.4453125 0.3375 0.44375 0.3265625 0.4390625 0.3234375 0.4359375 0.3234375 0.428125 0.3265625 0.421875 0.340625 0.4109375 0.3515625 0.4078125 0.371875 0.4078125
6 0.165625 0.45 0.1765625 0.4578125 0.1765625 0.4703125 0.165625 0.4828125 0.1484375 0.4921875 0.13125 0.4921875 0.125 0.4890625 0.121875 0.48125 0.121875 0.4734375 0.125 0.465625 0.1359375 0.45625 0.153125 0.45 0.1640625 0.45
6 0.065625 0.3390625 0.0703125 0.340625 0.0765625 0.346875 0.08125 0.359375 0.078125 0.38125 0.0734375 0.3828125 0.071875 0.3859375 0.0640625 0.3875 0.0515625 0.3859375 0.0390625 0.375 0.034375 0.365625 0.0359375 0.35 0.04375 0.3421875 0.053125 0.3390625 0.0640625 0.3390625
6 0.3765625 0.5015625 0.3828125 0.5109375 0.3828125 0.5203125 0.3796875 0.528125 0.371875 0.5390625 0.3625 0.5453125 0.353125 0.546875 0.34375 0.5453125 0.3359375 0.5375 0.334375 0.51875 0.346875 0.5046875 0.35625 0.5 0.36875 0.4984375 0.375 0.5015625
6 0.3015625 0.4640625 0.30625 0.4671875 0.3109375 0.4671875 0.3234375 0.478125 0.325 0.4859375 0.31875 0.4921875 0.296875 0.4921875 0.2921875 0.4890625 0.2859375 0.4890625 0.2765625 0.4828125 0.275 0.4703125 0.2859375 0.4640625 0.3 0.4640625
6 0.7390625 0.2828125 0.74375 0.2890625 0.7390625 0.3109375 0.7234375 0.321875 0.7078125 0.321875 0.703125 0.315625 0.703125 0.3109375 0.709375 0.3015625 0.7109375 0.29375 0.71875 0.2859375 0.7265625 0.2828125 0.7375 0.2828125
6 0.5578125 0.409375 0.5703125 0.4234375 0.56875 0.4296875 0.5609375 0.434375 0.5359375 0.4328125 0.528125 0.428125 0.5234375 0.421875 0.5234375 0.4140625 0.528125 0.4078125 0.5546875 0.4078125 0.55625 0.409375
6 0.6296875 0.2125 0.6453125 0.2203125 0.6484375 0.225 0.65 0.23125 0.646875 0.2375 0.6390625 0.2421875 0.6203125 0.2421875 0.6046875 0.2375 0.5984375 0.23125 0.5984375 0.2265625 0.6046875 0.221875 0.6046875 0.2171875 0.6078125 0.2140625 0.615625 0.2109375 0.628125 0.2125
6 0.678125 0.353125 0.6859375 0.3515625 0.690625 0.353125 0.696875 0.359375 0.6953125 0.365625 0.6859375 0.3765625 0.6765625 0.38125 0.66875 0.3796875 0.6609375 0.375 0.6609375 0.36875 0.6671875 0.3609375 0.678125 0.3546875
6 0.47421875 0.20859375 0.0296875 0.0203125
6 0.603125 0.3859375 0.6078125 0.3875 0.6140625 0.39375 0.61875 0.40625 0.6109375 0.415625 0.5984375 0.421875 0.5859375 0.425 0.5734375 0.4234375 0.565625 0.415625 0.5625 0.390625 0.5640625 0.3875 0.578125 0.3828125 0.6015625 0.3859375
6 0.628125 0.2734375 0.6328125 0.278125 0.6328125 0.2859375 0.6234375 0.2921875 0.6109375 0.2953125 0.59375 0.2921875 0.5921875 0.2859375 0.59375 0.278125 0.6125 0.2703125 0.6203125 0.2703125 0.6265625 0.2734375
6 0.1140625 0.253125 0.11875 0.25625 0.1234375 0.25625 0.1234375 0.2609375 0.115625 0.26875 0.1140625 0.28125 0.1046875 0.2859375 0.09375 0.2796875 0.0921875 0.271875 0.09375 0.2640625 0.0984375 0.25625 0.1046875 0.253125 0.1125 0.253125
6 0.515625 0.1171875 0.5296875 0.1203125 0.53125 0.1234375 0.540625 0.128125 0.5453125 0.1359375 0.5453125 0.140625 0.5390625 0.1453125 0.5203125 0.1453125 0.509375 0.1375 0.4953125 0.13125 0.49375 0.1234375 0.496875 0.11875 0.5015625 0.115625 0.5140625 0.1171875
6 0.5046875 0.1359375 0.5203125 0.1484375 0.5296875 0.1671875 0.528125 0.175 0.5203125 0.18125 0.5140625 0.1828125 0.5015625 0.1796875 0.49375 0.171875 0.4890625 0.159375 0.48125 0.15 0.48125 0.140625 0.4859375 0.1359375 0.49375 0.134375 0.503125 0.1359375
6 0.5078125 0.2515625 0.515625 0.259375 0.5125 0.2703125 0.5078125 0.275 0.49375 0.278125 0.4765625 0.278125 0.4625 0.275 0.459375 0.271875 0.459375 0.2609375 0.465625 0.25625 0.475 0.25625 0.48125 0.253125 0.5 0.25 0.50625 0.2515625
6 0.103125 0.290625 0.109375 0.3 0.10625 0.315625 0.1 0.325 0.09375 0.328125 0.090625 0.3328125 0.0828125 0.3359375 0.0671875 0.334375 0.059375 0.3296875 0.0578125 0.3265625 0.059375 0.3109375 0.0625 0.3046875 0.075 0.29375 0.09375 0.2875 0.1015625 0.290625
6 0.5625 0.1859375 0.571875 0.190625 0.5734375 0.2 0.571875 0.20625 0.5640625 0.2140625 0.559375 0.215625 0.5421875 0.215625 0.5359375 0.20625 0.53125 0.203125 0.528125 0.1921875 0.540625 0.1859375 0.5609375 0.1859375
6 0.0875 0.5171875 0.090625 0.5203125 0.090625 0.5296875 0.084375 0.5328125 0.0828125 0.5359375 0.06875 0.5359375 0.0546875 0.5328125 0.05 0.5265625 0.05 0.521875 0.0515625 0.5203125 0.075 0.5203125 0.0859375 0.5171875
6 0.628125 0.1734375 0.653125 0.1859375 0.65625 0.1984375 0.6546875 0.2046875 0.6484375 0.2078125 0.625 0.2078125 0.6234375 0.2046875 0.60625 0.1984375 0.596875 0.1921875 0.59375 0.1875 0.59375 0.1765625 0.596875 0.1734375 0.609375 0.1703125 0.6265625 0.1734375
6 0.1375 0.4015625 0.1421875 0.403125 0.15 0.4109375 0.153125 0.4171875 0.1546875 0.4296875 0.1484375 0.4453125 0.1421875 0.4515625 0.1359375 0.453125 0.1234375 0.453125 0.1171875 0.4484375 0.1125 0.4359375 0.1109375 0.4234375 0.1078125 0.4203125 0.109375 0.4109375 0.1125 0.4078125 0.1296875 0.4 0.1359375 0.4015625
6 0.2109375 0.2875 0.2171875 0.290625 0.2203125 0.296875 0.221875 0.3140625 0.2140625 0.328125 0.2 0.334375 0.190625 0.334375 0.1828125 0.33125 0.178125 0.325 0.178125 0.3125 0.1875 0.29375 0.2015625 0.2875 0.209375 0.2875
6 0.146875 0.3703125 0.153125 0.3671875 0.1625 0.36875 0.1703125 0.3734375 0.1765625 0.38125 0.175 0.3953125 0.1640625 0.4046875 0.1515625 0.4078125 0.146875 0.40625 0.1390625 0.3984375 0.1390625 0.38125 0.140625 0.3765625 0.146875 0.371875
6 0.4234375 0.446875 0.4390625 0.4546875 0.44375 0.4625 0.434375 0.4703125 0.4109375 0.475 0.39375 0.475 0.3859375 0.471875 0.3828125 0.46875 0.3828125 0.4578125 0.3859375 0.453125 0.3984375 0.446875 0.421875 0.446875
6 0.4546875 0.4640625 0.459375 0.4609375 0.4703125 0.4609375 0.4890625 0.4734375 0.4890625 0.4828125 0.4828125 0.4859375 0.4671875 0.4859375 0.4515625 0.475 0.4515625 0.46875 0.4546875 0.465625
6 0.165625 0.5453125 0.178125 0.546875 0.1859375 0.553125 0.1890625 0.559375 0.1890625 0.5703125 0.184375 0.5796875 0.16875 0.5859375 0.1546875 0.5875 0.146875 0.5859375 0.1421875 0.578125 0.1421875 0.571875 0.146875 0.5546875 0.1515625 0.5484375 0.1640625 0.5453125
48 0.09103260869565218 0.6483180428134557 0.09918478260869565 0.671763506625892 0.11277173913043478 0.6850152905198776 0.14945652173913043 0.6982670744138634 0.22282608695652173 0.6992864424057085 0.24728260869565216 0.6880733944954128 0.2758152173913043 0.6676860346585117 0.2730978260869565 0.6401630988786953 0.2608695652173913 0.6126401630988787 0.24456521739130435 0.5963302752293578 0.20652173913043476 0.5779816513761469 0.12228260869565218 0.598369011213048 0.10190217391304349 0.6116207951070336 0.09239130434782608 0.6279306829765545 0.09103260869565218 0.6483180428134557
48 0.23097826086956524 0.5779816513761469 0.27717391304347827 0.6269113149847094 0.28260869565217395 0.6646279306829765 0.3464673913043478 0.6656472986748216 0.4021739130434782 0.6432212028542305 0.4008152173913043 0.617737003058104 0.3695652173913043 0.5657492354740061 0.35190217391304346 0.561671763506626 0.3192934782608695 0.5443425076452599 0.3029891304347826 0.5443425076452599 0.24184782608695649 0.5575942915392457 0.23641304347826084 0.563710499490316 0.23097826086956524 0.5779816513761469
48 0.37907608695652173 0.581039755351682 0.4103260869565217 0.6432212028542305 0.41847826086956524 0.6503567787971458 0.4646739130434782 0.6574923547400612 0.501358695652174 0.6513761467889909 0.5190217391304348 0.6422018348623854 0.532608695652174 0.6228338430173292 0.53125 0.617737003058104 0.5108695652173914 0.5790010193679919 0.48233695652173914 0.5565749235474006 0.44972826086956524 0.5412844036697247 0.38858695652173914 0.5423037716615698 0.375 0.54638124362895 0.37907608695652173 0.581039755351682
48 0.4619565217391305 0.5188583078491336 0.4755434782608695 0.5372069317023446 0.4728260869565217 0.5484199796126401 0.5135869565217391 0.580020387359837 0.5271739130434783 0.6085626911314985 0.5380434782608695 0.6187563710499491 0.5353260869565217 0.6330275229357798 0.5529891304347826 0.6330275229357798 0.5733695652173914 0.6126401630988787 0.5747282608695652 0.5922528032619776 0.5883152173913043 0.5769622833843018 0.59375 0.5545361875637105 0.5910326086956521 0.5239551478083588 0.5788043478260869 0.5147808358817534 0.5448369565217391 0.508664627930683 0.4633152173913043 0.5137614678899083 0.4619565217391305 0.5188583078491336
48 0.2622282608695652 0.7522935779816514 0.25135869565217395 0.7594291539245668 0.3179347826086957 0.7920489296636086 0.3383152173913043 0.7920489296636086 0.3559782608695652 0.8032619775739042 0.4103260869565217 0.8246687054026504 0.42527173913043476 0.8246687054026504 0.4415760869565217 0.8185524974515801 0.4891304347826087 0.7665647298674821 0.49184782608695654 0.7471967380224261 0.48777173913043476 0.7380224260958206 0.4538043478260869 0.7125382262996942 0.4415760869565217 0.6972477064220184 0.41847826086956524 0.6921508664627931 0.3641304347826087 0.6656472986748216 0.35190217391304346 0.6676860346585117 0.3152173913043478 0.6952089704383282 0.30027173913043476 0.6962283384301733 0.2717391304347826 0.7125382262996942 0.2703804347826087 0.7217125382262998 0.25815217391304346 0.7339449541284404 0.2622282608695652 0.7522935779816514
48 0.5366847826086956 0.6850152905198776 0.5679347826086956 0.7217125382262998 0.5869565217391304 0.7349643221202855 0.6059782608695652 0.7359836901121305 0.6521739130434783 0.7196738022426097 0.6535326086956521 0.691131498470948 0.6440217391304348 0.6554536187563711 0.6222826086956521 0.6330275229357798 0.6032608695652174 0.6218144750254841 0.5869565217391304 0.6146788990825688 0.5652173913043479 0.6299694189602446 0.5502717391304348 0.6503567787971458 0.5366847826086956 0.6564729867482162 0.5366847826086956 0.6850152905198776
48 0.4538043478260869 0.8358817533129461 0.47690217391304346 0.8613659531090724 0.5040760869565217 0.8766564729867483 0.5529891304347826 0.8674821610601426 0.5747282608695652 0.8521916411824669 0.5815217391304348 0.8409785932721713 0.5760869565217391 0.799184505606524 0.561141304347826 0.764525993883792 0.5434782608695652 0.744138634046891 0.5190217391304348 0.746177370030581 0.4959239130434782 0.7563710499490316 0.48369565217391297 0.7777777777777778 0.44565217391304346 0.8165137614678899 0.4538043478260869 0.8358817533129461
48 0.5692934782608695 0.780835881753313 0.5842391304347826 0.8103975535168196 0.5964673913043479 0.8063200815494393 0.6222826086956521 0.8144750254841998 0.6589673913043479 0.8134556574923547 0.686141304347826 0.8002038735983691 0.702445652173913 0.7757390417940877 0.6847826086956521 0.746177370030581 0.6480978260869565 0.72782874617737 0.6331521739130435 0.72782874617737 0.6005434782608695 0.7390417940876657 0.5896739130434783 0.7380224260958206 0.5665760869565217 0.7584097859327217 0.5692934782608695 0.780835881753313
34 0.5991847826086956 0.46279306829765543 0.577445652173913 0.48725790010193687 0.59375 0.48929663608562696 0.6019021739130435 0.4974515800203874 0.6005434782608695 0.5096839959225281 0.608695652173913 0.5321100917431193 0.6032608695652174 0.5504587155963303 0.6046195652173914 0.5739041794087666 0.5801630434782609 0.5922528032619776 0.577445652173913 0.6024464831804281 0.59375 0.6126401630988787 0.6100543478260869 0.6167176350662589 0.6467391304347826 0.6503567787971458 0.6589673913043479 0.6554536187563711 0.6644021739130435 0.6931702344546381 0.6875 0.7104994903160041 0.8002717391304348 0.8277268093781857 0.8111413043478259 0.8481141692150868 0.8165760869565217 0.8501529051987768 0.8288043478260869 0.8419979612640164 0.8423913043478259 0.8450560652395515 0.8559782608695652 0.836901121304791 0.8586956521739131 0.8205912334352702 0.8532608695652174 0.8022426095820592 0.8858695652173912 0.7512742099898063 0.8831521739130433 0.7359836901121305 0.8967391304347826 0.7227319062181448 0.9035326086956521 0.6982670744138634 0.9171195652173912 0.6901121304791029 0.9293478260869564 0.6676860346585117 0.9456521739130433 0.6615698267074415 0.9701086956521738 0.6605504587155964 0.9986413043478259 0.6381243628950052 0.9986413043478259 0.6034658511722732 0.9728260869565217 0.5708460754332314 0.9633152173913043 0.5433231396534148 0.96875 0.5229357798165137 0.9877717391304348 0.5147808358817534 0.9945652173913043 0.5056065239551478 0.9904891304347826 0.49439347604485223 0.9605978260869564 0.46381243628950053 0.9605978260869564 0.44036697247706424 0.9769021739130433 0.42915392456676865 0.9809782608695652 0.39653414882772686 0.9578804347826086 0.36799184505606525 0.9035326086956521 0.3414882772680938 0.8206521739130433 0.327217125382263 0.7622282608695652 0.3231396534148828 0.7472826086956521 0.3414882772680938 0.6644021739130435 0.37920489296636084 0.6521739130434783 0.37920489296636084 0.6372282608695652 0.40061162079510704 0.6046195652173914 0.4271151885830785 0.5991847826086956 0.46279306829765543