4 0.3453125 0.471875 0.35 0.4703125 0.4109375 0.471875 0.4125 0.475 0.4265625 0.4765625 0.4328125 0.4828125 0.440625 0.484375 0.4421875 0.4875 0.4515625 0.4890625 0.46875 0.5046875 0.4703125 0.5125 0.4734375 0.5140625 0.475 0.5203125 0.48125 0.5265625 0.4828125 0.5421875 0.4859375 0.54375 0.4859375 0.6015625 0.4828125 0.603125 0.4828125 0.6171875 0.4703125 0.6421875 0.4625 0.65 0.459375 0.65 0.45625 0.6546875 0.4453125 0.65625 0.44375 0.659375 0.434375 0.659375 0.4328125 0.6625 0.428125 0.6640625 0.4171875 0.6640625 0.415625 0.6671875 0.4125 0.6671875 0.4109375 0.6640625 0.4046875 0.6640625 0.403125 0.6671875 0.35 0.6671875 0.3484375 0.6640625 0.3328125 0.6625 0.33125 0.659375 0.3265625 0.659375 0.325 0.65625 0.31875 0.65625 0.3125 0.65 0.3078125 0.65 0.3046875 0.64375 0.2984375 0.6421875 0.2859375 0.6296875 0.284375 0.6234375 0.278125 0.6203125 0.278125 0.615625 0.2734375 0.6125 0.271875 0.60625 0.26875 0.6046875 0.2640625 0.59375 0.2609375 0.5921875 0.259375 0.5796875 0.25625 0.578125 0.25625 0.571875 0.253125 0.5703125 0.2515625 0.54375 0.253125 0.5375 0.25625 0.5359375 0.25625 0.53125 0.259375 0.5296875 0.2609375 0.5171875 0.265625 0.5125 0.2703125 0.5125 0.2734375 0.50625 0.2796875 0.5046875 0.28125 0.5015625 0.2890625 0.5 0.290625 0.496875 0.3 0.4953125 0.3015625 0.4921875 0.3125 0.4921875 0.3140625 0.4890625 0.315625 0.4921875 0.321875 0.4921875 0.3234375 0.4890625 0.3296875 0.4875 0.33125 0.4828125 0.3359375 0.48125 0.3359375 0.4765625 0.3421875 0.4765625 0.3453125 0.4734375
4 0.721875 0.4875 0.7234375 0.4890625 0.7296875 0.4875 0.7765625 0.4890625 0.778125 0.4921875 0.7890625 0.4921875 0.790625 0.4953125 0.8203125 0.496875 0.821875 0.5 0.840625 0.5015625 0.8421875 0.5046875 0.8578125 0.50625 0.859375 0.509375 0.865625 0.509375 0.8671875 0.5125 0.875 0.5140625 0.8828125 0.521875 0.8828125 0.5359375 0.8796875 0.5375 0.878125 0.553125 0.875 0.5546875 0.8734375 0.5625 0.8671875 0.56875 0.865625 0.578125 0.8625 0.5796875 0.8609375 0.5875 0.8578125 0.5890625 0.853125 0.6 0.85 0.6015625 0.8484375 0.609375 0.8421875 0.615625 0.8421875 0.6203125 0.840625 0.625 0.8375 0.6265625 0.8359375 0.634375 0.8234375 0.646875 0.8203125 0.646875 0.8109375 0.65625 0.8078125 0.65625 0.80625 0.659375 0.8015625 0.659375 0.8 0.6625 0.7703125 0.6625 0.76875 0.659375 0.759375 0.659375 0.7578125 0.65625 0.74375 0.6546875 0.690625 0.6546875 0.6890625 0.65625 0.6640625 0.6546875 0.665625 0.64375 0.66875 0.640625 0.665625 0.6390625 0.6625 0.63125 0.65625 0.6296875 0.6546875 0.6265625 0.64375 0.625 0.6421875 0.621875 0.6328125 0.6203125 0.63125 0.6171875 0.6234375 0.6140625 0.6203125 0.609375 0.615625 0.609375 0.6078125 0.6015625 0.59375 0.5953125 0.5859375 0.5875 0.5796875 0.5734375 0.5734375 0.5671875 0.5734375 0.559375 0.5765625 0.5578125 0.5765625 0.5515625 0.5796875 0.55 0.58125 0.54375 0.5890625 0.5375 0.59375 0.5265625 0.6140625 0.50625 0.621875 0.5046875 0.6234375 0.5015625 0.628125 0.5 0.634375 0.5 0.6359375 0.496875 0.659375 0.4953125 0.6609375 0.4921875 0.6671875 0.4921875 0.66875 0.4890625 0.7203125 0.4875
4 0.7578125 0.4109375 0.7703125 0.4125 0.7796875 0.4203125 0.7890625 0.421875 0.790625 0.425 0.7984375 0.428125 0.8015625 0.4328125 0.80625 0.4328125 0.8125 0.440625 0.8109375 0.4453125 0.8046875 0.4453125 0.8 0.4515625 0.7796875 0.4578125 0.778125 0.4609375 0.7703125 0.4625 0.76875 0.465625 0.7625 0.465625 0.759375 0.4625 0.759375 0.4546875 0.7625 0.453125 0.7625 0.4421875 0.759375 0.440625 0.7578125 0.4125
4 0.659375 0.3484375 0.6609375 0.35 0.6765625 0.35 0.678125 0.353125 0.684375 0.353125 0.6859375 0.35625 0.6921875 0.35625 0.696875 0.3578125 0.6984375 0.3609375 0.70625 0.3625 0.715625 0.3734375 0.721875 0.375 0.7515625 0.403125 0.753125 0.4109375 0.75625 0.4125 0.7578125 0.428125 0.75625 0.465625 0.746875 0.475 0.7421875 0.475 0.7359375 0.48125 0.6703125 0.4828125 0.66875 0.4859375 0.65625 0.4875 0.6546875 0.490625 0.6453125 0.490625 0.64375 0.49375 0.63125 0.4953125 0.6296875 0.4984375 0.61875 0.5 0.6171875 0.503125 0.60625 0.5078125 0.6 0.5140625 0.5953125 0.5234375 0.590625 0.525 0.584375 0.53125 0.5828125 0.5359375 0.5546875 0.5359375 0.553125 0.5375 0.5421875 0.5359375 0.540625 0.5328125 0.5375 0.5328125 0.5265625 0.5234375 0.5234375 0.5171875 0.5140625 0.5109375 0.5109375 0.5046875 0.50625 0.5046875 0.5015625 0.5 0.5 0.4921875 0.496875 0.490625 0.4953125 0.4828125 0.4921875 0.48125 0.4921875 0.4765625 0.4890625 0.475 0.4875 0.4625 0.484375 0.4609375 0.484375 0.45 0.4875 0.4484375 0.4890625 0.434375 0.49375 0.4328125 0.5 0.4265625 0.5 0.421875 0.509375 0.4140625 0.5140625 0.403125 0.525 0.3984375 0.5296875 0.3921875 0.5453125 0.390625 0.5546875 0.375 0.565625 0.3734375 0.5671875 0.3703125 0.571875 0.36875 0.578125 0.36875 0.5796875 0.365625 0.584375 0.365625 0.5859375 0.3625 0.6015625 0.3609375 0.603125 0.3578125 0.6140625 0.35625 0.615625 0.353125 0.625 0.353125 0.6265625 0.35 0.6578125 0.3484375
4 0.5421875 0.54375 0.578125 0.5421875 0.5796875 0.546875 0.578125 0.553125 0.571875 0.559375 0.571875 0.5703125 0.578125 0.5765625 0.5796875 0.5828125 0.59375 0.596875 0.6 0.5984375 0.6109375 0.609375 0.6171875 0.6109375 0.61875 0.6140625 0.6265625 0.615625 0.63125 0.621875 0.6390625 0.6234375 0.640625 0.6265625 0.6515625 0.628125 0.653125 0.63125 0.6625 0.6359375 0.6625 0.64375 0.659375 0.6453125 0.659375 0.65 0.65625 0.6515625 0.6546875 0.659375 0.6453125 0.6640625 0.6390625 0.671875 0.6328125 0.6734375 0.6296875 0.6796875 0.6234375 0.68125 0.6046875 0.7015625 0.590625 0.7015625 0.5890625 0.6984375 0.5796875 0.696875 0.578125 0.69375 0.5609375 0.6921875 0.559375 0.6890625 0.54375 0.684375 0.5421875 0.68125 0.534375 0.6796875 0.5328125 0.6765625 0.5265625 0.6765625 0.5234375 0.671875 0.51875 0.671875 0.5109375 0.6640625 0.50625 0.6640625 0.49375 0.65 0.4890625 0.65 0.4890625 0.6453125 0.484375 0.6421875 0.484375 0.6265625 0.4875 0.625 0.4890625 0.6140625 0.4953125 0.609375 0.496875 0.603125 0.5015625 0.6 0.50625 0.5890625 0.5140625 0.5828125 0.51875 0.571875 0.521875 0.5703125 0.5265625 0.559375 0.5296875 0.5578125 0.53125 0.5515625 0.5421875 0.5453125
4 0.4 0.678125 0.403125 0.68125 0.40625 0.68125 0.4078125 0.678125 0.43125 0.678125 0.4328125 0.68125 0.44375 0.6828125 0.4453125 0.6859375 0.453125 0.6875 0.459375 0.69375 0.4703125 0.6953125 0.475 0.7 0.475 0.7046875 0.4625 0.70625 0.4609375 0.709375 0.446875 0.7109375 0.4390625 0.71875 0.434375 0.71875 0.4265625 0.728125 0.421875 0.728125 0.41875 0.734375 0.409375 0.7421875 0.409375 0.746875 0.403125 0.75 0.4015625 0.7578125 0.3984375 0.759375 0.396875 0.7640625 0.390625 0.7671875 0.3890625 0.7734375 0.378125 0.7828125 0.371875 0.7953125 0.3609375 0.8046875 0.3546875 0.81875 0.3515625 0.8203125 0.346875 0.83125 0.34375 0.8328125 0.3421875 0.840625 0.3390625 0.8421875 0.3390625 0.8484375 0.3359375 0.85 0.334375 0.85625 0.334375 0.878125 0.3359375 0.8796875 0.334375 0.884375 0.31875 0.8828125 0.3171875 0.8796875 0.3078125 0.878125 0.30625 0.875 0.2984375 0.8734375 0.29375 0.8640625 0.290625 0.8625 0.2890625 0.8546875 0.2859375 0.853125 0.2859375 0.8265625 0.2890625 0.825 0.290625 0.7953125 0.29375 0.79375 0.2953125 0.778125 0.2984375 0.7765625 0.2984375 0.7703125 0.3015625 0.76875 0.3015625 0.7625 0.3078125 0.75 0.3140625 0.746875 0.3140625 0.7421875 0.31875 0.7390625 0.3203125 0.7328125 0.3453125 0.7078125 0.3515625 0.70625 0.35625 0.7 0.359375 0.7 0.3625 0.6953125 0.3671875 0.6953125 0.375 0.6875 0.4 0.6796875
4 0.8125 0.6609375 0.8328125 0.6609375 0.834375 0.6640625 0.8703125 0.665625 0.871875 0.66875 0.8953125 0.66875 0.9046875 0.6703125 0.90625 0.6734375 0.9328125 0.675 0.934375 0.678125 0.95 0.678125 0.9515625 0.68125 0.9640625 0.6828125 0.96875 0.6875 0.9671875 0.7046875 0.9640625 0.70625 0.9625 0.7140625 0.9578125 0.7171875 0.9578125 0.721875 0.9546875 0.7234375 0.95 0.734375 0.946875 0.7359375 0.9453125 0.74375 0.9390625 0.7484375 0.9375 0.75625 0.915625 0.778125 0.9109375 0.778125 0.909375 0.759375 0.90625 0.7578125 0.9046875 0.75 0.8984375 0.74375 0.896875 0.7375 0.89375 0.7359375 0.8921875 0.728125 0.8859375 0.7234375 0.884375 0.7171875 0.8765625 0.7140625 0.865625 0.7015625 0.85625 0.696875 0.8453125 0.6859375 0.8375 0.684375 0.8359375 0.68125 0.825 0.6796875 0.8234375 0.6765625 0.8171875 0.6765625 0.815625 0.6734375 0.8078125 0.671875 0.80625 0.66875 0.8 0.66875 0.8 0.665625 0.8125 0.6625
4 0.990625 0.6453125 0.9984375 0.64375 0.9984375 0.6890625 0.990625 0.6890625 0.9890625 0.6921875 0.9765625 0.6921875 0.9671875 0.68125 0.959375 0.6796875 0.9609375 0.6703125 0.965625 0.665625 0.9765625 0.6609375 0.990625 0.646875
4 0.45 0.3625 0.46875 0.3625 0.4703125 0.365625 0.475 0.365625 0.4765625 0.36875 0.4828125 0.3703125 0.5046875 0.3921875 0.5046875 0.396875 0.5109375 0.4 0.5109375 0.40625 0.5046875 0.4125 0.503125 0.41875 0.4859375 0.434375 0.4859375 0.4390625 0.4828125 0.440625 0.48125 0.453125 0.4703125 0.4515625 0.465625 0.4453125 0.459375 0.44375 0.4515625 0.4359375 0.4453125 0.4359375 0.44375 0.4328125 0.4390625 0.43125 0.4296875 0.43125 0.428125 0.428125 0.3921875 0.428125 0.390625 0.43125 0.3828125 0.4328125 0.38125 0.4359375 0.3734375 0.4359375 0.371875 0.4390625 0.3375 0.4390625 0.3375 0.434375 0.340625 0.4328125 0.340625 0.4296875 0.353125 0.4171875 0.359375 0.415625 0.365625 0.4078125 0.3765625 0.403125 0.3796875 0.3984375 0.384375 0.3984375 0.3875 0.3921875 0.396875 0.390625 0.3984375 0.3875 0.40625 0.3859375 0.4078125 0.3828125 0.4140625 0.3828125 0.415625 0.3796875 0.4328125 0.3734375 0.4421875 0.365625 0.45 0.3640625
4 0.259375 0.5125 0.2578125 0.5234375 0.2546875 0.525 0.25 0.540625 0.246875 0.5421875 0.246875 0.565625 0.25 0.5671875 0.2515625 0.578125 0.2546875 0.5796875 0.2546875 0.584375 0.2578125 0.5859375 0.259375 0.596875 0.2625 0.5984375 0.2640625 0.6046875 0.2703125 0.609375 0.2703125 0.6125 0.275 0.615625 0.2765625 0.625 0.2921875 0.640625 0.29375 0.646875 0.3046875 0.65625 0.3015625 0.6578125 0.3 0.6625 0.290625 0.6625 0.2875 0.6671875 0.278125 0.66875 0.2703125 0.6765625 0.265625 0.6765625 0.2640625 0.6796875 0.25625 0.68125 0.2515625 0.6859375 0.246875 0.6859375 0.240625 0.6921875 0.2359375 0.6921875 0.2328125 0.696875 0.2265625 0.6984375 0.2203125 0.7046875 0.2015625 0.7140625 0.1984375 0.71875 0.19375 0.71875 0.1875 0.7265625 0.18125 0.728125 0.1734375 0.7390625 0.16875 0.7390625 0.1578125 0.75 0.15625 0.75625 0.1515625 0.7578125 0.1484375 0.765625 0.1453125 0.7671875 0.1453125 0.778125 0.1484375 0.7796875 0.1484375 0.7859375 0.1390625 0.7859375 0.13125 0.778125 0.1265625 0.778125 0.115625 0.765625 0.109375 0.7640625 0.1078125 0.759375 0.1015625 0.753125 0.096875 0.753125 0.0890625 0.74375 0.084375 0.74375 0.0765625 0.7359375 0.0703125 0.734375 0.065625 0.728125 0.0625 0.728125 0.059375 0.7234375 0.053125 0.721875 0.0359375 0.7046875 0.0375 0.6859375 0.040625 0.684375 0.0421875 0.678125 0.0546875 0.665625 0.0609375 0.6625 0.0609375 0.6578125 0.0828125 0.6375 0.084375 0.6328125 0.0890625 0.63125 0.0953125 0.625 0.096875 0.61875 0.121875 0.59375 0.125 0.59375 0.134375 0.584375 0.14375 0.5796875 0.146875 0.5734375 0.153125 0.571875 0.16875 0.55625 0.175 0.5546875 0.184375 0.54375 0.1921875 0.5421875 0.19375 0.5390625 0.203125 0.5375 0.20625 0.53125 0.2203125 0.525 0.2265625 0.51875 0.234375 0.5171875 0.2359375 0.5140625 0.2578125 0.5125
4 0.3984375 0.4296875 0.4234375 0.4296875 0.425 0.4328125 0.44375 0.434375 0.4453125 0.4375 0.45625 0.4421875 0.4640625 0.45 0.46875 0.45 0.4734375 0.4546875 0.475 0.4609375 0.48125 0.4640625 0.4828125 0.4734375 0.4859375 0.475 0.4875 0.48125 0.49375 0.4875 0.4953125 0.4984375 0.4984375 0.5 0.4984375 0.5046875 0.5046875 0.5140625 0.5046875 0.5203125 0.5078125 0.521875 0.5078125 0.528125 0.5109375 0.5296875 0.5125 0.5453125 0.515625 0.546875 0.5171875 0.5578125 0.5203125 0.559375 0.5109375 0.5796875 0.5046875 0.584375 0.5046875 0.5875 0.5 0.590625 0.49375 0.6 0.4875 0.6015625 0.4890625 0.5921875 0.4875 0.5390625 0.484375 0.5375 0.4828125 0.5265625 0.4765625 0.5203125 0.475 0.5125 0.471875 0.5109375 0.4703125 0.5046875 0.453125 0.4875 0.4453125 0.4859375 0.44375 0.4828125 0.434375 0.48125 0.4328125 0.478125 0.428125 0.478125 0.4265625 0.475 0.4125 0.4734375 0.4109375 0.4703125 0.4015625 0.46875 0.3703125 0.46875 0.36875 0.465625 0.3609375 0.465625 0.359375 0.46875 0.3484375 0.46875 0.3359375 0.475 0.325 0.4875 0.303125 0.4875 0.30625 0.4765625 0.3109375 0.4734375 0.3109375 0.4703125 0.3203125 0.4609375 0.3203125 0.4578125 0.33125 0.4484375 0.3328125 0.4421875 0.3359375 0.440625 0.3765625 0.440625 0.378125 0.4375 0.384375 0.4375 0.3859375 0.434375 0.3984375 0.43125
4 0.9046875 0.821875 0.9078125 0.825 0.909375 0.8359375 0.915625 0.8421875 0.9171875 0.8515625 0.915625 0.8828125 0.9109375 0.884375 0.9078125 0.890625 0.9015625 0.8921875 0.9 0.8953125 0.8890625 0.896875 0.8875 0.9 0.88125 0.9 0.8796875 0.903125 0.85 0.9046875 0.85 0.8984375 0.8546875 0.896875 0.85625 0.89375 0.8609375 0.89375 0.8796875 0.875 0.88125 0.8640625 0.884375 0.8625 0.8859375 0.8546875 0.8921875 0.8484375 0.89375 0.8390625 0.9015625 0.83125 0.9015625 0.8265625 0.9046875 0.8234375
4 0.3140625 0.6609375 0.321875 0.6609375 0.3234375 0.6640625 0.3390625 0.665625 0.340625 0.66875 0.3484375 0.6703125 0.3734375 0.6703125 0.375 0.6734375 0.384375 0.675 0.384375 0.6796875 0.3796875 0.68125 0.3765625 0.6859375 0.3734375 0.6859375 0.36875 0.6921875 0.3578125 0.696875 0.3546875 0.7015625 0.35 0.7015625 0.3421875 0.7109375 0.3375 0.7109375 0.33125 0.7171875 0.3296875 0.721875 0.321875 0.728125 0.321875 0.73125 0.3140625 0.7375 0.3125 0.74375 0.30625 0.7484375 0.30625 0.7515625 0.3015625 0.7546875 0.3 0.7640625 0.2953125 0.765625 0.2828125 0.778125 0.278125 0.778125 0.2625 0.79375 0.25625 0.7953125 0.2546875 0.7984375 0.24375 0.803125 0.2375 0.8109375 0.23125 0.8125 0.228125 0.81875 0.2234375 0.81875 0.2203125 0.8234375 0.2109375 0.825 0.2078125 0.83125 0.2015625 0.8328125 0.2 0.8359375 0.1953125 0.8375 0.18125 0.8359375 0.1796875 0.8296875 0.1765625 0.828125 0.175 0.821875 0.16875 0.815625 0.1671875 0.8078125 0.1640625 0.80625 0.1640625 0.8015625 0.159375 0.7984375 0.1578125 0.790625 0.1546875 0.7890625 0.1546875 0.784375 0.1515625 0.7828125 0.15 0.778125 0.1515625 0.7625 0.159375 0.75625 0.159375 0.753125 0.1671875 0.746875 0.16875 0.7421875 0.178125 0.7375 0.184375 0.7296875 0.190625 0.728125 0.19375 0.7234375 0.1984375 0.7234375 0.2015625 0.7171875 0.209375 0.715625 0.2171875 0.7078125 0.225 0.70625 0.2296875 0.7 0.246875 0.69375 0.253125 0.6875 0.2625 0.6859375 0.265625 0.68125 0.2765625 0.678125 0.2859375 0.6703125 0.3 0.66875 0.3015625 0.665625 0.3140625 0.6625
4 0.4921875 0.7 0.5109375 0.7 0.5125 0.703125 0.5171875 0.703125 0.51875 0.70625 0.5328125 0.7125 0.5421875 0.7234375 0.5453125 0.7234375 0.5484375 0.728125 0.553125 0.7296875 0.5546875 0.734375 0.5609375 0.740625 0.565625 0.7421875 0.565625 0.746875 0.575 0.7546875 0.5796875 0.765625 0.5828125 0.7671875 0.584375 0.7765625 0.5875 0.778125 0.5890625 0.8078125 0.5921875 0.809375 0.5921875 0.8203125 0.5953125 0.821875 0.5953125 0.828125 0.5921875 0.8296875 0.5921875 0.8375 0.5890625 0.8390625 0.5875 0.85 0.5796875 0.859375 0.578125 0.8671875 0.575 0.86875 0.575 0.8734375 0.571875 0.875 0.5703125 0.884375 0.5671875 0.8859375 0.565625 0.8921875 0.5578125 0.8984375 0.5578125 0.903125 0.5546875 0.9046875 0.553125 0.9125 0.5453125 0.9203125 0.5375 0.921875 0.5359375 0.925 0.5140625 0.9265625 0.5125 0.9296875 0.4703125 0.9296875 0.46875 0.9328125 0.45 0.9328125 0.4484375 0.934375 0.4109375 0.9328125 0.409375 0.9296875 0.3953125 0.9296875 0.39375 0.9265625 0.36875 0.925 0.3671875 0.921875 0.3578125 0.9203125 0.35 0.9125 0.3484375 0.90625 0.34375 0.903125 0.34375 0.8984375 0.340625 0.896875 0.340625 0.8859375 0.3375 0.884375 0.3375 0.86875 0.3359375 0.8671875 0.3375 0.8515625 0.340625 0.85 0.340625 0.84375 0.34375 0.8421875 0.35 0.825 0.3578125 0.81875 0.3578125 0.8140625 0.3625 0.8109375 0.3625 0.8078125 0.3734375 0.7984375 0.375 0.7921875 0.3796875 0.7890625 0.3796875 0.784375 0.384375 0.7828125 0.390625 0.7765625 0.3921875 0.771875 0.396875 0.7703125 0.403125 0.7640625 0.4046875 0.7578125 0.4109375 0.753125 0.4125 0.7421875 0.425 0.7296875 0.43125 0.728125 0.434375 0.7234375 0.4390625 0.7234375 0.446875 0.715625 0.4515625 0.715625 0.453125 0.7125 0.465625 0.7109375 0.4671875 0.7078125 0.471875 0.70625 0.4828125 0.70625 0.484375 0.703125 0.4921875 0.7015625
4 0.4765625 0.640625 0.48125 0.640625 0.4875 0.65 0.49375 0.6515625 0.509375 0.66875 0.5171875 0.6703125 0.51875 0.6734375 0.528125 0.675 0.534375 0.68125 0.5421875 0.6828125 0.54375 0.6859375 0.553125 0.6875 0.5546875 0.690625 0.559375 0.690625 0.5609375 0.69375 0.575 0.6953125 0.5765625 0.6984375 0.5875 0.7 0.5890625 0.703125 0.5953125 0.70625 0.5875 0.721875 0.584375 0.7234375 0.5828125 0.7359375 0.5796875 0.7375 0.578125 0.74375 0.5734375 0.74375 0.571875 0.746875 0.540625 0.7140625 0.521875 0.7046875 0.515625 0.6984375 0.4953125 0.696875 0.4828125 0.7015625 0.48125 0.6984375 0.471875 0.696875 0.46875 0.6921875 0.4640625 0.6921875 0.4625 0.6890625 0.4578125 0.6890625 0.45625 0.6859375 0.446875 0.684375 0.4453125 0.68125 0.428125 0.6765625 0.425 0.6734375 0.43125 0.6703125 0.434375 0.665625 0.44375 0.6640625 0.4453125 0.6609375 0.4515625 0.6609375 0.453125 0.6578125 0.45625 0.6578125 0.459375 0.653125 0.465625 0.6515625 0.471875 0.64375 0.4765625 0.6421875
4 0.6859375 0.6609375 0.753125 0.6609375 0.7546875 0.6640625 0.7703125 0.665625 0.771875 0.66875 0.7984375 0.6703125 0.8 0.6734375 0.8078125 0.675 0.809375 0.678125 0.81875 0.678125 0.8203125 0.68125 0.83125 0.6828125 0.8328125 0.6859375 0.8421875 0.6875 0.846875 0.69375 0.8609375 0.7 0.8625 0.7046875 0.86875 0.7109375 0.8734375 0.7125 0.8796875 0.721875 0.8875 0.728125 0.8921875 0.7390625 0.8953125 0.740625 0.896875 0.7484375 0.903125 0.7546875 0.9046875 0.7765625 0.9078125 0.778125 0.9078125 0.79375 0.9046875 0.7953125 0.903125 0.8234375 0.896875 0.8296875 0.8953125 0.8375 0.8921875 0.8390625 0.890625 0.8484375 0.884375 0.8546875 0.8828125 0.8625 0.8796875 0.8640625 0.878125 0.875 0.875 0.8765625 0.8734375 0.8828125 0.8671875 0.884375 0.8609375 0.8921875 0.85625 0.8921875 0.8453125 0.903125 0.8390625 0.9046875 0.8375 0.9078125 0.8296875 0.909375 0.8234375 0.915625 0.809375 0.9171875 0.8078125 0.9203125 0.7546875 0.921875 0.753125 0.925 0.7484375 0.925 0.746875 0.921875 0.740625 0.921875 0.7390625 0.925 0.7234375 0.925 0.721875 0.921875 0.6953125 0.9203125 0.69375 0.9171875 0.675 0.915625 0.6734375 0.9125 0.6609375 0.9125 0.659375 0.909375 0.6453125 0.9078125 0.64375 0.9046875 0.6359375 0.903125 0.6296875 0.896875 0.6234375 0.896875 0.6203125 0.8921875 0.615625 0.8921875 0.6109375 0.8875 0.609375 0.8796875 0.60625 0.878125 0.60625 0.875 0.603125 0.8734375 0.5984375 0.8640625 0.59375 0.8609375 0.59375 0.85625 0.590625 0.8546875 0.590625 0.85 0.59375 0.8484375 0.59375 0.8421875 0.596875 0.840625 0.5984375 0.8359375 0.5984375 0.8171875 0.596875 0.8046875 0.59375 0.803125 0.59375 0.7921875 0.590625 0.790625 0.5890625 0.7703125 0.5859375 0.76875 0.584375 0.7578125 0.58125 0.75625 0.58125 0.75 0.584375 0.7484375 0.5859375 0.7328125 0.5890625 0.73125 0.590625 0.7203125 0.596875 0.715625 0.596875 0.7125 0.6015625 0.7078125 0.6078125 0.70625 0.6109375 0.7 0.621875 0.6921875 0.6234375 0.6875 0.6296875 0.6859375 0.6453125 0.6703125 0.6625 0.66875 0.6640625 0.665625 0.6859375 0.6625
4 0.475 0.640625 0.4828125 0.640625 0.50625 0.665625 0.5109375 0.665625 0.5171875 0.6734375 0.528125 0.675 0.534375 0.68125 0.5421875 0.6828125 0.54375 0.6859375 0.55 0.6875 0.5546875 0.69375 0.54375 0.6984375 0.540625 0.7046875 0.5375 0.70625 0.5375 0.7109375 0.53125 0.709375 0.5296875 0.70625 0.521875 0.7046875 0.5171875 0.6984375 0.5109375 0.696875 0.4765625 0.6984375 0.471875 0.696875 0.46875 0.6921875 0.4625 0.6921875 0.45625 0.6859375 0.4453125 0.684375 0.44375 0.68125 0.428125 0.6765625 0.4296875 0.66875 0.440625 0.6640625 0.4421875 0.6609375 0.4484375 0.6609375 0.45 0.6578125 0.4578125 0.65625 0.459375 0.653125 0.465625 0.6515625 0.475 0.6421875
4 0.946875 0.5125 0.9515625 0.5140625 0.953125 0.5171875 0.9578125 0.5171875 0.965625 0.525 0.975 0.5265625 0.9796875 0.53125 0.98125 0.5453125 0.9921875 0.5484375 0.9984375 0.5609375 0.9984375 0.6390625 0.996875 0.6421875 0.9890625 0.6453125 0.9890625 0.65 0.9828125 0.6515625 0.9765625 0.659375 0.965625 0.6640625 0.959375 0.671875 0.9546875 0.6734375 0.9109375 0.671875 0.909375 0.66875 0.89375 0.6671875 0.8921875 0.6640625 0.846875 0.6625 0.8453125 0.659375 0.8265625 0.659375 0.825 0.65625 0.821875 0.65625 0.8265625 0.6453125 0.83125 0.6453125 0.8421875 0.634375 0.84375 0.621875 0.846875 0.6203125 0.846875 0.615625 0.85 0.6140625 0.8515625 0.60625 0.8546875 0.6046875 0.85625 0.5984375 0.859375 0.596875 0.8640625 0.5859375 0.8671875 0.584375 0.86875 0.5765625 0.875 0.5703125 0.875 0.5640625 0.8796875 0.559375 0.88125 0.5484375 0.884375 0.546875 0.8859375 0.534375 0.8921875 0.5296875 0.8921875 0.5265625 0.9 0.525 0.9046875 0.51875 0.915625 0.51875 0.921875 0.5171875 0.9234375 0.5140625 0.9453125 0.5125
4 0.990625 0.690625 0.9984375 0.690625 0.9984375 0.7578125 0.996875 0.759375 0.9984375 0.7671875 0.9984375 0.8671875 0.996875 0.8703125 0.978125 0.8703125 0.9765625 0.8734375 0.940625 0.875 0.9390625 0.878125 0.93125 0.878125 0.921875 0.8703125 0.921875 0.8546875 0.91875 0.853125 0.9171875 0.8375 0.9109375 0.83125 0.909375 0.8234375 0.909375 0.8015625 0.9109375 0.790625 0.9140625 0.7890625 0.9140625 0.7828125 0.9171875 0.7828125 0.921875 0.778125 0.9234375 0.771875 0.93125 0.76875 0.93125 0.765625 0.9390625 0.7578125 0.9390625 0.7546875 0.94375 0.7515625 0.953125 0.7328125 0.95625 0.73125 0.95625 0.725 0.9609375 0.721875 0.9609375 0.7171875 0.96875 0.709375 0.9703125 0.6984375 0.9765625 0.69375 0.990625 0.6921875
4 0.5125 0.375 0.553125 0.3734375 0.553125 0.3765625 0.55 0.378125 0.546875 0.384375 0.5296875 0.390625 0.5234375 0.3984375 0.51875 0.3984375 0.5171875 0.4015625 0.5125 0.4015625 0.509375 0.3953125 0.5 0.3859375 0.5 0.3796875 0.5125 0.3765625
4 0.9625 0.4203125 0.975 0.421875 0.9765625 0.425 0.9796875 0.425 0.9890625 0.434375 0.9890625 0.4390625 0.996875 0.446875 0.9984375 0.5078125 0.9921875 0.515625 0.9875 0.5171875 0.96875 0.515625 0.9671875 0.5125 0.9609375 0.5109375 0.9546875 0.5046875 0.9359375 0.5046875 0.934375 0.5078125 0.928125 0.5078125 0.9265625 0.5109375 0.90625 0.5125 0.9046875 0.515625 0.8859375 0.5171875 0.88125 0.515625 0.8734375 0.5078125 0.8671875 0.5078125 0.865625 0.5046875 0.8515625 0.503125 0.85 0.5 0.8375 0.4984375 0.8359375 0.4953125 0.809375 0.49375 0.8078125 0.490625 0.7953125 0.490625 0.79375 0.4875 0.771875 0.4859375 0.7703125 0.4828125 0.7625 0.48125 0.759375 0.478125 0.7625 0.475 0.7625 0.4703125 0.778125 0.4625 0.7796875 0.459375 0.7890625 0.4578125 0.790625 0.4546875 0.7984375 0.453125 0.8 0.45 0.80625 0.45 0.8078125 0.446875 0.815625 0.4453125 0.8171875 0.4421875 0.83125 0.440625 0.8328125 0.4375 0.840625 0.4375 0.8421875 0.434375 0.853125 0.434375 0.8625 0.4328125 0.8640625 0.4296875 0.884375 0.428125 0.8859375 0.425 0.896875 0.425 0.8984375 0.421875 0.9609375 0.4203125
56 0.27543424317617865 0.26054590570719605 0.3101736972704715 0.2878411910669975 0.35732009925558317 0.2679900744416873 0.38461538461538464 0.2679900744416873 0.42183622828784123 0.29280397022332505 0.5930521091811415 0.2878411910669975 0.7196029776674939 0.29528535980148884 0.9503722084367248 0.33995037220843677 0.9975186104218363 0.33498759305210923 0.9975186104218363 0.18114143920595535 0.9776674937965261 0.1588089330024814 0.8114143920595535 0.08188585607940448 0.7121588089330025 0.05459057071960298 0.6650124069478909 0.05459057071960298 0.6451612903225807 0.04218362282878412 0.4392059553349876 0.05210918114143921 0.36972704714640203 0.07692307692307693 0.3052109181141439 0.16129032258064518 0.27543424317617865 0.24069478908188588 0.27543424317617865 0.26054590570719605
56 0 0.13895781637717122 0 0.3870967741935484 0.007444168734491316 0.38957816377171217 0.18362282878411912 0.3250620347394541 0.2481389578163772 0.2803970223325062 0.3052109181141439 0.14640198511166252 0.3424317617866005 0.09181141439205956 0.3449131513647643 0.0620347394540943 0.33002481389578164 0.02729528535980149 0.29280397022332505 0.017369727047146403 0.2382133995037221 0.05459057071960298 0.13647642679900746 0.06947890818858561 0.019851116625310174 0.1240694789081886 0 0.13895781637717122
56 0 0.6600496277915633 0.10669975186104219 0.5980148883374691 0.18858560794044665 0.533498759305211 0.2903225806451613 0.48883374689826303 0.3176178660049628 0.4441687344913151 0.3176178660049628 0.39950372208436724 0.3449131513647643 0.35732009925558317 0.42183622828784123 0.3176178660049628 0.39205955334987597 0.2853598014888338 0.3647642679900745 0.2803970223325062 0.2555831265508685 0.3250620347394541 0.19106699751861042 0.3275434243176179 0.10173697270471464 0.36724565756823824 0.0024813895781637717 0.3970223325062035 0 0.6600496277915633
56 0.3275434243176179 0.4317617866004963 0.3796526054590571 0.38957816377171217 0.4441687344913151 0.35980148883374696 0.4640198511166253 0.35732009925558317 0.49875930521091816 0.3771712158808933 0.6550868486352358 0.3424317617866005 0.6997518610421837 0.3548387096774194 0.7568238213399504 0.40446650124069483 0.8114143920595535 0.43424317617866004 0.903225806451613 0.4168734491315137 0.9568238213399505 0.4168734491315137 0.9975186104218363 0.4416873449131514 0.9975186104218363 0.3548387096774194 0.8312655086848636 0.3200992555831266 0.6674937965260546 0.3002481389578164 0.42431761786600497 0.3002481389578164 0.4168734491315137 0.33498759305210923 0.36972704714640203 0.3473945409429281 0.3250620347394541 0.3970223325062035 0.3275434243176179 0.4317617866004963
56 0.19602977667493798 0.057071960297766754 0.21836228287841192 0.05955334987593053 0.27791563275434245 0.017369727047146403 0.3076923076923077 0.01240694789081886 0.33498759305210923 0.022332506203473948 0.35980148883374696 0.06947890818858561 0.46153846153846156 0.04218362282878412 0.6774193548387097 0.04218362282878412 0.7543424317617866 0.057071960297766754 0.9478908188585609 0.13151364764267992 0.9404466501240696 0.09429280397022333 0.9007444168734493 0.04962779156327544 0.8089330024813897 0 0.23573200992555834 0 0.20347394540942929 0.034739454094292806 0.19602977667493798 0.057071960297766754