7 0.016304347826086956 0.4566768603465851 0 0.46687054026503566 0 0.5942915392456677 0.014945652173913044 0.5922528032619776 0.024456521739130436 0.599388379204893 0.03532608695652174 0.6197757390417941 0.08695652173913043 0.6422018348623854 0.15489130434782608 0.7043832823649337 0.19972826086956522 0.7186544342507646 0.2214673913043478 0.7176350662589195 0.23097826086956524 0.7033639143730887 0.266304347826087 0.6850152905198776 0.2717391304347826 0.6768603465851173 0.2758152173913043 0.6778797145769623 0.3070652173913043 0.6574923547400612 0.33695652173913043 0.6340468909276249 0.37092391304347827 0.6167176350662589 0.40489130434782605 0.5871559633027523 0.41847826086956524 0.5667686034658512 0.45516304347826086 0.54638124362895 0.4891304347826087 0.508664627930683 0.48369565217391297 0.4525993883792049 0.4633152173913043 0.43730886850152906 0.4334239130434782 0.4026503567787971 0.33967391304347827 0.3781855249745158 0.29483695652173914 0.3761467889908257 0.10869565217391304 0.382262996941896 0.06657608695652174 0.4026503567787971 0.02309782608695652 0.44036697247706424 0.016304347826086956 0.4566768603465851
7 0.5421195652173914 0.5137614678899083 0.5339673913043479 0.5290519877675841 0.5421195652173914 0.5351681957186545 0.6019021739130435 0.5657492354740061 0.6657608695652174 0.5840978593272171 0.686141304347826 0.598369011213048 0.7296195652173914 0.5953109072375128 0.8125 0.5790010193679919 0.8478260869565217 0.5606523955147809 0.8383152173913043 0.5545361875637105 0.8423913043478259 0.5351681957186545 0.8383152173913043 0.5147808358817534 0.8192934782608695 0.49847094801223246 0.8043478260869564 0.47196738022426094 0.7839673913043478 0.4505606523955148 0.7663043478260869 0.44342507645259943 0.7133152173913043 0.44342507645259943 0.6902173913043479 0.43730886850152906 0.6046195652173914 0.44240570846075433 0.5801630434782609 0.45158002038735984 0.5665760869565217 0.4658511722731906 0.563858695652174 0.47910295616717635 0.5407608695652174 0.490316004077472 0.5421195652173914 0.5137614678899083
1 0.21059782608695649 0.2925586136595311 0.22690217391304346 0.3058103975535168 0.23369565217391303 0.2945973496432212 0.27445652173913043 0.2945973496432212 0.27717391304347827 0.2854230377166157 0.24048913043478262 0.27726809378185524 0.22554347826086957 0.2782874617737003 0.21331521739130435 0.2864424057084608 0.21059782608695649 0.2925586136595311
1 0.29483695652173914 0.30275229357798167 0.2758152173913043 0.3068297655453619 0.28260869565217395 0.31396534148827726 0.327445652173913 0.3251783893985729 0.3654891304347826 0.3221202854230377 0.37092391304347827 0.327217125382263 0.39266304347826086 0.3302752293577982 0.41983695652173914 0.3312945973496432 0.4225543478260869 0.3282364933741081 0.43885869565217395 0.33741080530071355 0.44972826086956524 0.33741080530071355 0.45516304347826086 0.3282364933741081 0.501358695652174 0.3302752293577982 0.6684782608695652 0.3669724770642202 0.919836956521739 0.43119266055045874 0.9211956521739131 0.43527013251783897 0.9347826086956521 0.41794087665647306 0.9361413043478259 0.40061162079510704 0.9266304347826086 0.39551478083588176 0.8845108695652174 0.3873598369011213 0.8559782608695652 0.3761467889908257 0.59375 0.32008154943934763 0.529891304347826 0.32008154943934763 0.30978260869565216 0.28950050968399593 0.29483695652173914 0.30275229357798167
1 0.3967391304347826 0.3394495412844037 0.41983695652173914 0.35881753312945974 0.46059782608695654 0.3557594291539246 0.47010869565217395 0.36289500509684 0.49864130434782605 0.36289500509684 0.5190217391304348 0.3720693170234455 0.5353260869565217 0.37104994903160043 0.5747282608695652 0.3781855249745158 0.6752717391304348 0.40366972477064217 0.6820652173913043 0.4148827726809379 0.686141304347826 0.4128440366972478 0.796195652173913 0.44240570846075433 0.8206521739130433 0.44036697247706424 0.8152173913043479 0.436289500509684 0.8179347826086957 0.4240570846075434 0.7839673913043478 0.4159021406727829 0.7690217391304348 0.4046890927624872 0.7133152173913043 0.39653414882772686 0.6603260869565217 0.38022426095820594 0.5217391304347826 0.34964322120285424 0.4415760869565217 0.34046890927624873 0.42391304347826086 0.3425076452599388 0.41440217391304346 0.33741080530071355 0.3967391304347826 0.3394495412844037
1 0.7364130434782609 0.38634046890927626 0.751358695652174 0.40672782874617736 0.7622282608695652 0.40672782874617736 0.764945652173913 0.41080530071355764 0.8192934782608695 0.4250764525993884 0.8505434782608695 0.44240570846075433 0.9402173913043479 0.4658511722731906 0.9538043478260869 0.454638124362895 0.9565217391304348 0.4413863404689093 0.9483695652173912 0.43527013251783897 0.7445652173913043 0.38634046890927626 0.7364130434782609 0.38634046890927626
1 0.763586956521739 0.4393476044852192 0.782608695652174 0.4454638124362895 0.796195652173913 0.4597349643221203 0.8070652173913043 0.45565749235474007 0.8138586956521738 0.45769622833843016 0.8342391304347826 0.47604485219164117 0.888586956521739 0.48725790010193687 0.9021739130434783 0.4740061162079511 0.9008152173913043 0.46381243628950053 0.8831521739130433 0.4566768603465851 0.78125 0.4322120285423038 0.763586956521739 0.43119266055045874 0.763586956521739 0.4393476044852192
1 0.514945652173913 0.33741080530071355 0.5176630434782609 0.34454638124362896 0.5339673913043479 0.3506625891946993 0.532608695652174 0.35474006116207957 0.6644021739130435 0.38328236493374107 0.892663043478261 0.45361875637105 0.9225543478260869 0.45871559633027525 0.9347826086956521 0.4566768603465851 0.9415760869565217 0.4454638124362895 0.9456521739130433 0.43527013251783897 0.9347826086956521 0.43119266055045874 0.6970108695652174 0.3730886850152905 0.5217391304347826 0.33741080530071355 0.514945652173913 0.33741080530071355
1 0.2717391304347826 0.32415902140672787 0.27989130434782605 0.33333333333333337 0.30570652173913043 0.34046890927624873 0.33152173913043476 0.33537206931702346 0.5828804347826086 0.37716615698267075 0.6100543478260869 0.38634046890927626 0.6345108695652174 0.3873598369011213 0.6508152173913043 0.39857288481141695 0.7255434782608695 0.41794087665647306 0.7459239130434783 0.4159021406727829 0.779891304347826 0.4209989806320082 0.7839673913043478 0.4159021406727829 0.7975543478260869 0.4148827726809379 0.8315217391304348 0.4301732925586137 0.8342391304347826 0.4209989806320082 0.8423913043478259 0.42201834862385323 0.8383152173913043 0.41080530071355764 0.8029891304347826 0.399592252803262 0.59375 0.3486238532110092 0.5557065217391304 0.345565749235474 0.4415760869565217 0.31702344546381245 0.42934782608695654 0.31702344546381245 0.4279891304347826 0.31396534148827726 0.360054347826087 0.30784913353720694 0.33016304347826086 0.32008154943934763 0.31657608695652173 0.31600407747196735 0.31385869565217395 0.308868501529052 0.296195652173913 0.3231396534148828 0.27717391304347827 0.3211009174311927 0.2717391304347826 0.32415902140672787
1 0.24184782608695649 0.3312945973496432 0.24456521739130435 0.34454638124362896 0.3220108695652174 0.363914373088685 0.34375 0.3730886850152905 0.3777173913043478 0.37716615698267075 0.41440217391304346 0.38837920489296635 0.5081521739130435 0.4057084607543323 0.626358695652174 0.436289500509684 0.6793478260869565 0.4332313965341489 0.6766304347826086 0.41997961264016315 0.639945652173913 0.4148827726809379 0.6358695652173914 0.4097859327217125 0.5964673913043479 0.4016309887869521 0.546195652173913 0.38328236493374107 0.24592391304347827 0.3312945973496432 0.24184782608695649 0.3312945973496432
1 0.22690217391304346 0.31804281345565755 0.27445652173913043 0.327217125382263 0.3179347826086957 0.3251783893985729 0.2934782608695652 0.3037716615698267 0.2717391304347826 0.30275229357798167 0.24728260869565216 0.2925586136595311 0.22690217391304346 0.29357798165137616 0.21875 0.29867482161060144 0.22690217391304346 0.31804281345565755
1 0.3125 0.25484199796126406 0.3220108695652174 0.2670744138634047 0.3152173913043478 0.2711518858307849 0.28125 0.2640163098878695 0.27717391304347827 0.2650356778797146 0.28260869565217395 0.27420998980632005 0.296195652173913 0.2833843017329256 0.37364130434782605 0.3037716615698267 0.4116847826086956 0.3037716615698267 0.45108695652173914 0.3129459734964322 0.53125 0.31804281345565755 0.6059782608695652 0.327217125382263 0.6290760869565217 0.3343527013251784 0.6521739130434783 0.3343527013251784 0.671195652173913 0.3425076452599388 0.8029891304347826 0.36799184505606525 0.8274456521739131 0.381243628950051 0.830163043478261 0.3781855249745158 0.861413043478261 0.381243628950051 0.8654891304347826 0.3893985728848114 0.8695652173913043 0.38328236493374107 0.8763586956521738 0.382262996941896 0.8953804347826086 0.3904179408766565 0.9021739130434783 0.3690112130479103 0.8913043478260869 0.3649337410805301 0.34510869565217395 0.24974515800203875 0.3152173913043478 0.24974515800203875 0.3125 0.25484199796126406
1 0.24456521739130435 0.34454638124362896 0.264945652173913 0.3516819571865443 0.3464673913043478 0.3730886850152905 0.3804347826086957 0.37716615698267075 0.4116847826086956 0.3873598369011213 0.6127717391304348 0.4301732925586137 0.626358695652174 0.436289500509684 0.6915760869565217 0.4342507645259939 0.71875 0.44240570846075433 0.7404891304347826 0.44036697247706424 0.7404891304347826 0.4301732925586137 0.7445652173913043 0.42915392456676865 0.7404891304347826 0.4250764525993884 0.733695652173913 0.4240570846075434 0.720108695652174 0.4301732925586137 0.6915760869565217 0.42303771661569833 0.6752717391304348 0.4148827726809379 0.6752717391304348 0.40672782874617736 0.6222826086956521 0.3904179408766565 0.5828804347826086 0.38837920489296635 0.5665760869565217 0.3761467889908257 0.5122282608695652 0.3700305810397554 0.49728260869565216 0.36187563710499493 0.45516304347826086 0.36187563710499493 0.43885869565217395 0.3516819571865443 0.4266304347826087 0.35474006116207957 0.41440217391304346 0.3516819571865443 0.4130434782608695 0.3476044852191641 0.37092391304347827 0.3486238532110092 0.34510869565217395 0.3343527013251784 0.32608695652173914 0.33741080530071355 0.23777173913043476 0.32925586136595314 0.24456521739130435 0.34454638124362896
1 0.1956521739130435 0.2854230377166157 0.21059782608695649 0.29357798165137616 0.25 0.2925586136595311 0.27853260869565216 0.3017329255861366 0.2934782608695652 0.3017329255861366 0.3125 0.29357798165137616 0.30978260869565216 0.2884811416921509 0.23641304347826084 0.27522935779816515 0.21739130434782608 0.273190621814475 0.1956521739130435 0.27726809378185524 0.1956521739130435 0.2854230377166157