8 0.6234375 0.5625 0.6390625 0.565625 0.646875 0.5703125 0.6578125 0.5828125 0.6625 0.5953125 0.6625 0.6078125 0.6515625 0.6203125 0.6515625 0.6234375 0.6484375 0.6265625 0.6328125 0.63125 0.621875 0.63125 0.603125 0.625 0.584375 0.6234375 0.575 0.61875 0.56875 0.6109375 0.56875 0.584375 0.5796875 0.571875 0.590625 0.565625 0.6015625 0.5625 0.621875 0.5625
8 0.3734375 0.74375 0.3796875 0.746875 0.3890625 0.746875 0.3921875 0.75 0.3984375 0.75 0.409375 0.7609375 0.4140625 0.7765625 0.4140625 0.7859375 0.409375 0.7953125 0.3984375 0.8046875 0.390625 0.8078125 0.3890625 0.8109375 0.36875 0.815625 0.3421875 0.8140625 0.3171875 0.8015625 0.3109375 0.7875 0.3109375 0.7765625 0.3171875 0.7640625 0.3296875 0.7546875 0.334375 0.7546875 0.3390625 0.75 0.3546875 0.74375 0.371875 0.74375
8 0.6328125 0.4390625 0.64375 0.4421875 0.659375 0.45625 0.6625 0.4625 0.6640625 0.484375 0.6609375 0.49375 0.646875 0.509375 0.628125 0.515625 0.6109375 0.515625 0.5875 0.50625 0.5765625 0.4953125 0.5734375 0.4890625 0.571875 0.475 0.5734375 0.465625 0.5796875 0.4546875 0.590625 0.4453125 0.5953125 0.4453125 0.60625 0.4390625 0.621875 0.4375 0.63125 0.4390625
8 0.5140625 0.4125 0.51875 0.415625 0.5234375 0.415625 0.5265625 0.4203125 0.5296875 0.4203125 0.5359375 0.4265625 0.54375 0.4453125 0.540625 0.4625 0.5359375 0.4734375 0.5234375 0.4859375 0.515625 0.4875 0.471875 0.4859375 0.4640625 0.4828125 0.459375 0.478125 0.45625 0.4703125 0.45625 0.4578125 0.4640625 0.434375 0.4640625 0.4265625 0.475 0.4171875 0.4875 0.4125 0.496875 0.4109375 0.5125 0.4125
8 0.58125 0.6953125 0.596875 0.703125 0.609375 0.7171875 0.6125 0.728125 0.6125 0.7453125 0.609375 0.75625 0.59375 0.76875 0.5796875 0.775 0.5625 0.778125 0.540625 0.775 0.521875 0.7625 0.51875 0.7625 0.5078125 0.7453125 0.50625 0.725 0.5171875 0.7046875 0.5265625 0.6984375 0.553125 0.6921875 0.5796875 0.6953125
8 0.484375 0.553125 0.503125 0.5625 0.515625 0.575 0.51875 0.5828125 0.51875 0.6 0.515625 0.60625 0.5046875 0.615625 0.4859375 0.6203125 0.4734375 0.6203125 0.446875 0.615625 0.4390625 0.609375 0.4359375 0.609375 0.4328125 0.59375 0.4296875 0.5890625 0.4296875 0.5796875 0.4328125 0.571875 0.4421875 0.559375 0.4546875 0.553125 0.4671875 0.5515625 0.4828125 0.553125
8 0.6078125 0.628125 0.628125 0.6375 0.640625 0.6546875 0.640625 0.6640625 0.63125 0.6828125 0.6203125 0.690625 0.615625 0.690625 0.6109375 0.69375 0.584375 0.69375 0.575 0.690625 0.5609375 0.68125 0.553125 0.671875 0.5546875 0.6453125 0.5640625 0.634375 0.56875 0.63125 0.5875 0.6265625 0.60625 0.628125
8 0.64375 0.6765625 0.65 0.6796875 0.6546875 0.69375 0.6625 0.7 0.665625 0.7078125 0.665625 0.7171875 0.65625 0.725 0.6515625 0.7359375 0.6453125 0.7421875 0.6328125 0.7484375 0.6140625 0.7484375 0.6140625 0.728125 0.6109375 0.715625 0.6 0.703125 0.6 0.7 0.6203125 0.6921875 0.621875 0.6890625 0.6296875 0.6859375 0.6375 0.6765625 0.6421875 0.6765625
8 0.521875 0.578125 0.5296875 0.578125 0.5359375 0.58125 0.5484375 0.58125 0.559375 0.578125 0.565625 0.5828125 0.5640625 0.6140625 0.553125 0.6265625 0.5453125 0.6265625 0.534375 0.621875 0.5171875 0.61875 0.515625 0.6125 0.521875 0.6 0.521875 0.5796875
8 0.3203125 0.5171875 0.3453125 0.5296875 0.3578125 0.546875 0.3578125 0.5578125 0.353125 0.5703125 0.3359375 0.5875 0.3203125 0.59375 0.30625 0.59375 0.3015625 0.590625 0.290625 0.590625 0.2796875 0.5875 0.2640625 0.571875 0.2609375 0.5578125 0.2625 0.5390625 0.2703125 0.5265625 0.290625 0.5171875 0.3 0.515625 0.31875 0.5171875
8 0.4 0.475 0.425 0.4734375 0.4515625 0.48125 0.4625 0.4921875 0.465625 0.5 0.465625 0.5171875 0.4625 0.528125 0.453125 0.5375 0.4484375 0.5375 0.440625 0.5421875 0.421875 0.5421875 0.4015625 0.5375 0.3828125 0.525 0.378125 0.5125 0.378125 0.5 0.3828125 0.4875 0.3921875 0.4796875 0.4 0.4765625
8 0.25 0.325 0.2609375 0.328125 0.2734375 0.3359375 0.2828125 0.3453125 0.2859375 0.35625 0.2859375 0.3734375 0.28125 0.3859375 0.271875 0.39375 0.2625 0.3984375 0.253125 0.4 0.2296875 0.3984375 0.2046875 0.3859375 0.2 0.3828125 0.1953125 0.3640625 0.1953125 0.3515625 0.2 0.340625 0.209375 0.33125 0.221875 0.325 0.2484375 0.325
8 0.3625 0.4515625 0.375 0.4578125 0.3875 0.46875 0.3890625 0.4796875 0.378125 0.490625 0.378125 0.4953125 0.375 0.5 0.3734375 0.521875 0.3609375 0.528125 0.3484375 0.528125 0.334375 0.51875 0.328125 0.51875 0.325 0.515625 0.3109375 0.5125 0.30625 0.5078125 0.303125 0.4921875 0.303125 0.4765625 0.30625 0.46875 0.3171875 0.4578125 0.3203125 0.4578125 0.328125 0.4515625 0.3609375 0.4515625
8 0.3984375 0.56875 0.41875 0.578125 0.428125 0.5921875 0.43125 0.609375 0.4203125 0.6328125 0.4078125 0.6390625 0.3921875 0.640625 0.3734375 0.6390625 0.353125 0.6296875 0.340625 0.6140625 0.3375 0.60625 0.3375 0.5953125 0.3484375 0.578125 0.3625 0.56875 0.371875 0.5671875 0.396875 0.56875
8 0.5234375 0.625 0.5453125 0.6375 0.5515625 0.646875 0.55 0.671875 0.5421875 0.68125 0.528125 0.690625 0.5078125 0.690625 0.475 0.68125 0.465625 0.675 0.4578125 0.6640625 0.4578125 0.6453125 0.4609375 0.640625 0.50625 0.6234375 0.521875 0.625
8 0.4359375 0.7234375 0.4484375 0.728125 0.453125 0.7359375 0.46875 0.75 0.4734375 0.759375 0.471875 0.7703125 0.459375 0.784375 0.4484375 0.7921875 0.4375 0.79375 0.4234375 0.79375 0.4140625 0.790625 0.415625 0.7796875 0.4109375 0.7625 0.3921875 0.74375 0.403125 0.73125 0.4140625 0.725 0.434375 0.7234375
8 0.4328125 0.6078125 0.4484375 0.6171875 0.46875 0.6203125 0.4734375 0.6234375 0.4734375 0.628125 0.4578125 0.6421875 0.453125 0.64375 0.428125 0.6421875 0.421875 0.6390625 0.4203125 0.6359375 0.4328125 0.609375
8 0.440625 0.4296875 0.453125 0.4359375 0.4578125 0.4421875 0.4578125 0.45 0.453125 0.459375 0.453125 0.4765625 0.4421875 0.4765625 0.4203125 0.4703125 0.39375 0.4734375 0.3875 0.4640625 0.3875 0.4484375 0.3921875 0.4390625 0.4015625 0.4328125 0.4125 0.4296875 0.4390625 0.4296875
8 0.5640625 0.49375 0.5671875 0.496875 0.578125 0.5 0.5921875 0.5140625 0.596875 0.5265625 0.5953125 0.5421875 0.5890625 0.5578125 0.575 0.5703125 0.5640625 0.575 0.546875 0.578125 0.534375 0.578125 0.525 0.5734375 0.5203125 0.5734375 0.515625 0.5671875 0.4984375 0.5546875 0.49375 0.5484375 0.490625 0.525 0.4953125 0.5078125 0.51875 0.49375 0.525 0.49375 0.5296875 0.490625 0.553125 0.490625 0.5625 0.49375
8 0.721875 0.7046875 0.7265625 0.7078125 0.73125 0.7078125 0.7421875 0.71875 0.746875 0.7265625 0.746875 0.7390625 0.7359375 0.753125 0.715625 0.7625 0.690625 0.7625 0.675 0.75625 0.6640625 0.7453125 0.6578125 0.734375 0.6578125 0.728125 0.6703125 0.715625 0.684375 0.7078125 0.696875 0.7046875 0.7203125 0.7046875
8 0.2703125 0.4625 0.275 0.465625 0.28125 0.465625 0.29375 0.4734375 0.3 0.484375 0.303125 0.503125 0.2984375 0.5125 0.275 0.521875 0.234375 0.51875 0.2234375 0.509375 0.2203125 0.5 0.221875 0.4796875 0.2359375 0.465625 0.2421875 0.4625 0.26875 0.4625
8 0.3921875 0.5375 0.4109375 0.54375 0.41875 0.54375 0.421875 0.546875 0.4328125 0.546875 0.4375 0.55 0.440625 0.5578125 0.4328125 0.565625 0.4296875 0.5734375 0.4234375 0.578125 0.403125 0.5671875 0.384375 0.5640625 0.3609375 0.5671875 0.359375 0.5640625 0.3609375 0.55 0.375 0.5390625 0.390625 0.5375
8 0.7203125 0.45625 0.7359375 0.4671875 0.740625 0.4765625 0.740625 0.49375 0.734375 0.509375 0.721875 0.51875 0.7 0.528125 0.6671875 0.525 0.6546875 0.51875 0.6484375 0.5125 0.6640625 0.490625 0.665625 0.4828125 0.6640625 0.4578125 0.665625 0.45625 0.675 0.4515625 0.7046875 0.4515625 0.71875 0.45625
8 0.4640625 0.4875 0.4734375 0.4875 0.484375 0.490625 0.509375 0.490625 0.5125 0.49375 0.4984375 0.503125 0.4921875 0.5109375 0.4890625 0.521875 0.4890625 0.540625 0.4921875 0.5484375 0.4890625 0.5515625 0.484375 0.55 0.446875 0.5515625 0.4421875 0.54375 0.4546875 0.5390625 0.4640625 0.5296875 0.4640625 0.5234375 0.4671875 0.51875 0.46875 0.503125 0.4640625 0.4890625
8 0.4890625 0.6875 0.515625 0.6953125 0.5203125 0.7 0.50625 0.71875 0.5046875 0.725 0.5046875 0.7359375 0.5078125 0.746875 0.50625 0.7515625 0.5015625 0.7546875 0.4875 0.75625 0.475 0.753125 0.4703125 0.7484375 0.4671875 0.7484375 0.4546875 0.7359375 0.446875 0.7203125 0.45 0.703125 0.4578125 0.6921875 0.4734375 0.684375 0.4875 0.6875
8 0.60625 0.40625 0.6203125 0.415625 0.6203125 0.41875 0.625 0.4234375 0.6265625 0.4328125 0.6203125 0.4375 0.6078125 0.4375 0.603125 0.440625 0.5984375 0.440625 0.5828125 0.45 0.571875 0.4640625 0.56875 0.4734375 0.559375 0.4734375 0.553125 0.4703125 0.5515625 0.465625 0.5484375 0.4640625 0.54375 0.4375 0.5453125 0.4296875 0.5796875 0.40625 0.590625 0.403125 0.6015625 0.403125 0.6046875 0.40625
8 0.7453125 0.31875 0.7671875 0.325 0.778125 0.33125 0.7890625 0.3453125 0.7890625 0.3640625 0.7828125 0.3765625 0.7640625 0.3890625 0.75 0.3921875 0.734375 0.3921875 0.7234375 0.3890625 0.70625 0.3796875 0.7 0.3671875 0.7 0.3515625 0.70625 0.3390625 0.7265625 0.321875 0.74375 0.31875
4 0.12789115646258503 0.7067510548523207 0.13741496598639455 0.7331223628691983 0.18503401360544217 0.7689873417721518 0.19591836734693877 0.7710970464135021 0.24081632653061225 0.7689873417721518 0.26258503401360545 0.760548523206751 0.3129251700680272 0.7130801687763713 0.326530612244898 0.6930379746835442 0.3238095238095238 0.6603375527426161 0.31700680272108844 0.6476793248945147 0.2503401360544218 0.6170886075949367 0.2149659863945578 0.6149789029535865 0.1877551020408163 0.620253164556962 0.14829931972789115 0.6445147679324894 0.13197278911564625 0.6635021097046414 0.12925170068027209 0.6751054852320675 0.12789115646258503 0.7067510548523207
4 0.2857142857142857 0.3829113924050633 0.30476190476190473 0.410337552742616 0.33061224489795915 0.430379746835443 0.3727891156462585 0.43776371308016876 0.3904761904761905 0.43670886075949367 0.42721088435374144 0.4219409282700422 0.44897959183673464 0.4071729957805907 0.4625850340136054 0.39135021097046413 0.47891156462585033 0.35443037974683544 0.47482993197278905 0.33860759493670883 0.4408163265306122 0.3143459915611814 0.42857142857142855 0.310126582278481 0.3945578231292517 0.31329113924050633 0.3401360544217687 0.29535864978902954 0.3197278911564626 0.29641350210970463 0.3034013605442177 0.30696202531645567 0.2870748299319728 0.350210970464135 0.2857142857142857 0.3829113924050633
4 0.6598639455782312 0.6729957805907173 0.6653061224489796 0.680379746835443 0.6816326530612244 0.6951476793248945 0.726530612244898 0.7035864978902954 0.7755102040816326 0.7025316455696202 0.8095238095238095 0.6951476793248945 0.8517006802721088 0.6729957805907173 0.8666666666666666 0.6508438818565401 0.8666666666666666 0.6213080168776371 0.85578231292517 0.5875527426160337 0.8367346938775511 0.5654008438818565 0.8 0.5453586497890295 0.7319727891156462 0.5443037974683544 0.6775510204081632 0.5770042194092826 0.653061224489796 0.6223628691983122 0.6598639455782312 0.6729957805907173
4 0.4666666666666666 0.3871308016877637 0.47891156462585033 0.4113924050632911 0.5088435374149659 0.4092827004219409 0.5442176870748299 0.42510548523206754 0.5768707482993197 0.4061181434599156 0.6068027210884354 0.3987341772151899 0.6448979591836734 0.3723628691983122 0.6448979591836734 0.36075949367088606 0.6190476190476191 0.3175105485232067 0.6136054421768707 0.31329113924050633 0.601360544217687 0.31329113924050633 0.5088435374149659 0.3470464135021097 0.46802721088435373 0.37763713080168776 0.4666666666666666 0.3871308016877637
4 0.6612244897959183 0.4525316455696203 0.7020408163265306 0.44936708860759494 0.726530612244898 0.45780590717299574 0.746938775510204 0.490506329113924 0.764625850340136 0.48206751054852315 0.7741496598639455 0.4715189873417721 0.7850340136054421 0.43987341772151894 0.7795918367346938 0.4018987341772152 0.7591836734693878 0.3934599156118143 0.7170068027210884 0.3924050632911392 0.6884353741496598 0.4082278481012658 0.6571428571428571 0.43881856540084385 0.6612244897959183 0.4525316455696203
4 0.6299319727891156 0.4345991561181434 0.653061224489796 0.4430379746835443 0.6829931972789115 0.4113924050632911 0.710204081632653 0.39556962025316456 0.7142857142857142 0.3881856540084388 0.6993197278911565 0.3755274261603375 0.6938775510204082 0.3512658227848101 0.672108843537415 0.34915611814345987 0.6448979591836734 0.35548523206751054 0.6476190476190476 0.3639240506329114 0.6408163265306122 0.37763713080168776 0.6068027210884354 0.40084388185654 0.6299319727891156 0.4345991561181434
4 0.22993197278911565 0.4324894514767933 0.23673469387755103 0.46202531645569617 0.26666666666666666 0.45991561181434604 0.29931972789115646 0.4757383966244726 0.326530612244898 0.45042194092827004 0.35056734693877545 0.44936708860759494 0.3795918367346939 0.45886075949367083 0.382312925170068 0.4556962025316455 0.38503401360544215 0.43881856540084385 0.3333333333333333 0.43354430379746833 0.30204081632653057 0.4092827004219409 0.2857142857142857 0.3871308016877637 0.26666666666666666 0.39767932489451474 0.23809523809523808 0.40400843881856535 0.23265306122448978 0.410337552742616 0.22993197278911565 0.4324894514767933
4 0.15374149659863945 0.5907172995780591 0.163265306122449 0.6318565400843881 0.2068027210884354 0.6139240506329113 0.24489795918367346 0.6160337552742615 0.2802721088435374 0.6075949367088607 0.3006802721088435 0.5949367088607594 0.2761904761904762 0.5875527426160337 0.26258503401360545 0.5738396624472574 0.25850340136054417 0.5411392405063291 0.26666666666666666 0.5253164556962024 0.25442176870748295 0.5210970464135021 0.21632653061224488 0.520042194092827 0.19455782312925168 0.5263713080168776 0.17551020408163265 0.5421940928270043 0.15510204081632653 0.5727848101265822 0.15374149659863945 0.5907172995780591
4 0.26530612244897955 0.6160337552742615 0.2802721088435374 0.6286919831223629 0.31020408163265306 0.6413502109704641 0.3183673469387755 0.6497890295358649 0.32789115646258504 0.6835443037974683 0.3142857142857143 0.7130801687763713 0.29387755102040813 0.7310126582278481 0.2802721088435374 0.751054852320675 0.3129251700680272 0.7626582278481012 0.3564625850340136 0.741561181434599 0.3836734693877551 0.7426160337552743 0.4054421768707483 0.7257383966244725 0.4149659863945578 0.7088607594936709 0.4040816326530612 0.6434599156118143 0.3795918367346939 0.6424050632911392 0.3469387755102041 0.6265822784810127 0.33061224489795915 0.5959915611814346 0.3129251700680272 0.5959915611814346 0.2789115646258503 0.6118143459915611 0.2680272108843537 0.6118143459915611 0.26530612244897955 0.6160337552742615
4 0.5251700680272109 0.8080168776371307 0.563265306122449 0.8312236286919831 0.6122448979591837 0.840717299578059 0.6585034013605442 0.8417721518987342 0.7061224489795918 0.8280590717299579 0.7414965986394557 0.7911392405063291 0.7414965986394557 0.7869198312236286 0.7129251700680272 0.7668776371308017 0.6884353741496598 0.7626582278481012 0.6585034013605442 0.7489451476793249 0.6149659863945578 0.7521097046413502 0.5931972789115646 0.770042194092827 0.5714285714285714 0.7784810126582278 0.5482993197278911 0.7784810126582278 0.5197278911564626 0.7679324894514767 0.5251700680272109 0.8080168776371307
4 0.7482993197278911 0.7362869198312236 0.7428571428571428 0.7468354430379747 0.7210884353741497 0.7616033755274262 0.7183673469387755 0.7679324894514767 0.7414965986394557 0.7837552742616033 0.7510204081632652 0.7869198312236286 0.7972789115646258 0.7837552742616033 0.8517006802721088 0.75 0.8585034013605443 0.7099156118143459 0.8476190476190476 0.6824894514767932 0.8380952380952381 0.6824894514767932 0.8054421768707483 0.6983122362869197 0.7741496598639455 0.7046413502109704 0.7374149659863944 0.7056962025316456 0.7482993197278911 0.7362869198312236
4 0.5986394557823129 0.5337552742616033 0.5918367346938775 0.5590717299578059 0.6394557823129252 0.5643459915611814 0.6653061224489796 0.5896624472573839 0.6816326530612244 0.5717299578059072 0.7251700680272108 0.5485232067510548 0.7414965986394557 0.5052742616033755 0.7006802721088434 0.5295358649789029 0.6748299319727891 0.5284810126582278 0.6462585034013605 0.5137130801687764 0.5945578231292517 0.5147679324894515 0.5986394557823129 0.5337552742616033