11 0.7578125 0.1359375 0.7625 0.140625 0.78125 0.1359375 0.815625 0.1359375 0.8234375 0.1390625 0.8546875 0.1359375 0.8828125 0.1546875 0.89375 0.165625 0.9046875 0.1703125 0.9078125 0.175 0.9046875 0.1921875 0.8921875 0.203125 0.878125 0.2109375 0.86875 0.2109375 0.85625 0.2046875 0.8171875 0.2203125 0.803125 0.2234375 0.8 0.2265625 0.784375 0.228125 0.7796875 0.23125 0.76875 0.228125 0.765625 0.21875 0.765625 0.2 0.7703125 0.1953125 0.7640625 0.1828125 0.7609375 0.1578125 0.7484375 0.14375 0.75 0.1375 0.75625 0.1359375
11 0.1375 0.3453125 0.1453125 0.3484375 0.1578125 0.3578125 0.1765625 0.35625 0.2 0.3734375 0.2109375 0.371875 0.2234375 0.35625 0.2421875 0.3578125 0.25 0.3515625 0.26875 0.35 0.2765625 0.353125 0.28125 0.359375 0.2859375 0.3609375 0.296875 0.3609375 0.30625 0.365625 0.3140625 0.3640625 0.325 0.365625 0.334375 0.378125 0.3421875 0.3796875 0.35 0.3875 0.3546875 0.3953125 0.353125 0.4015625 0.3171875 0.4125 0.2875 0.428125 0.2828125 0.428125 0.253125 0.4421875 0.2328125 0.440625 0.21875 0.44375 0.209375 0.4484375 0.19375 0.4484375 0.16875 0.4578125 0.1609375 0.4578125 0.146875 0.45 0.134375 0.4390625 0.1265625 0.4359375 0.1140625 0.425 0.1046875 0.4203125 0.1015625 0.415625 0.084375 0.40625 0.084375 0.4 0.1109375 0.3796875 0.125 0.365625 0.125 0.3625 0.13125 0.35625 0.1359375 0.346875
11 0.771875 0.2890625 0.790625 0.3046875 0.8046875 0.3234375 0.81875 0.325 0.8390625 0.3375 0.865625 0.3421875 0.871875 0.3453125 0.875 0.3625 0.8734375 0.3703125 0.8578125 0.378125 0.8484375 0.378125 0.84375 0.38125 0.8390625 0.38125 0.815625 0.3953125 0.790625 0.3984375 0.765625 0.40625 0.74375 0.4171875 0.7328125 0.4265625 0.721875 0.425 0.6984375 0.4015625 0.6890625 0.390625 0.6890625 0.3875 0.70625 0.3828125 0.71875 0.3734375 0.7296875 0.35 0.740625 0.340625 0.740625 0.3328125 0.74375 0.3265625 0.7515625 0.315625 0.7609375 0.3109375 0.765625 0.3015625 0.765625 0.2953125 0.7703125 0.290625
11 0.3953125 0.0578125 0.4234375 0.0640625 0.44375 0.0640625 0.4453125 0.065625 0.4921875 0.065625 0.49375 0.0671875 0.5421875 0.065625 0.5625 0.06875 0.58125 0.06875 0.609375 0.078125 0.653125 0.08125 0.665625 0.0859375 0.678125 0.0953125 0.68125 0.09375 0.696875 0.0953125 0.709375 0.1015625 0.725 0.103125 0.73125 0.1078125 0.734375 0.1171875 0.734375 0.1265625 0.7171875 0.14375 0.7078125 0.146875 0.6671875 0.146875 0.65 0.15 0.6375 0.15625 0.6171875 0.1734375 0.6125 0.18125 0.6078125 0.1828125 0.6015625 0.1828125 0.5953125 0.1796875 0.5640625 0.18125 0.5578125 0.1875 0.54375 0.19375 0.5296875 0.2046875 0.5140625 0.2109375 0.503125 0.2125 0.490625 0.21875 0.4671875 0.2109375 0.4484375 0.2109375 0.4265625 0.203125 0.4171875 0.203125 0.403125 0.2078125 0.3875 0.203125 0.3640625 0.203125 0.3484375 0.1984375 0.3328125 0.1984375 0.2984375 0.2109375 0.278125 0.2125 0.259375 0.2171875 0.209375 0.2140625 0.1890625 0.2109375 0.1796875 0.20625 0.15625 0.184375 0.15625 0.16875 0.1671875 0.15625 0.1671875 0.153125 0.175 0.146875 0.178125 0.1421875 0.1765625 0.1375 0.1796875 0.134375 0.196875 0.1359375 0.2078125 0.1421875 0.2140625 0.1421875 0.221875 0.1375 0.2421875 0.1328125 0.246875 0.128125 0.24375 0.1234375 0.24375 0.1171875 0.25 0.1109375 0.2671875 0.103125 0.271875 0.0984375 0.2703125 0.0953125 0.271875 0.0828125 0.2828125 0.0765625 0.296875 0.0640625 0.3125 0.05625 0.3234375 0.0546875 0.39375 0.0578125
11 0.9046875 0.146875 0.9171875 0.140625 0.9421875 0.1359375 0.9671875 0.1265625 0.9703125 0.1234375 0.9984375 0.115625 0.9984375 0.175 0.9953125 0.1828125 0.9984375 0.190625 0.9984375 0.25625 0.9890625 0.259375 0.9890625 0.2625 0.99375 0.265625 0.9890625 0.26875 0.9890625 0.290625 0.990625 0.2921875 0.990625 0.296875 0.9875 0.3 0.990625 0.3078125 0.9890625 0.3125 0.984375 0.315625 0.9796875 0.315625 0.9765625 0.321875 0.9765625 0.33125 0.98125 0.3328125 0.9859375 0.3375 0.984375 0.3390625 0.95625 0.3375 0.946875 0.340625 0.8875 0.3421875 0.884375 0.3390625 0.859375 0.33125 0.853125 0.325 0.8578125 0.321875 0.859375 0.31875 0.8578125 0.3171875 0.8421875 0.3203125 0.809375 0.31875 0.803125 0.315625 0.803125 0.3125 0.7921875 0.3015625 0.784375 0.2890625 0.784375 0.271875 0.790625 0.259375 0.7765625 0.2453125 0.7734375 0.2390625 0.775 0.2359375 0.78125 0.2328125 0.7890625 0.2328125 0.7921875 0.2296875 0.8109375 0.225 0.8265625 0.215625 0.8421875 0.2125 0.84375 0.2109375 0.8421875 0.20625 0.8546875 0.203125 0.8546875 0.190625 0.8578125 0.1921875 0.85625 0.1953125 0.8609375 0.1984375 0.8765625 0.196875 0.88125 0.2046875 0.8875 0.2046875 0.8890625 0.1984375 0.8859375 0.196875 0.8828125 0.184375 0.878125 0.1828125 0.8765625 0.1859375 0.8765625 0.18125 0.871875 0.175 0.8734375 0.171875 0.8703125 0.16875 0.8765625 0.1640625 0.8734375 0.153125 0.878125 0.1546875 0.884375 0.1609375 0.8859375 0.165625 0.8953125 0.165625 0.8984375 0.153125 0.9046875 0.1484375
11 0.5828125 0.31875 0.6 0.3234375 0.6125 0.3234375 0.6265625 0.3265625 0.640625 0.334375 0.6546875 0.3515625 0.6546875 0.3546875 0.665625 0.3703125 0.6890625 0.396875 0.740625 0.4484375 0.746875 0.4515625 0.7578125 0.4625 0.7625 0.4796875 0.7703125 0.49375 0.7890625 0.5078125 0.7921875 0.5125 0.80625 0.515625 0.821875 0.525 0.828125 0.5359375 0.821875 0.5421875 0.8171875 0.5421875 0.8109375 0.546875 0.771875 0.5546875 0.7546875 0.5609375 0.73125 0.5609375 0.715625 0.5578125 0.678125 0.5578125 0.66875 0.5609375 0.6453125 0.5625 0.634375 0.565625 0.6234375 0.565625 0.5984375 0.5578125 0.5765625 0.5546875 0.5546875 0.54375 0.5453125 0.534375 0.540625 0.5328125 0.5109375 0.534375 0.5015625 0.546875 0.4890625 0.5515625 0.475 0.553125 0.45625 0.5515625 0.4515625 0.5578125 0.4421875 0.559375 0.434375 0.5640625 0.415625 0.5625 0.378125 0.5515625 0.3671875 0.546875 0.3515625 0.5359375 0.325 0.53125 0.3125 0.521875 0.3109375 0.515625 0.303125 0.50625 0.3015625 0.49375 0.303125 0.48125 0.309375 0.475 0.3125 0.4625 0.3265625 0.4515625 0.3359375 0.4484375 0.3515625 0.4484375 0.3609375 0.44375 0.36875 0.4359375 0.3796875 0.4328125 0.390625 0.4328125 0.3953125 0.4359375 0.39375 0.446875 0.396875 0.4546875 0.4015625 0.459375 0.40625 0.4578125 0.40625 0.4421875 0.4 0.43125 0.4 0.425 0.409375 0.4140625 0.4140625 0.4015625 0.428125 0.390625 0.428125 0.3875 0.4375 0.3734375 0.4375 0.35625 0.428125 0.3375 0.41875 0.325 0.4171875 0.321875 0.41875 0.3203125 0.5140625 0.321875 0.528125 0.3171875 0.58125 0.31875
11 0.9953125 0.259375 0.9984375 0.2609375 0.9984375 0.340625 0.9953125 0.3421875 0.9484375 0.340625 0.946875 0.3421875 0.925 0.3421875 0.915625 0.3453125 0.8890625 0.34375 0.8546875 0.334375 0.846875 0.3296875 0.84375 0.3234375 0.8609375 0.3140625 0.878125 0.3 0.9125 0.2828125 0.9171875 0.278125 0.928125 0.2765625 0.934375 0.28125 0.9609375 0.2796875 0.96875 0.2765625 0.9703125 0.2609375 0.99375 0.259375
11 0.225 0.2359375 0.2359375 0.2375 0.2484375 0.24375 0.253125 0.2484375 0.2671875 0.253125 0.271875 0.2578125 0.2796875 0.2609375 0.2796875 0.2734375 0.2734375 0.2796875 0.2703125 0.2875 0.271875 0.296875 0.2765625 0.3 0.2765625 0.3078125 0.2796875 0.3140625 0.26875 0.3171875 0.2671875 0.31875 0.2703125 0.321875 0.2671875 0.3234375 0.2453125 0.325 0.2390625 0.33125 0.2390625 0.3359375 0.25 0.34375 0.278125 0.353125 0.2859375 0.3609375 0.296875 0.3609375 0.30625 0.365625 0.3265625 0.365625 0.3234375 0.3703125 0.3421875 0.384375 0.346875 0.3890625 0.35 0.396875 0.3453125 0.4015625 0.325 0.4078125 0.2875 0.4265625 0.271875 0.43125 0.259375 0.4390625 0.228125 0.440625 0.2125 0.446875 0.190625 0.4484375 0.1671875 0.4578125 0.1609375 0.4578125 0.146875 0.45 0.1453125 0.446875 0.125 0.434375 0.11875 0.428125 0.115625 0.428125 0.1125 0.4234375 0.1078125 0.421875 0.1015625 0.415625 0.0859375 0.4078125 0.084375 0.4 0.1015625 0.3875 0.1046875 0.3828125 0.109375 0.38125 0.125 0.365625 0.1359375 0.3484375 0.134375 0.3390625 0.125 0.3390625 0.1203125 0.3359375 0.128125 0.31875 0.125 0.315625 0.1234375 0.303125 0.115625 0.2921875 0.115625 0.2859375 0.1234375 0.2765625 0.125 0.265625 0.1359375 0.2546875 0.1546875 0.24375 0.165625 0.24375 0.18125 0.2375 0.19375 0.2359375 0.2234375 0.2359375
11 0.921875 0.1796875 0.9453125 0.1921875 0.9578125 0.1875 0.971875 0.1875 0.9796875 0.184375 0.984375 0.184375 0.9984375 0.190625 0.9984375 0.2546875 0.9703125 0.2578125 0.9671875 0.2734375 0.9578125 0.2734375 0.946875 0.2765625 0.9296875 0.2734375 0.9203125 0.275 0.865625 0.30625 0.853125 0.3171875 0.8421875 0.3203125 0.8078125 0.31875 0.7921875 0.303125 0.7921875 0.3 0.78125 0.2875 0.78125 0.2765625 0.7890625 0.2625 0.7890625 0.2578125 0.775 0.24375 0.7734375 0.2375 0.7765625 0.234375 0.7890625 0.2328125 0.803125 0.2265625 0.8078125 0.2265625 0.8234375 0.21875 0.8546875 0.2078125 0.8609375 0.2078125 0.871875 0.2140625 0.8796875 0.2125 0.909375 0.19375 0.9140625 0.1890625 0.9140625 0.18125 0.9203125 0.1796875
11 0.3546875 0.2046875 0.35625 0.20625 0.384375 0.20625 0.39375 0.2109375 0.409375 0.2109375 0.415625 0.2078125 0.4265625 0.2078125 0.4359375 0.2125 0.4734375 0.2171875 0.50625 0.2390625 0.5203125 0.2515625 0.5203125 0.2671875 0.525 0.2765625 0.5265625 0.2890625 0.525 0.2984375 0.5203125 0.303125 0.5171875 0.3125 0.509375 0.3171875 0.49375 0.315625 0.4921875 0.3171875 0.478125 0.315625 0.453125 0.315625 0.4515625 0.3171875 0.415625 0.315625 0.4125 0.3171875 0.4109375 0.3203125 0.421875 0.3359375 0.4296875 0.35625 0.428125 0.36875 0.425 0.371875 0.415625 0.36875 0.390625 0.3703125 0.38125 0.3734375 0.371875 0.3828125 0.359375 0.3828125 0.3453125 0.3765625 0.3421875 0.371875 0.334375 0.3703125 0.33125 0.3609375 0.325 0.35625 0.3109375 0.3625 0.296875 0.35625 0.2859375 0.35625 0.2796875 0.346875 0.2515625 0.3375 0.2515625 0.334375 0.25625 0.33125 0.271875 0.328125 0.2875 0.33125 0.2921875 0.3265625 0.2875 0.3140625 0.28125 0.309375 0.28125 0.3015625 0.2765625 0.2953125 0.2765625 0.2890625 0.2859375 0.2796875 0.2890625 0.275 0.2890625 0.2703125 0.2796875 0.2578125 0.25 0.24375 0.25 0.240625 0.24375 0.2328125 0.259375 0.2234375 0.271875 0.2203125 0.30625 0.21875 0.3125 0.209375 0.321875 0.209375 0.33125 0.203125 0.3515625 0.203125 0.353125 0.2046875
11 0.34375 0.203125 0.359375 0.2078125 0.3828125 0.20625 0.3921875 0.2109375 0.4125 0.2109375 0.4171875 0.2078125 0.4234375 0.2078125 0.4375 0.2140625 0.4671875 0.215625 0.4765625 0.21875 0.4796875 0.2234375 0.5046875 0.2390625 0.51875 0.2515625 0.51875 0.2640625 0.525 0.2875 0.5234375 0.296875 0.515625 0.3125 0.509375 0.315625 0.4953125 0.3140625 0.49375 0.315625 0.471875 0.315625 0.4703125 0.3140625 0.465625 0.315625 0.415625 0.315625 0.4125 0.3203125 0.4265625 0.34375 0.4265625 0.3484375 0.4328125 0.3578125 0.4328125 0.3625 0.4203125 0.38125 0.421875 0.3875 0.40625 0.4 0.40625 0.4046875 0.396875 0.4140625 0.3953125 0.40625 0.3890625 0.409375 0.375 0.3984375 0.371875 0.3921875 0.3671875 0.3921875 0.3609375 0.3859375 0.353125 0.3828125 0.34375 0.3828125 0.3421875 0.384375 0.346875 0.3890625 0.346875 0.39375 0.3421875 0.4015625 0.3296875 0.4078125 0.3125 0.4125 0.290625 0.425 0.2703125 0.43125 0.25625 0.4390625 0.2328125 0.4390625 0.2109375 0.446875 0.1875 0.4484375 0.16875 0.45625 0.1609375 0.45625 0.1484375 0.45 0.084375 0.403125 0.0921875 0.39375 0.103125 0.3875 0.125 0.3671875 0.1328125 0.3578125 0.1375 0.346875 0.134375 0.3390625 0.1234375 0.3375 0.121875 0.334375 0.1296875 0.31875 0.1265625 0.315625 0.125 0.303125 0.11875 0.2953125 0.1171875 0.2875 0.125 0.2765625 0.1265625 0.265625 0.1390625 0.253125 0.1515625 0.2453125 0.1609375 0.2453125 0.1828125 0.2375 0.203125 0.2375 0.2046875 0.2359375 0.24375 0.2375 0.246875 0.23125 0.2609375 0.2234375 0.2703125 0.2234375 0.2734375 0.2203125 0.303125 0.2203125 0.3078125 0.21875 0.3171875 0.209375 0.321875 0.209375 0.334375 0.203125 0.3421875 0.203125
11 0.74375 0.146875 0.7484375 0.15625 0.7578125 0.1578125 0.75625 0.165625 0.7609375 0.175 0.7625 0.1984375 0.759375 0.2203125 0.753125 0.225 0.753125 0.228125 0.765625 0.2421875 0.7734375 0.2640625 0.7734375 0.271875 0.7671875 0.284375 0.7625 0.2890625 0.759375 0.309375 0.746875 0.315625 0.7390625 0.33125 0.7390625 0.3390625 0.728125 0.3484375 0.7171875 0.3734375 0.70625 0.3796875 0.6953125 0.3828125 0.6859375 0.3828125 0.678125 0.378125 0.6703125 0.3703125 0.6640625 0.359375 0.659375 0.35625 0.646875 0.3359375 0.634375 0.325 0.6109375 0.3203125 0.596875 0.3203125 0.5734375 0.3140625 0.5328125 0.3109375 0.53125 0.30625 0.5375 0.29375 0.5375 0.2875 0.5359375 0.2828125 0.5328125 0.28125 0.5328125 0.275 0.5390625 0.26875 0.5328125 0.2609375 0.5265625 0.259375 0.525 0.25 0.528125 0.2453125 0.5265625 0.2421875 0.53125 0.2375 0.53125 0.234375 0.5421875 0.2203125 0.546875 0.21875 0.5578125 0.20625 0.575 0.2 0.590625 0.2 0.6015625 0.2046875 0.609375 0.2015625 0.621875 0.190625 0.625 0.18125 0.646875 0.1578125 0.6703125 0.1515625 0.7078125 0.1515625 0.7265625 0.1453125 0.7421875 0.146875
11 0.9984375 0.346875 0.9984375 0.5328125 0.9953125 0.553125 0.9828125 0.5640625 0.9625 0.5703125 0.946875 0.58125 0.9375 0.584375 0.925 0.584375 0.8890625 0.5765625 0.8671875 0.575 0.825 0.5546875 0.8234375 0.546875 0.834375 0.5359375 0.83125 0.5296875 0.821875 0.51875 0.7953125 0.5078125 0.78125 0.4984375 0.7796875 0.4921875 0.771875 0.4859375 0.7609375 0.4578125 0.7453125 0.4421875 0.7625 0.4234375 0.771875 0.41875 0.7953125 0.4140625 0.8109375 0.4046875 0.8125 0.4015625 0.84375 0.3859375 0.871875 0.378125 0.88125 0.371875 0.9 0.36875 0.91875 0.359375 0.9375 0.3578125 0.95 0.35 0.978125 0.3453125 0.9953125 0.3453125 0.996875 0.346875
11 0.9984375 0.115625 0.9984375 0.1734375 0.996875 0.1765625 0.9890625 0.18125 0.9703125 0.1828125 0.946875 0.1890625 0.9375 0.1875 0.9265625 0.178125 0.90625 0.1703125 0.896875 0.1609375 0.896875 0.1546875 0.90625 0.1453125 0.9203125 0.1390625 0.9453125 0.134375 0.971875 0.121875 0.996875 0.115625
11 0.2375 0.2375 0.246875 0.2421875 0.253125 0.2484375 0.2703125 0.2546875 0.2796875 0.2625 0.2796875 0.2734375 0.2703125 0.278125 0.2640625 0.2890625 0.2703125 0.303125 0.2671875 0.309375 0.265625 0.3109375 0.2609375 0.30625 0.2546875 0.3125 0.25 0.3125 0.2453125 0.31875 0.2421875 0.31875 0.2390625 0.3140625 0.2328125 0.321875 0.234375 0.3328125 0.228125 0.33125 0.21875 0.334375 0.21875 0.3375 0.225 0.3421875 0.21875 0.3515625 0.2171875 0.3625 0.2078125 0.371875 0.196875 0.3703125 0.1859375 0.359375 0.1765625 0.3546875 0.15625 0.35625 0.134375 0.3390625 0.1203125 0.3390625 0.11875 0.334375 0.128125 0.3203125 0.125 0.3171875 0.1234375 0.3046875 0.115625 0.2953125 0.1140625 0.2890625 0.1234375 0.275 0.125 0.2640625 0.134375 0.2578125 0.1390625 0.2515625 0.1453125 0.25 0.146875 0.246875 0.153125 0.24375 0.165625 0.24375 0.1796875 0.2375 0.20625 0.234375 0.2359375 0.2375
13 0.42527173913043476 0.5756880733944955 0.43614130434782605 0.5749235474006116 0.44565217391304346 0.5818042813455657 0.5054347826086956 0.5970948012232415 0.5258152173913043 0.6093272171253823 0.5855978260869565 0.6269113149847094 0.6059782608695652 0.6368501529051988 0.623641304347826 0.6399082568807339 0.654891304347826 0.6574923547400611 0.763586956521739 0.6842507645259939 0.7690217391304348 0.6896024464831804 0.78125 0.6888379204892966 0.8980978260869564 0.7201834862385321 0.9714673913043479 0.7347094801223242 0.9986413043478259 0.7362385321100917 0.9986413043478259 0.6804281345565749 0.955163043478261 0.6605504587155963 0.8627717391304348 0.6276758409785932 0.6752717391304348 0.5703363914373089 0.6521739130434783 0.5657492354740061 0.6222826086956521 0.5680428134556574 0.5855978260869565 0.5603975535168195 0.5652173913043479 0.5542813455657492 0.5366847826086956 0.5382262996941896 0.5217391304347826 0.5389908256880733 0.5027173913043479 0.5519877675840978 0.4891304347826087 0.5558103975535168 0.4633152173913043 0.5558103975535168 0.42527173913043476 0.5703363914373089 0.42527173913043476 0.5756880733944955
13 0 0.45642201834862384 0.012228260869565218 0.45871559633027525 0.021739130434782608 0.4701834862385321 0.04619565217391304 0.4839449541284403 0.08831521739130435 0.5015290519877675 0.10326086956521738 0.5122324159021406 0.1644021739130435 0.540519877675841 0.1779891304347826 0.5435779816513762 0.28940217391304346 0.5902140672782875 0.5788043478260869 0.72782874617737 0.5815217391304348 0.7224770642201834 0.595108695652174 0.716360856269113 0.5964673913043479 0.7071865443425076 0.6100543478260869 0.7048929663608563 0.6154891304347826 0.6941896024464832 0.6440217391304348 0.6964831804281346 0.6942934782608695 0.7217125382262997 0.7065217391304348 0.7201834862385321 0.7065217391304348 0.7071865443425076 0.701086956521739 0.7056574923547401 0.6983695652173914 0.691131498470948 0.6915760869565217 0.6880733944954128 0.6847826086956521 0.6743119266055045 0.6589673913043479 0.6643730886850153 0.6222826086956521 0.6406727828746177 0.4279891304347826 0.5703363914373089 0.3858695652173913 0.5596330275229358 0.3192934782608695 0.5328746177370031 0.30978260869565216 0.525229357798165 0.2608695652173913 0.5084097859327217 0.18614130434782608 0.48547400611620795 0.15353260869565216 0.48853211009174313 0.14945652173913043 0.4732415902140673 0.13043478260869565 0.47171253822629966 0.11956521739130435 0.4633027522935779 0.08288043478260869 0.4610091743119266 0.08152173913043478 0.4579510703363915 0.0733695652173913 0.459480122324159 0.05434782608695652 0.4510703363914373 0.05570652173913043 0.44571865443425074 0.04755434782608696 0.44495412844036697 0.02717391304347826 0.4319571865443425 0.002717391304347826 0.4319571865443425 0 0.45642201834862384
13 0.1467391304347826 0.4701834862385321 0.16168478260869565 0.48088685015290517 0.1793478260869565 0.481651376146789 0.24728260869565216 0.5053516819571866 0.27717391304347827 0.5114678899082569 0.26766304347826086 0.49464831804281345 0.23097826086956524 0.4617737003058104 0.21467391304347827 0.4525993883792049 0.1888586956521739 0.45336391437308865 0.15081521739130435 0.4663608562691131 0.1467391304347826 0.4701834862385321
13 0.042119565217391304 0.4350152905198777 0.08016304347826086 0.4510703363914373 0.13858695652173914 0.4678899082568807 0.1467391304347826 0.46712538226299694 0.1576086956521739 0.459480122324159 0.09239130434782608 0.4143730886850153 0.06657608695652174 0.42048929663608564 0.04619565217391304 0.4319571865443425 0.042119565217391304 0.4350152905198777
13 0 0.4862385321100917 0 0.5321100917431193 0.00951086956521739 0.5397553516819571 0.13043478260869565 0.5940366972477065 0.32065217391304346 0.6888379204892966 0.35733695652173914 0.701834862385321 0.3817934782608695 0.7148318042813455 0.4103260869565217 0.7224770642201834 0.41983695652173914 0.7301223241590213 0.42527173913043476 0.7293577981651376 0.48777173913043476 0.7568807339449541 0.514945652173913 0.7637614678899083 0.5258152173913043 0.7629969418960244 0.5529891304347826 0.7377675840978594 0.5679347826086956 0.7301223241590213 0.5692934782608695 0.7247706422018348 0.5597826086956521 0.716360856269113 0.42391304347826086 0.6574923547400611 0.37092391304347827 0.6292048929663608 0.2758152173913043 0.5856269113149847 0.13451086956521738 0.5282874617737002 0.05027173913043478 0.48776758409785936 0.02717391304347826 0.4793577981651376 0.012228260869565218 0.4801223241590214 0 0.4862385321100917
13 0 0.6032110091743119 0.004076086956521739 0.6070336391437309 0.03532608695652174 0.6162079510703363 0.043478260869565216 0.6230886850152906 0.06657608695652174 0.6307339449541284 0.264945652173913 0.7339449541284403 0.3247282608695652 0.7622324159021406 0.33967391304347827 0.7652905198776758 0.3532608695652174 0.7759938837920489 0.38315217391304346 0.7828746177370031 0.39266304347826086 0.8050458715596329 0.4171195652173913 0.8103975535168196 0.41847826086956524 0.8172782874617737 0.4334239130434782 0.8241590214067278 0.43614130434782605 0.8188073394495413 0.47010869565217395 0.8142201834862386 0.4796195652173913 0.8218654434250764 0.48777173913043476 0.8233944954128439 0.4904891304347826 0.8287461773700306 0.49864130434782605 0.8279816513761468 0.529891304347826 0.8363914373088684 0.53125 0.8402140672782874 0.546195652173913 0.8463302752293578 0.5625 0.845565749235474 0.5747282608695652 0.8486238532110091 0.5869565217391304 0.8593272171253823 0.639945652173913 0.8746177370030581 0.6779891304347826 0.8784403669724771 0.6929347826086956 0.8738532110091743 0.7078804347826086 0.8486238532110091 0.7078804347826086 0.8279816513761468 0.702445652173913 0.8241590214067278 0.6847826086956521 0.819571865443425 0.657608695652174 0.8188073394495413 0.6372282608695652 0.8058103975535168 0.6114130434782609 0.8042813455657493 0.595108695652174 0.7928134556574923 0.5842391304347826 0.7920489296636085 0.44972826086956524 0.7446483180428134 0.37635869565217395 0.7155963302752293 0.3192934782608695 0.6903669724770642 0.15896739130434784 0.6093272171253823 0.001358695652173913 0.5382262996941896 0 0.6032110091743119
13 0 0.7247706422018348 0.01902173913043478 0.7392966360856269 0.4415760869565217 0.9877675840978594 0.46059782608695654 0.9877675840978594 0.47146739130434784 0.9992354740061161 0.5407608695652174 0.9992354740061161 0.5543478260869565 0.9831804281345565 0.5529891304347826 0.9594801223241591 0.49184782608695654 0.9250764525993883 0.46739130434782605 0.9051987767584098 0.30570652173913043 0.8111620795107033 0.2527173913043478 0.7744648318042813 0.24184782608695649 0.7706422018348624 0.18206521739130435 0.7240061162079511 0.033967391304347824 0.6292048929663608 0.001358695652173913 0.613914373088685 0 0.7247706422018348
13 0.5557065217391304 0.7484709480122324 0.6032608695652174 0.7759938837920489 0.6644021739130435 0.8073394495412843 0.733695652173913 0.8348623853211009 0.7540760869565217 0.8402140672782874 0.7758152173913043 0.8409785932721713 0.8410326086956521 0.837920489296636 0.8519021739130433 0.834097859327217 0.8491847826086957 0.8287461773700306 0.8328804347826086 0.8211009174311925 0.8274456521739131 0.8119266055045872 0.6290760869565217 0.6980122324159022 0.577445652173913 0.7240061162079511 0.5584239130434783 0.7400611620795107 0.5557065217391304 0.7484709480122324
13 0.30978260869565216 0.8027522935779816 0.30978260869565216 0.8081039755351682 0.33152173913043476 0.8272171253822631 0.34103260869565216 0.8272171253822631 0.3505434782608695 0.8318042813455657 0.375 0.8516819571865444 0.4959239130434782 0.9197247706422018 0.5108695652173914 0.915902140672783 0.5122282608695652 0.9029051987767585 0.5339673913043479 0.8868501529051989 0.546195652173913 0.8891437308868502 0.5475543478260869 0.8799694189602446 0.4130434782608695 0.8226299694189603 0.375 0.8172782874617737 0.37228260869565216 0.8142201834862386 0.3179347826086957 0.8027522935779816 0.30978260869565216 0.8027522935779816
13 0 0.764525993883792 0.001358695652173913 0.8394495412844037 0.033967391304347824 0.8463302752293578 0.21739130434782608 0.8662079510703364 0.21739130434782608 0.8555045871559633 0.19701086956521738 0.8409785932721713 0.1467391304347826 0.8096330275229358 0.11005434782608696 0.7935779816513762 0.0733695652173913 0.77217125382263 0.05027173913043478 0.7637614678899083 0.020380434782608696 0.7599388379204892 0.004076086956521739 0.7622324159021406 0 0.764525993883792
13 0.01358695652173913 0.9770642201834863 0.02717391304347826 0.9793577981651376 0.358695652173913 0.9862385321100918 0.4225543478260869 0.9862385321100918 0.4307065217391305 0.9839449541284404 0.4307065217391305 0.9801223241590215 0.40625 0.9640672782874617 0.37228260869565216 0.9464831804281346 0.360054347826087 0.9350152905198776 0.34239130434782605 0.9281345565749236 0.03940217391304347 0.9319571865443426 0.01358695652173913 0.966360856269113 0.01358695652173913 0.9770642201834863
13 0.5217391304347826 0.9411314984709479 0.5353260869565217 0.9495412844036697 0.546195652173913 0.9510703363914373 0.5597826086956521 0.966360856269113 0.5489130434782609 0.9839449541284404 0.5665760869565217 0.988532110091743 0.5869565217391304 0.9847094801223241 0.6019021739130435 0.9594801223241591 0.6005434782608695 0.9464831804281346 0.5652173913043479 0.9380733944954128 0.5285326086956521 0.9380733944954128 0.5217391304347826 0.9411314984709479