4 0.7640625 0.4390625 0.775 0.4421875 0.778125 0.4453125 0.7859375 0.4453125 0.7890625 0.4484375 0.803125 0.4515625 0.8265625 0.46875 0.8265625 0.471875 0.81875 0.4734375 0.8125 0.4703125 0.7765625 0.4703125 0.765625 0.4734375 0.75625 0.4734375 0.7234375 0.49375 0.7125 0.5046875 0.70625 0.5171875 0.703125 0.5296875 0.696875 0.528125 0.6953125 0.5109375 0.6921875 0.503125 0.6828125 0.49375 0.6765625 0.490625 0.66875 0.48125 0.675 0.465625 0.684375 0.45625 0.69375 0.4515625 0.7 0.4515625 0.7171875 0.4421875 0.7625 0.4390625
4 0.3984375 0.375 0.4078125 0.3828125 0.4109375 0.3828125 0.421875 0.3953125 0.425 0.4125 0.425 0.4234375 0.421875 0.4328125 0.4078125 0.45 0.4046875 0.45 0.39375 0.4578125 0.3703125 0.4640625 0.3390625 0.46875 0.3125 0.4671875 0.2953125 0.4609375 0.275 0.440625 0.271875 0.434375 0.275 0.409375 0.290625 0.3921875 0.325 0.375 0.334375 0.375 0.3453125 0.371875 0.3875 0.371875 0.396875 0.375
4 0.559375 0.6828125 0.559375 0.6796875 0.578125 0.6640625 0.5859375 0.646875 0.5890625 0.6484375 0.596875 0.665625 0.596875 0.678125 0.5890625 0.68125 0.5609375 0.6828125
4 0.7640625 0.3140625 0.778125 0.315625 0.7953125 0.321875 0.8 0.325 0.8 0.3328125 0.80625 0.3390625 0.809375 0.3390625 0.815625 0.346875 0.8171875 0.35625 0.815625 0.3703125 0.809375 0.3828125 0.8 0.390625 0.7921875 0.390625 0.7828125 0.384375 0.778125 0.384375 0.7625 0.3765625 0.7328125 0.371875 0.725 0.3734375 0.7140625 0.3703125 0.7109375 0.3671875 0.6953125 0.3640625 0.6859375 0.3578125 0.6890625 0.3359375 0.6921875 0.3359375 0.6984375 0.3296875 0.7 0.325 0.7046875 0.325 0.725 0.315625 0.74375 0.3125 0.7625 0.3140625
4 0.1984375 0.4859375 0.228125 0.49375 0.2375 0.5046875 0.278125 0.5296875 0.275 0.5328125 0.2515625 0.534375 0.2453125 0.5375 0.2390625 0.5375 0.2265625 0.54375 0.2171875 0.5515625 0.2140625 0.5515625 0.2 0.565625 0.184375 0.5890625 0.1796875 0.6046875 0.1703125 0.6046875 0.1625 0.6078125 0.146875 0.6078125 0.11875 0.590625 0.096875 0.571875 0.090625 0.5578125 0.090625 0.5484375 0.09375 0.5390625 0.1046875 0.5234375 0.1203125 0.509375 0.1359375 0.503125 0.1453125 0.503125 0.18125 0.4875 0.196875 0.4859375
4 0.63125 0.3109375 0.6421875 0.315625 0.6484375 0.315625 0.65 0.31875 0.6703125 0.3328125 0.6765625 0.3484375 0.675 0.3578125 0.6328125 0.353125 0.615625 0.353125 0.6140625 0.3546875 0.6015625 0.353125 0.6 0.3328125 0.5890625 0.3203125 0.5859375 0.3125 0.59375 0.3078125 0.6203125 0.3078125 0.6296875 0.3109375
4 0.54375 0.303125 0.5640625 0.3078125 0.5859375 0.31875 0.596875 0.33125 0.6 0.3390625 0.6 0.3515625 0.5953125 0.3578125 0.58125 0.3609375 0.5609375 0.3734375 0.5578125 0.3734375 0.5359375 0.39375 0.5125 0.390625 0.4703125 0.3921875 0.45625 0.3875 0.45 0.384375 0.434375 0.3671875 0.43125 0.359375 0.428125 0.3578125 0.428125 0.3453125 0.446875 0.3234375 0.4796875 0.3078125 0.5109375 0.303125 0.534375 0.303125 0.5359375 0.3046875 0.5421875 0.303125
4 0.378125 0.3125 0.390625 0.3171875 0.396875 0.33125 0.3953125 0.3375 0.3703125 0.3375 0.365625 0.340625 0.34375 0.340625 0.3421875 0.3421875 0.33125 0.3390625 0.3203125 0.3390625 0.3171875 0.3359375 0.3171875 0.31875 0.340625 0.3125 0.3765625 0.3125
4 0.6296875 0.475 0.6390625 0.4796875 0.65 0.4796875 0.6546875 0.4828125 0.6609375 0.4828125 0.6890625 0.503125 0.6921875 0.5109375 0.69375 0.5421875 0.6890625 0.5515625 0.678125 0.5640625 0.6578125 0.578125 0.6328125 0.5859375 0.6109375 0.5875 0.603125 0.590625 0.5671875 0.5875 0.5375 0.575 0.521875 0.5640625 0.5125 0.5546875 0.509375 0.54375 0.5109375 0.515625 0.5125 0.509375 0.5265625 0.4953125 0.5609375 0.4796875 0.5796875 0.475 0.628125 0.475
4 0.8171875 0.4015625 0.8359375 0.4015625 0.840625 0.4046875 0.8453125 0.4046875 0.859375 0.4171875 0.8578125 0.43125 0.853125 0.434375 0.84375 0.4546875 0.8375 0.4578125 0.8328125 0.4375 0.8171875 0.4125 0.815625 0.4078125 0.8171875 0.403125
4 0.178125 0.60625 0.18125 0.6203125 0.1890625 0.63125 0.184375 0.63125 0.16875 0.6234375 0.1546875 0.6140625 0.1578125 0.609375 0.1765625 0.60625
4 0.7265625 0.375 0.746875 0.375 0.7546875 0.378125 0.7625 0.378125 0.7703125 0.3828125 0.7765625 0.3828125 0.778125 0.3859375 0.8 0.3953125 0.8125 0.4046875 0.8109375 0.4140625 0.8015625 0.4109375 0.7953125 0.4046875 0.778125 0.396875 0.759375 0.39375 0.7546875 0.390625 0.74375 0.3921875 0.7359375 0.384375 0.7328125 0.384375 0.7265625 0.3765625
4 0.6265625 0.4578125 0.6328125 0.459375 0.640625 0.4703125 0.6453125 0.4734375 0.6453125 0.4765625 0.63125 0.4734375 0.6015625 0.4734375 0.590625 0.4703125 0.5953125 0.459375 0.6 0.45625 0.6234375 0.45625 0.625 0.4578125
4 0.1640625 0.409375 0.19375 0.41875 0.21875 0.4421875 0.215625 0.4640625 0.2078125 0.4671875 0.1953125 0.478125 0.1453125 0.5 0.0921875 0.5109375 0.0671875 0.5078125 0.046875 0.490625 0.0421875 0.48125 0.0421875 0.471875 0.046875 0.4625 0.0625 0.4453125 0.071875 0.4421875 0.09375 0.428125 0.1109375 0.421875 0.1171875 0.421875 0.1421875 0.4109375 0.1625 0.409375
4 0.75 0.5765625 0.7703125 0.5859375 0.8140625 0.5953125 0.8140625 0.5984375 0.809375 0.6015625 0.8015625 0.6125 0.803125 0.61875 0.8015625 0.6203125 0.7984375 0.61875 0.796875 0.6125 0.7890625 0.603125 0.775 0.5953125 0.7734375 0.5921875 0.7625 0.5875 0.7546875 0.5875 0.7375 0.5828125 0.7359375 0.58125 0.740625 0.5765625 0.7484375 0.5765625
4 0.65 0.3578125 0.6515625 0.359375 0.6734375 0.359375 0.7203125 0.375 0.73125 0.3859375 0.7375 0.3890625 0.7421875 0.396875 0.7421875 0.409375 0.7390625 0.41875 0.734375 0.4265625 0.721875 0.4375 0.7015625 0.446875 0.69375 0.446875 0.678125 0.4546875 0.6578125 0.4578125 0.6390625 0.4546875 0.6328125 0.45625 0.63125 0.4546875 0.6109375 0.4546875 0.590625 0.45 0.5765625 0.440625 0.56875 0.4390625 0.55625 0.43125 0.5484375 0.4234375 0.54375 0.4125 0.5453125 0.390625 0.55625 0.378125 0.56875 0.371875 0.5734375 0.371875 0.5796875 0.365625 0.5953125 0.359375 0.6171875 0.35625 0.6484375 0.3578125
4 0.5390625 0.2703125 0.5671875 0.275 0.5875 0.28125 0.6125 0.284375 0.621875 0.2890625 0.628125 0.2890625 0.63125 0.2921875 0.6453125 0.2953125 0.6640625 0.3078125 0.6640625 0.3125 0.659375 0.3203125 0.6546875 0.3203125 0.6359375 0.3109375 0.615625 0.30625 0.5953125 0.30625 0.5875 0.3109375 0.5765625 0.3109375 0.5734375 0.3078125 0.56875 0.3078125 0.559375 0.303125 0.540625 0.3 0.5359375 0.3015625 0.4890625 0.3 0.4859375 0.2953125 0.4859375 0.2890625 0.4921875 0.28125 0.5046875 0.275 0.50625 0.271875 0.5125 0.26875 0.5375 0.2703125
4 0.7609375 0.39375 0.771875 0.3953125 0.784375 0.4015625 0.7890625 0.4015625 0.7921875 0.4046875 0.796875 0.4046875 0.8015625 0.409375 0.8109375 0.4078125 0.815625 0.4125 0.81875 0.4203125 0.83125 0.4375 0.834375 0.4609375 0.8296875 0.46875 0.825 0.46875 0.809375 0.4546875 0.79375 0.446875 0.7890625 0.446875 0.7859375 0.44375 0.778125 0.44375 0.7609375 0.4375 0.746875 0.4375 0.7390625 0.440625 0.725 0.4390625 0.728125 0.4328125 0.7375 0.4234375 0.74375 0.4109375 0.74375 0.3953125 0.746875 0.3921875 0.759375 0.39375
4 0.765625 0.590625 0.7859375 0.603125 0.7921875 0.609375 0.7953125 0.615625 0.7953125 0.625 0.790625 0.628125 0.778125 0.63125 0.76875 0.6375 0.7640625 0.6375 0.75 0.6453125 0.7453125 0.6453125 0.7421875 0.6484375 0.7359375 0.6484375 0.721875 0.6546875 0.7140625 0.6546875 0.709375 0.6578125 0.6796875 0.6640625 0.66875 0.66875 0.6359375 0.6734375 0.63125 0.671875 0.628125 0.6578125 0.628125 0.6421875 0.6359375 0.6296875 0.6609375 0.60625 0.6703125 0.603125 0.69375 0.5890625 0.7 0.5890625 0.70625 0.5859375 0.7390625 0.584375 0.7640625 0.590625
4 0.196875 0.340625 0.203125 0.3421875 0.209375 0.3390625 0.221875 0.34375 0.2390625 0.3421875 0.2453125 0.3453125 0.2546875 0.3453125 0.271875 0.3546875 0.2734375 0.3625 0.2796875 0.3671875 0.2796875 0.3765625 0.2828125 0.384375 0.2765625 0.4 0.2671875 0.4078125 0.2625 0.4078125 0.259375 0.4109375 0.23125 0.415625 0.1984375 0.415625 0.171875 0.4078125 0.165625 0.4078125 0.1609375 0.4046875 0.1515625 0.403125 0.1390625 0.3921875 0.1359375 0.3859375 0.134375 0.3765625 0.1359375 0.36875 0.1421875 0.3625 0.1453125 0.3625 0.159375 0.3515625 0.1625 0.3515625 0.1828125 0.3390625 0.1953125 0.340625
4 0.2984375 0.5375 0.31875 0.5453125 0.3203125 0.5515625 0.315625 0.55625 0.315625 0.5640625 0.3203125 0.578125 0.3265625 0.590625 0.3453125 0.609375 0.3453125 0.6125 0.31875 0.640625 0.3078125 0.6484375 0.3015625 0.6484375 0.2953125 0.6515625 0.284375 0.6515625 0.278125 0.6546875 0.2625 0.6546875 0.2546875 0.6515625 0.2453125 0.6515625 0.240625 0.6484375 0.221875 0.6453125 0.2171875 0.640625 0.2109375 0.640625 0.2078125 0.6375 0.2015625 0.6375 0.1875 0.628125 0.184375 0.6234375 0.18125 0.60625 0.190625 0.5828125 0.2046875 0.5625 0.2328125 0.5421875 0.2546875 0.5359375 0.28125 0.534375 0.296875 0.5375
4 0.35 0.315625 0.3484375 0.3328125 0.3515625 0.3359375 0.3671875 0.3359375 0.36875 0.334375 0.378125 0.3359375 0.384375 0.33125 0.3875 0.334375 0.390625 0.3328125 0.4078125 0.3421875 0.4203125 0.3546875 0.4234375 0.3609375 0.434375 0.371875 0.440625 0.384375 0.4375 0.390625 0.4265625 0.396875 0.4109375 0.38125 0.4078125 0.38125 0.3984375 0.3734375 0.3859375 0.3703125 0.34375 0.3703125 0.334375 0.3734375 0.325 0.3734375 0.303125 0.384375 0.290625 0.3875 0.2875 0.378125 0.284375 0.3765625 0.284375 0.3703125 0.2875 0.36875 0.2875 0.3640625 0.290625 0.359375 0.2953125 0.359375 0.3015625 0.3515625 0.309375 0.3484375 0.3171875 0.3390625 0.3203125 0.3390625 0.328125 0.33125 0.334375 0.328125 0.34375 0.328125 0.346875 0.325 0.34375 0.3203125 0.334375 0.3203125 0.33125 0.3234375 0.3203125 0.321875 0.3375 0.315625 0.3484375 0.315625
4 0.6953125 0.5359375 0.7015625 0.5359375 0.7125 0.5453125 0.7140625 0.55 0.7171875 0.55 0.721875 0.559375 0.721875 0.571875 0.71875 0.58125 0.690625 0.5875 0.68125 0.5921875 0.6796875 0.5953125 0.6546875 0.6078125 0.6359375 0.628125 0.6265625 0.63125 0.5890625 0.63125 0.5765625 0.6 0.56875 0.5921875 0.5703125 0.5890625 0.5734375 0.590625 0.615625 0.590625 0.65 0.5828125 0.6703125 0.5734375 0.690625 0.5515625 0.6953125 0.54375 0.6953125 0.5375
4 0.5171875 0.56875 0.5265625 0.5734375 0.53125 0.5734375 0.5640625 0.5921875 0.575 0.603125 0.584375 0.628125 0.584375 0.6453125 0.5734375 0.66875 0.5703125 0.66875 0.55625 0.68125 0.546875 0.684375 0.521875 0.684375 0.5203125 0.6859375 0.4359375 0.6828125 0.4171875 0.671875 0.40625 0.6609375 0.39375 0.6390625 0.3953125 0.63125 0.4015625 0.6328125 0.41875 0.63125 0.434375 0.6125 0.4359375 0.59375 0.425 0.5796875 0.428125 0.5734375 0.434375 0.5734375 0.4421875 0.56875 0.4609375 0.565625 0.503125 0.565625 0.509375 0.56875 0.515625 0.56875
4 0.7015625 0.303125 0.70625 0.30625 0.6953125 0.315625 0.6875 0.3265625 0.6859375 0.340625 0.68125 0.3453125 0.6765625 0.34375 0.675 0.3375 0.6609375 0.321875 0.6609375 0.31875 0.6671875 0.3078125 0.7 0.303125
4 0.3453125 0.61875 0.35 0.615625 0.3578125 0.615625 0.36875 0.61875 0.390625 0.6296875 0.3953125 0.6484375 0.4078125 0.665625 0.4265625 0.68125 0.425 0.684375 0.40625 0.68125 0.375 0.68125 0.36875 0.678125 0.3421875 0.675 0.3359375 0.671875 0.3265625 0.6609375 0.3234375 0.64375 0.328125 0.6359375 0.3453125 0.6203125
4 0.875 0.459375 0.8796875 0.4625 0.884375 0.48125 0.8859375 0.4921875 0.884375 0.5078125 0.8625 0.49375 0.8578125 0.4875 0.8546875 0.4875 0.8484375 0.48125 0.840625 0.478125 0.8359375 0.4703125 0.8390625 0.465625 0.8484375 0.4625 0.8734375 0.459375
4 0.19375 0.415625 0.2125 0.415625 0.2328125 0.4203125 0.2375 0.425 0.2359375 0.428125 0.225 0.440625 0.21875 0.440625 0.1953125 0.4171875
4 0.2375 0.428125 0.253125 0.41875 0.2703125 0.4125 0.271875 0.4140625 0.2703125 0.434375 0.2734375 0.440625 0.2875 0.453125 0.29375 0.4625 0.3078125 0.4671875 0.2703125 0.4703125 0.265625 0.4734375 0.2421875 0.4734375 0.2359375 0.484375 0.23125 0.4875 0.2265625 0.4875 0.2234375 0.484375 0.21875 0.4703125 0.2203125 0.4484375 0.2375 0.4296875
4 0.1171875 0.509375 0.1046875 0.521875 0.0921875 0.540625 0.0890625 0.546875 0.0890625 0.5578125 0.0828125 0.55 0.078125 0.5375 0.0796875 0.515625 0.0828125 0.5125 0.0984375 0.5125 0.1046875 0.509375 0.115625 0.509375
4 0.4703125 0.284375 0.478125 0.2890625 0.4828125 0.2890625 0.4875 0.303125 0.4484375 0.3203125 0.4234375 0.3484375 0.4 0.3328125 0.390625 0.3140625 0.3890625 0.3078125 0.390625 0.3015625 0.4 0.2921875 0.41875 0.2828125 0.453125 0.28125 0.46875 0.284375
4 0.8515625 0.4859375 0.8578125 0.4890625 0.865625 0.4984375 0.86875 0.4984375 0.8859375 0.509375 0.8953125 0.5328125 0.89375 0.5515625 0.890625 0.5578125 0.8765625 0.571875 0.8734375 0.571875 0.865625 0.578125 0.8578125 0.58125 0.8484375 0.58125 0.821875 0.590625 0.7984375 0.590625 0.7875 0.5859375 0.7703125 0.584375 0.759375 0.578125 0.746875 0.575 0.7390625 0.5671875 0.728125 0.5609375 0.71875 0.546875 0.709375 0.5390625 0.7078125 0.5359375 0.709375 0.515625 0.7140625 0.50625 0.725 0.4953125 0.7609375 0.475 0.7734375 0.4734375 0.8296875 0.475 0.85 0.4859375
4 0.4078125 0.4578125 0.4234375 0.459375 0.44375 0.45625 0.459375 0.459375 0.4640625 0.4625 0.471875 0.4625 0.4828125 0.46875 0.50625 0.4890625 0.509375 0.5015625 0.5078125 0.521875 0.503125 0.534375 0.496875 0.5390625 0.4921875 0.5515625 0.478125 0.5609375 0.459375 0.5625 0.44375 0.5671875 0.428125 0.56875 0.421875 0.571875 0.4015625 0.5515625 0.39375 0.5484375 0.3859375 0.5484375 0.38125 0.54375 0.3734375 0.540625 0.35625 0.540625 0.3515625 0.54375 0.340625 0.54375 0.3375 0.540625 0.3390625 0.5328125 0.3484375 0.525 0.3546875 0.515625 0.359375 0.5140625 0.3625 0.5078125 0.3625 0.4984375 0.3671875 0.4875 0.3625 0.48125 0.3515625 0.48125 0.353125 0.475 0.365625 0.46875 0.384375 0.465625 0.396875 0.459375 0.40625 0.459375
4 0.609375 0.6328125 0.6109375 0.634375 0.6203125 0.6328125 0.628125 0.634375 0.625 0.64375 0.625 0.6546875 0.628125 0.6640625 0.6265625 0.675 0.609375 0.675 0.6 0.6703125 0.5921875 0.6578125 0.5890625 0.646875 0.5890625 0.634375 0.6078125 0.6328125
4 0.278125 0.3109375 0.3078125 0.315625 0.315625 0.31875 0.3171875 0.321875 0.315625 0.3234375 0.3171875 0.334375 0.3140625 0.340625 0.3078125 0.3484375 0.303125 0.35 0.2953125 0.3578125 0.290625 0.3578125 0.2859375 0.3609375 0.278125 0.3609375 0.265625 0.35 0.2453125 0.34375 0.23125 0.34375 0.2234375 0.346875 0.209375 0.3421875 0.2078125 0.34375 0.175 0.34375 0.1734375 0.3421875 0.18125 0.33125 0.2109375 0.31875 0.21875 0.31875 0.2359375 0.3125 0.2765625 0.3109375
4 0.53125 0.3953125 0.5390625 0.3984375 0.540625 0.4171875 0.5515625 0.43125 0.5609375 0.4390625 0.571875 0.4421875 0.5875 0.4515625 0.590625 0.45625 0.590625 0.4640625 0.5875 0.4703125 0.578125 0.4734375 0.565625 0.4734375 0.553125 0.48125 0.528125 0.490625 0.515625 0.5 0.5125 0.4984375 0.5109375 0.4921875 0.5015625 0.48125 0.49375 0.478125 0.484375 0.4671875 0.4734375 0.4609375 0.465625 0.4609375 0.4484375 0.4546875 0.425 0.4546875 0.4234375 0.45625 0.4109375 0.4546875 0.4109375 0.4515625 0.4265625 0.43125 0.428125 0.4140625 0.44375 0.4046875 0.4703125 0.3953125 0.4875 0.3953125 0.4890625 0.39375 0.5296875 0.3953125
4 0.2171875 0.465625 0.2265625 0.484375 0.2265625 0.4875 0.2234375 0.4890625 0.2125 0.4875 0.2078125 0.484375 0.1921875 0.484375 0.19375 0.48125 0.2 0.48125 0.2046875 0.471875 0.215625 0.465625
4 0.7609375 0.29375 0.7828125 0.2984375 0.8078125 0.3078125 0.8203125 0.31875 0.828125 0.321875 0.8390625 0.3359375 0.84375 0.3515625 0.840625 0.3625 0.840625 0.375 0.8359375 0.384375 0.81875 0.396875 0.8078125 0.396875 0.8015625 0.3921875 0.8015625 0.3890625 0.809375 0.38125 0.815625 0.36875 0.815625 0.35 0.8109375 0.34375 0.8015625 0.3375 0.796875 0.325 0.7859375 0.3171875 0.7578125 0.3140625 0.75 0.3109375 0.74375 0.3140625 0.7296875 0.3140625 0.703125 0.3265625 0.6890625 0.3453125 0.6875 0.3421875 0.6890625 0.325 0.7109375 0.3046875 0.7375 0.2953125 0.759375 0.29375
4 0.31875 0.6453125 0.321875 0.6484375 0.3296875 0.671875 0.321875 0.671875 0.3171875 0.66875 0.3046875 0.66875 0.2921875 0.6640625 0.2828125 0.6640625 0.2703125 0.6578125 0.284375 0.653125 0.30625 0.65 0.309375 0.646875 0.3171875 0.6453125
56 0 0.14909478168264112 0 0.362087326943557 0.007987220447284345 0.3663471778487753 0.020766773162939296 0.33439829605963795 0.051118210862619806 0.29818956336528224 0.11661341853035143 0.2598509052183174 0.16932907348242812 0.24387646432374868 0.26996805111821087 0.23216187433439828 0.523961661341853 0.2417465388711395 0.621405750798722 0.2374866879659212 0.6437699680511182 0.23535676251331203 0.682108626198083 0.22364217252396168 0.7476038338658146 0.21618743343982963 0.7667731629392971 0.1959531416400426 0.7635782747603834 0.18210862619808307 0.7380191693290734 0.16187433439829607 0.6405750798722044 0.1288604898828541 0.5750798722044729 0.11501597444089458 0.41373801916932906 0.0979765708200213 0.30351437699680506 0.09158679446219382 0.1964856230031949 0.09691160809371671 0.09105431309904152 0.11395101171458999 0.004792332268370607 0.1448349307774228 0 0.14909478168264112
56 0 0 0 0.11075612353567625 0.08146964856230031 0.11182108626198084 0.23482428115015974 0.09158679446219382 0.3178913738019169 0.08839190628328009 0.40575079872204467 0.09265175718849841 0.5686900958466453 0.11075612353567625 0.6725239616613419 0.13205537806176784 0.6980830670926517 0.1288604898828541 0.7156549520766773 0.11821086261980832 0.7747603833865815 0.11395101171458999 0.8115015974440893 0.10117145899893505 0.8099041533546325 0.08093716719914804 0.7987220447284344 0.07135250266240681 0.7460063897763578 0.06070287539936102 0.6565495207667731 0.03194888178913738 0.5271565495207667 0.011714589989350373 0.4712460063897764 0.007454739084132056 0.44089456869009586 0 0 0
56 0.014376996805111819 0.3801916932907348 0.08945686900958466 0.3738019169329073 0.17252396166134185 0.329073482428115 0.23961661341853033 0.3056443024494143 0.33706070287539935 0.28328008519701814 0.44089456869009586 0.2747603833865815 0.4920127795527156 0.2747603833865815 0.5015974440894568 0.27050053248136313 0.8386581469648562 0.32694355697550587 0.8434504792332268 0.33759318423855167 0.853035143769968 0.34185303514376997 0.8961661341853034 0.33759318423855167 0.9041533546325878 0.308839190628328 0.8961661341853034 0.3003194888178914 0.8738019169329073 0.2928647497337593 0.8338658146964855 0.2896698615548456 0.7763578274760383 0.26517571884984026 0.7140575079872205 0.2523961661341853 0.6293929712460063 0.24600638977635786 0.5111821086261981 0.24707135250266238 0.329073482428115 0.2374866879659212 0.2587859424920128 0.2374866879659212 0.16773162939297123 0.24707135250266238 0.11980830670926516 0.26091586794462196 0.09105431309904152 0.2747603833865815 0.04952076677316294 0.29818956336528224 0.028753993610223638 0.3258785942492013 0.01597444089456869 0.3546325878594249 0.014376996805111819 0.3801916932907348