52 0.28843537414965986 0.8063524590163933 0.30204081632653057 0.8278688524590164 0.3469387755102041 0.860655737704918 0.3551020408163265 0.8637295081967211 0.3768707482993197 0.8616803278688524 0.3877551020408163 0.8514344262295082 0.40272108843537413 0.8043032786885245 0.401360544217687 0.7786885245901638 0.38639455782312926 0.7581967213114754 0.3687074829931972 0.7551229508196721 0.3469387755102041 0.7704918032786885 0.3129251700680272 0.7674180327868851 0.2952380952380952 0.7756147540983606 0.28843537414965986 0.7848360655737705 0.28843537414965986 0.8063524590163933
52 0.1782312925170068 0.8493852459016393 0.18231292517006803 0.8709016393442622 0.18639455782312925 0.8780737704918031 0.20408163265306123 0.8872950819672131 0.22448979591836732 0.8852459016393442 0.2517006802721088 0.8719262295081966 0.2816326530612245 0.8483606557377049 0.2870748299319728 0.8370901639344261 0.2870748299319728 0.8268442622950818 0.27210884353741494 0.8135245901639344 0.23673469387755103 0.8032786885245902 0.20272108843537415 0.8063524590163933 0.18095238095238095 0.8217213114754097 0.1782312925170068 0.8493852459016393
52 0.38639455782312926 0.8770491803278688 0.39183673469387753 0.8913934426229508 0.401360544217687 0.8954918032786885 0.4244897959183674 0.8903688524590164 0.4598639455782313 0.8719262295081966 0.4870748299319728 0.8565573770491802 0.4979591836734694 0.8442622950819672 0.4897959183673469 0.8360655737704917 0.4557823129251701 0.831967213114754 0.4503401360544218 0.8196721311475409 0.4517006802721088 0.8063524590163933 0.4408163265306122 0.7991803278688524 0.41768707482993195 0.8053278688524589 0.40272108843537413 0.8268442622950818 0.38639455782312926 0.8770491803278688
52 0.5034013605442176 0.8196721311475409 0.5115646258503401 0.8340163934426229 0.5442176870748299 0.8514344262295082 0.601360544217687 0.8657786885245902 0.6190476190476191 0.860655737704918 0.6258503401360545 0.8524590163934425 0.6258503401360545 0.8401639344262295 0.5959183673469387 0.7848360655737705 0.5836734693877551 0.7725409836065573 0.5714285714285714 0.7674180327868851 0.5564625850340136 0.7653688524590163 0.5428571428571428 0.7684426229508196 0.5455782312925169 0.7971311475409835 0.5346938775510204 0.8053278688524589 0.5047619047619047 0.8125 0.5034013605442176 0.8196721311475409
52 0.41768707482993195 0.7653688524590163 0.4258503401360544 0.7817622950819672 0.43809523809523804 0.7920081967213114 0.4693877551020408 0.8063524590163933 0.5088435374149659 0.7920081967213114 0.5292517006802722 0.7735655737704917 0.5292517006802722 0.7551229508196721 0.5142857142857142 0.7438524590163934 0.4993197278911564 0.7530737704918032 0.47619047619047616 0.7540983606557377 0.44625850340136053 0.7377049180327868 0.43673469387755104 0.7377049180327868 0.4244897959183674 0.7418032786885245 0.4204081632653061 0.7479508196721312 0.41768707482993195 0.7653688524590163
52 0.40816326530612246 0.6987704918032787 0.4149659863945578 0.7100409836065573 0.4557823129251701 0.742827868852459 0.48435374149659866 0.7540983606557377 0.4979591836734694 0.7530737704918032 0.5088435374149659 0.7469262295081966 0.5197278911564626 0.7325819672131147 0.5129251700680272 0.6946721311475409 0.5333333333333333 0.6793032786885245 0.5292517006802722 0.6670081967213115 0.5183673469387755 0.658811475409836 0.491156462585034 0.6506147540983606 0.45850340136054424 0.6516393442622951 0.4244897959183674 0.6629098360655737 0.40816326530612246 0.6752049180327868 0.40816326530612246 0.6987704918032787
52 0.2952380952380952 0.6956967213114754 0.30884353741496595 0.7366803278688524 0.3183673469387755 0.7479508196721312 0.3387755102040816 0.7499999999999999 0.3904761904761905 0.7079918032786885 0.4040816326530612 0.6844262295081966 0.4040816326530612 0.6721311475409836 0.3986394557823129 0.6639344262295082 0.38639455782312926 0.6577868852459016 0.35918367346938773 0.6680327868852458 0.34285714285714286 0.6680327868852458 0.3238095238095238 0.6454918032786885 0.30204081632653057 0.6547131147540983 0.2952380952380952 0.6680327868852458 0.2952380952380952 0.6956967213114754
52 0.13197278911564625 0.7561475409836065 0.1414965986394558 0.7694672131147541 0.17959183673469387 0.7817622950819672 0.20952380952380953 0.7797131147540983 0.21768707482993194 0.7735655737704917 0.24625850340136055 0.7663934426229508 0.2517006802721088 0.7571721311475409 0.2503401360544218 0.742827868852459 0.23945578231292516 0.721311475409836 0.21360544217687072 0.7079918032786885 0.20136054421768707 0.7110655737704917 0.1877551020408163 0.7346311475409835 0.16054421768707483 0.7366803278688524 0.1401360544217687 0.7418032786885245 0.13333333333333333 0.7479508196721312 0.13197278911564625 0.7561475409836065
52 0.2204081632653061 0.5778688524590163 0.22993197278911565 0.6024590163934426 0.2503401360544218 0.6331967213114754 0.2693877551020408 0.6434426229508197 0.28979591836734697 0.6424180327868851 0.3360544217687075 0.6065573770491802 0.3510204081632653 0.5829918032786885 0.34557823129251697 0.5665983606557377 0.3238095238095238 0.5502049180327868 0.29931972789115646 0.5522540983606558 0.27755102040816326 0.5594262295081966 0.2530612244897959 0.5461065573770492 0.24081632653061225 0.5450819672131147 0.22993197278911565 0.5502049180327868 0.22176870748299318 0.5635245901639344 0.2204081632653061 0.5778688524590163
52 0 0.7038934426229508 0 0.7520491803278688 0.03265306122448979 0.7797131147540983 0.08027210884353742 0.7797131147540983 0.11156462585034013 0.7336065573770492 0.10884353741496597 0.7038934426229508 0.09251700680272108 0.6946721311475409 0.08299319727891155 0.6946721311475409 0.058503401360544216 0.7059426229508196 0.044897959183673466 0.7059426229508196 0.025850340136054424 0.6956967213114754 0.005442176870748299 0.7008196721311475 0 0.7038934426229508
52 0.06666666666666667 0.658811475409836 0.0816326530612245 0.6752049180327868 0.1401360544217687 0.6915983606557377 0.15782312925170067 0.6905737704918032 0.1877551020408163 0.6680327868852458 0.17278911564625848 0.6321721311475409 0.14693877551020407 0.6311475409836065 0.12789115646258503 0.6229508196721312 0.13605442176870747 0.6055327868852458 0.11700680272108843 0.6086065573770492 0.09387755102040815 0.6301229508196721 0.08979591836734693 0.6403688524590163 0.06802721088435373 0.6434426229508197 0.06666666666666667 0.658811475409836
52 0.12108843537414966 0.5706967213114754 0.12925170068027209 0.5747950819672131 0.14557823129251699 0.596311475409836 0.12789115646258503 0.6209016393442622 0.14421768707482993 0.6301229508196721 0.15374149659863945 0.6321721311475409 0.1782312925170068 0.6270491803278688 0.2108843537414966 0.6127049180327868 0.22721088435374148 0.5993852459016393 0.21768707482993194 0.5758196721311475 0.21904761904761902 0.5645491803278688 0.20136054421768707 0.5563524590163934 0.16870748299319727 0.548155737704918 0.14693877551020407 0.548155737704918 0.12244897959183673 0.5625 0.12108843537414966 0.5706967213114754
52 0.35918367346938773 0.6127049180327868 0.3727891156462585 0.6260245901639344 0.4244897959183674 0.6567622950819672 0.43265306122448977 0.6577868852459016 0.44897959183673464 0.6516393442622951 0.4666666666666666 0.6168032786885245 0.4721088435374149 0.5911885245901639 0.46802721088435373 0.5727459016393441 0.45714285714285713 0.5625 0.43945578231292515 0.5594262295081966 0.4149659863945578 0.5809426229508197 0.4040816326530612 0.5840163934426229 0.3904761904761905 0.5799180327868851 0.3714285714285714 0.5809426229508197 0.363265306122449 0.5840163934426229 0.3578231292517007 0.5932377049180327 0.35918367346938773 0.6127049180327868
52 0 0.6434426229508197 0.014965986394557823 0.6495901639344261 0.03809523809523809 0.6485655737704918 0.06258503401360545 0.6280737704918032 0.06666666666666667 0.6024590163934426 0.05714285714285714 0.5881147540983606 0.03945578231292517 0.5788934426229508 0.0027210884353741495 0.5788934426229508 0 0.6434426229508197
52 0 0.4764344262295082 0 0.5573770491803278 0.03673469387755102 0.5286885245901639 0.04081632653061225 0.5102459016393442 0.05306122448979592 0.4948770491803279 0.03945578231292517 0.4836065573770491 0.005442176870748299 0.4764344262295082 0 0.4764344262295082
52 0.029931972789115645 0.4764344262295082 0.05306122448979592 0.492827868852459 0.03673469387755102 0.5225409836065573 0.058503401360544216 0.5338114754098361 0.0816326530612245 0.5338114754098361 0.09795918367346938 0.5286885245901639 0.12244897959183673 0.5153688524590163 0.14421768707482993 0.4918032786885245 0.1401360544217687 0.47745901639344257 0.11020408163265305 0.46311475409836056 0.08299319727891155 0.45594262295081966 0.04897959183673469 0.45799180327868844 0.031292517006802724 0.47028688524590156 0.029931972789115645 0.4764344262295082
52 0.15374149659863945 0.48053278688524587 0.1414965986394558 0.5020491803278688 0.14693877551020407 0.5143442622950819 0.1659863945578231 0.5225409836065573 0.19319727891156463 0.5163934426229508 0.21904761904761902 0.4918032786885245 0.20816326530612245 0.46311475409836056 0.17959183673469387 0.4497950819672131 0.1564625850340136 0.4518442622950819 0.14557823129251699 0.4610655737704918 0.15374149659863945 0.48053278688524587
52 0.20952380952380953 0.4641393442622951 0.21904761904761902 0.485655737704918 0.26666666666666666 0.5256147540983606 0.28843537414965986 0.5379098360655737 0.3129251700680272 0.5368852459016393 0.3224489795918367 0.5256147540983606 0.3387755102040816 0.46516393442622944 0.3319727891156462 0.44057377049180324 0.3142857142857143 0.430327868852459 0.29931972789115646 0.4293032786885245 0.2748299319727891 0.4497950819672131 0.2435374149659864 0.44159836065573765 0.22721088435374148 0.44159836065573765 0.2108843537414966 0.45594262295081966 0.20952380952380953 0.4641393442622951
52 0.34557823129251697 0.4528688524590164 0.3578231292517007 0.4866803278688524 0.3795918367346939 0.5143442622950819 0.3945578231292517 0.5194672131147541 0.40272108843537413 0.5081967213114754 0.45714285714285713 0.4641393442622951 0.4612244897959184 0.44057377049180324 0.4421768707482993 0.42622950819672123 0.41768707482993195 0.4282786885245901 0.40272108843537413 0.43442622950819665 0.37006802721088433 0.415983606557377 0.35918367346938773 0.41803278688524587 0.3469387755102041 0.430327868852459 0.34557823129251697 0.4528688524590164
52 0.4598639455782313 0.5256147540983606 0.4666666666666666 0.5327868852459016 0.4870748299319728 0.5348360655737705 0.5687074829931973 0.5194672131147541 0.5809523809523809 0.5102459016393442 0.5904761904761904 0.4938524590163934 0.5809523809523809 0.48053278688524587 0.5360544217687074 0.47028688524590156 0.5374149659863946 0.44364754098360654 0.5292517006802722 0.4385245901639344 0.5102040816326531 0.4375 0.49387755102040815 0.44159836065573765 0.47619047619047616 0.45799180327868844 0.4625850340136054 0.4979508196721311 0.4598639455782313 0.5256147540983606
52 0.5170068027210883 0.6465163934426229 0.5469387755102041 0.6639344262295082 0.5891156462585034 0.6577868852459016 0.6258503401360545 0.6465163934426229 0.6448979591836734 0.6362704918032787 0.6557823129251701 0.6219262295081966 0.6517006802721088 0.6075819672131147 0.6190476190476191 0.603483606557377 0.6054421768707483 0.5936475409836065 0.6027210884353742 0.5635245901639344 0.5891156462585034 0.5573770491803278 0.5537414965986394 0.5635245901639344 0.5360544217687074 0.5799180327868851 0.5170068027210883 0.6086065573770492 0.5170068027210883 0.6465163934426229
52 0.6 0.7387295081967212 0.6272108843537414 0.7817622950819672 0.6435374149659864 0.7920081967213114 0.6585034013605442 0.7899590163934426 0.6979591836734693 0.7264344262295082 0.6925170068027211 0.7059426229508196 0.6829931972789115 0.6977459016393441 0.6707482993197279 0.6956967213114754 0.6544217687074829 0.7161885245901638 0.6149659863945578 0.7069672131147541 0.6054421768707483 0.7069672131147541 0.5986394557823129 0.7161885245901638 0.6 0.7387295081967212
52 0.673469387755102 0.6721311475409836 0.6802721088435374 0.6813524590163934 0.7197278911564625 0.6956967213114754 0.7782312925170067 0.6977459016393441 0.8013605442176871 0.6864754098360655 0.8095238095238095 0.6762295081967212 0.8095238095238095 0.6700819672131147 0.7918367346938775 0.6608606557377048 0.7850340136054421 0.6516393442622951 0.7877551020408162 0.6168032786885245 0.7755102040816326 0.6055327868852458 0.7619047619047619 0.6014344262295082 0.7387755102040816 0.6024590163934426 0.7129251700680272 0.6147540983606558 0.6952380952380952 0.6301229508196721 0.6748299319727891 0.6608606557377048 0.673469387755102 0.6721311475409836
52 0.5877551020408163 0.5266393442622951 0.6027210884353742 0.5430327868852458 0.6503401360544218 0.5635245901639344 0.6761904761904762 0.5635245901639344 0.689795918367347 0.5522540983606558 0.6843537414965987 0.5389344262295082 0.6965986394557823 0.5184426229508197 0.6952380952380952 0.5061475409836065 0.673469387755102 0.492827868852459 0.6598639455782312 0.4907786885245901 0.6353741496598639 0.49590163934426224 0.5986394557823129 0.5102459016393442 0.5891156462585034 0.5204918032786885 0.5877551020408163 0.5266393442622951
52 0.5727891156462585 0.40573770491803274 0.5877551020408163 0.4518442622950819 0.5931972789115646 0.4620901639344262 0.6108843537414966 0.4713114754098361 0.6285714285714286 0.46823770491803274 0.6816326530612244 0.42725409836065575 0.6979591836734693 0.4067622950819672 0.6952380952380952 0.3872950819672131 0.6829931972789115 0.37807377049180324 0.673469387755102 0.3770491803278688 0.6340136054421769 0.38831967213114754 0.6190476190476191 0.36475409836065575 0.6095238095238095 0.3596311475409836 0.5891156462585034 0.3657786885245901 0.5741496598639456 0.38524590163934425 0.5727891156462585 0.40573770491803274
52 0.7034013605442176 0.48053278688524587 0.708843537414966 0.48872950819672123 0.727891156462585 0.49897540983606553 0.7442176870748299 0.49897540983606553 0.802721088435374 0.4836065573770491 0.8231292517006802 0.47233606557377045 0.8272108843537416 0.4641393442622951 0.8204081632653061 0.4385245901639344 0.7836734693877551 0.4354508196721311 0.7714285714285715 0.41086065573770486 0.7591836734693878 0.40573770491803274 0.7346938775510204 0.41086065573770486 0.7183673469387755 0.423155737704918 0.708843537414966 0.4467213114754098 0.7034013605442176 0.48053278688524587
52 0.7197278911564625 0.5686475409836065 0.727891156462585 0.5747950819672131 0.745578231292517 0.5768442622950819 0.8176870748299319 0.5604508196721312 0.8312925170068027 0.5502049180327868 0.8353741496598639 0.5389344262295082 0.8244897959183672 0.5317622950819672 0.802721088435374 0.5297131147540983 0.7877551020408162 0.5197233606557377 0.7877551020408162 0.5020491803278688 0.7714285714285715 0.4938524590163934 0.7414965986394557 0.5040983606557377 0.7170068027210884 0.5502049180327868 0.7197278911564625 0.5686475409836065
51 0.5224489795918367 0.08811475409836064 0.527891156462585 0.09631147540983606 0.5469387755102041 0.10450819672131147 0.5428571428571428 0.11065573770491803 0.5455782312925169 0.13217213114754098 0.5659863945578232 0.15061475409836064 0.6190476190476191 0.1557377049180328 0.6448979591836734 0.15163934426229506 0.6612244897959183 0.14241803278688522 0.6653061224489796 0.1260245901639344 0.6544217687074829 0.09323770491803278 0.6408163265306122 0.0747950819672131 0.6244897959183673 0.06352459016393443 0.6068027210884354 0.06045081967213114 0.5945578231292517 0.050204918032786885 0.5823129251700679 0.06454918032786885 0.5496598639455782 0.055327868852459015 0.5374149659863946 0.07172131147540983 0.5238095238095238 0.0778688524590164 0.5224489795918367 0.08811475409836064
51 0.4353741496598639 0.14651639344262296 0.4517006802721088 0.16495901639344263 0.45850340136054424 0.18237704918032788 0.49523809523809526 0.180327868852459 0.5047619047619047 0.1680327868852459 0.5210884353741496 0.15983606557377047 0.5482993197278911 0.16700819672131145 0.5673469387755101 0.16495901639344263 0.5673469387755101 0.1557377049180328 0.5496598639455782 0.14036885245901637 0.5333333333333333 0.10348360655737705 0.5197278911564626 0.08811475409836064 0.5088435374149659 0.08299180327868852 0.48571428571428565 0.07991803278688524 0.4707482993197279 0.08401639344262295 0.44353741496598637 0.11065573770491803 0.43673469387755104 0.13012295081967212 0.4353741496598639 0.14651639344262296
51 0.44353741496598637 0.22540983606557377 0.4517006802721088 0.24180327868852455 0.46394557823129257 0.242827868852459 0.4816326530612245 0.23155737704918028 0.5020408163265306 0.23565573770491804 0.5102040816326531 0.242827868852459 0.5333333333333333 0.24077868852459017 0.5482993197278911 0.24897540983606556 0.5414965986394558 0.26434426229508196 0.5469387755102041 0.2663934426229508 0.564625850340136 0.2551229508196721 0.5714285714285714 0.24180327868852455 0.5673469387755101 0.2233606557377049 0.5564625850340136 0.21004098360655737 0.5891156462585034 0.20286885245901637 0.5891156462585034 0.1997950819672131 0.5768707482993197 0.19262295081967212 0.5727891156462585 0.1680327868852459 0.5455782312925169 0.16700819672131145 0.5346938775510204 0.15983606557377047 0.5197278911564626 0.15983606557377047 0.4925170068027211 0.180327868852459 0.47619047619047616 0.180327868852459 0.45850340136054424 0.18647540983606556 0.44625850340136053 0.20389344262295078 0.44353741496598637 0.22540983606557377
51 0.4163265306122449 0.26024590163934425 0.4054421768707483 0.2817622950819672 0.4108843537414966 0.3114754098360656 0.44625850340136053 0.3391393442622951 0.4802721088435374 0.32786885245901637 0.5115646258503401 0.3268442622950819 0.5292517006802722 0.3145491803278688 0.5442176870748299 0.29610655737704916 0.5428571428571428 0.24795081967213112 0.5319727891156463 0.24180327868852455 0.5142857142857142 0.24487704918032788 0.5020408163265306 0.24077868852459017 0.4965986394557823 0.23360655737704916 0.4870748299319728 0.23258196721311472 0.47619047619047616 0.23565573770491804 0.4693877551020408 0.24385245901639344 0.4503401360544218 0.2469262295081967 0.42721088435374144 0.24487704918032788 0.4108843537414966 0.25307377049180324 0.4163265306122449 0.26024590163934425
51 0.3074829931972789 0.26127049180327866 0.3292517006802721 0.2940573770491803 0.35238095238095235 0.3104508196721311 0.38095238095238093 0.32172131147540983 0.401360544217687 0.32172131147540983 0.4095238095238095 0.3145491803278688 0.4040816326530612 0.29610655737704916 0.42721088435374144 0.24385245901639344 0.43809523809523804 0.24077868852459017 0.4299319727891156 0.22438524590163933 0.4 0.21004098360655737 0.3659863945578231 0.2069672131147541 0.34285714285714286 0.2151639344262295 0.3074829931972789 0.24385245901639344 0.3074829931972789 0.26127049180327866
51 0.35918367346938773 0.20286885245901637 0.3877551020408163 0.20594262295081966 0.41768707482993195 0.2151639344262295 0.4340136054421769 0.21413934426229506 0.4530612244897959 0.1885245901639344 0.4517006802721088 0.17008196721311475 0.4408163265306122 0.15368852459016394 0.4244897959183674 0.14241803278688522 0.4095238095238095 0.13831967213114754 0.38911564625850337 0.1413934426229508 0.3714285714285714 0.13831967213114754 0.35374149659863946 0.14344262295081966 0.35918367346938773 0.20286885245901637
51 0.31020408163265306 0.08094262295081966 0.3197278911564626 0.0860655737704918 0.3224489795918367 0.10860655737704916 0.34285714285714286 0.13217213114754098 0.35238095238095235 0.13831967213114754 0.3755102040816326 0.1362704918032787 0.38503401360544215 0.14036885245901637 0.40680272108843535 0.1331967213114754 0.4353741496598639 0.0706967213114754 0.4244897959183674 0.05635245901639344 0.38911564625850337 0.05225409836065573 0.3360544217687075 0.05840163934426229 0.3129251700680272 0.07581967213114753 0.31020408163265306 0.08094262295081966
51 0.3251700680272109 0.061475409836065566 0.35374149659863946 0.05430327868852458 0.41768707482993195 0.05225409836065573 0.4299319727891156 0.05942622950819672 0.4353741496598639 0.07274590163934426 0.4421768707482993 0.05737704918032786 0.4421768707482993 0.0389344262295082 0.43265306122448977 0.022540983606557374 0.4054421768707483 0.009221311475409836 0.4095238095238095 0 0.3510204081632653 0.0030737704918032786 0.3238095238095238 0.025614754098360653 0.3251700680272109 0.061475409836065566
51 0.22176870748299318 0.1987704918032787 0.24081632653061225 0.23258196721311472 0.2517006802721088 0.24077868852459017 0.2680272108843537 0.24487704918032788 0.3034013605442177 0.24180327868852455 0.34557823129251697 0.21209016393442623 0.3551020408163265 0.19774590163934425 0.3564625850340136 0.17930327868852458 0.3510204081632653 0.16495901639344263 0.34557823129251697 0.1567622950819672 0.326530612244898 0.14549180327868852 0.27346938775510204 0.14344262295081966 0.2435374149659864 0.1485655737704918 0.22993197278911565 0.15368852459016394 0.2204081632653061 0.16700819672131145 0.22176870748299318 0.1987704918032787
51 0.19591836734693877 0.24795081967213112 0.23537414965986395 0.26844262295081966 0.2707482993197279 0.2735655737704918 0.3006802721088435 0.25614754098360654 0.3034013605442177 0.24385245901639344 0.2761904761904762 0.24590163934426226 0.24217687074829933 0.23565573770491804 0.22312925170068026 0.20184426229508196 0.21632653061224488 0.20184426229508196 0.19863945578231293 0.21413934426229506 0.19591836734693877 0.24795081967213112