21 0.4734375 0.271875 0.471875 0.265625 0.4796875 0.2625 0.49375 0.2625 0.5046875 0.259375 0.534375 0.259375 0.5375 0.2625 0.521875 0.26875 0.5171875 0.2734375 0.5203125 0.2921875 0.4921875 0.2890625 0.490625 0.2796875 0.4859375 0.275 0.478125 0.275 0.475 0.271875
21 0.4234375 0.265625 0.44375 0.2734375 0.4609375 0.2875 0.465625 0.2875 0.4765625 0.29375 0.4796875 0.3 0.478125 0.33125 0.475 0.3375 0.4671875 0.3453125 0.45 0.3515625 0.44375 0.35625 0.4375 0.35625 0.4375 0.3421875 0.428125 0.3359375 0.4203125 0.3234375 0.4171875 0.3171875 0.4171875 0.3109375 0.40625 0.2875 0.40625 0.2734375 0.421875 0.265625
21 0.7140625 0.309375 0.721875 0.3109375 0.73125 0.325 0.7296875 0.328125 0.7171875 0.3328125 0.70625 0.3421875 0.703125 0.3421875 0.6984375 0.346875 0.6953125 0.3546875 0.678125 0.35625 0.6765625 0.346875 0.68125 0.3375 0.684375 0.3359375 0.6875 0.3265625 0.69375 0.3234375 0.70625 0.3109375 0.7125 0.3109375
21 0.7328125 0.35625 0.746875 0.3609375 0.7546875 0.3609375 0.7703125 0.36875 0.7703125 0.3734375 0.775 0.3796875 0.775 0.3953125 0.759375 0.4046875 0.7140625 0.4046875 0.709375 0.4015625 0.7 0.4015625 0.69375 0.4046875 0.6875 0.4046875 0.68125 0.4015625 0.6640625 0.4015625 0.659375 0.4046875 0.65 0.4046875 0.6390625 0.3984375 0.6375 0.3953125 0.6390625 0.3828125 0.65 0.371875 0.6625 0.36875 0.6828125 0.3578125 0.73125 0.35625
21 0.5484375 0.2625 0.5703125 0.2703125 0.5734375 0.2765625 0.590625 0.2875 0.6 0.296875 0.603125 0.30625 0.603125 0.315625 0.615625 0.334375 0.6140625 0.3421875 0.6078125 0.3453125 0.59375 0.34375 0.5296875 0.2984375 0.521875 0.2859375 0.51875 0.275 0.521875 0.2703125 0.5359375 0.2640625 0.546875 0.2625
21 0.5296875 0.303125 0.5375 0.303125 0.5546875 0.3171875 0.5578125 0.3171875 0.5625 0.3234375 0.5796875 0.334375 0.58125 0.3375 0.596875 0.346875 0.6078125 0.35 0.6265625 0.365625 0.6265625 0.3703125 0.6234375 0.375 0.6125 0.3796875 0.596875 0.3796875 0.590625 0.375 0.5734375 0.36875 0.553125 0.353125 0.55 0.3453125 0.53125 0.325 0.5296875 0.3046875
21 0.815625 0.3546875 0.828125 0.3578125 0.83125 0.3609375 0.83125 0.365625 0.821875 0.3734375 0.8140625 0.371875 0.8109375 0.3671875 0.7921875 0.35625 0.8140625 0.3546875
21 0.6984375 0.2765625 0.7171875 0.290625 0.725 0.3 0.7234375 0.3078125 0.7125 0.309375 0.7 0.315625 0.696875 0.321875 0.6890625 0.325 0.6859375 0.33125 0.6765625 0.3390625 0.6765625 0.3421875 0.6640625 0.3546875 0.65625 0.3546875 0.6453125 0.3671875 0.6453125 0.371875 0.6421875 0.3734375 0.6375 0.371875 0.6203125 0.35625 0.615625 0.3546875 0.615625 0.3453125 0.625 0.3359375 0.625 0.3328125 0.6359375 0.3203125 0.6390625 0.3125 0.6546875 0.2984375 0.659375 0.290625 0.68125 0.2765625 0.6875 0.275 0.696875 0.2765625
21 0.359375 0.321875 0.3859375 0.3328125 0.4265625 0.334375 0.4359375 0.34375 0.4359375 0.3625 0.4234375 0.3671875 0.3796875 0.365625 0.3703125 0.3625 0.35625 0.3546875 0.34375 0.3390625 0.34375 0.328125 0.3484375 0.325 0.3578125 0.3234375
21 0.4046875 0.284375 0.4140625 0.3078125 0.415625 0.31875 0.421875 0.3265625 0.421875 0.33125 0.3875 0.33125 0.3828125 0.328125 0.375 0.328125 0.3609375 0.3203125 0.3546875 0.309375 0.3546875 0.3 0.3578125 0.296875 0.384375 0.296875 0.3859375 0.29375 0.403125 0.284375
21 0.4390625 0.2421875 0.446875 0.24375 0.4671875 0.2640625 0.4703125 0.275 0.465625 0.2796875 0.4578125 0.28125 0.434375 0.265625 0.4265625 0.2640625 0.4140625 0.265625 0.4046875 0.2734375 0.403125 0.28125 0.390625 0.2921875 0.3765625 0.296875 0.359375 0.2953125 0.353125 0.303125 0.353125 0.3078125 0.3578125 0.3171875 0.353125 0.321875 0.3484375 0.321875 0.3453125 0.325 0.3234375 0.3078125 0.3171875 0.2984375 0.31875 0.2859375 0.3359375 0.2671875 0.353125 0.259375 0.3546875 0.25625 0.3671875 0.25 0.371875 0.25 0.375 0.246875 0.3859375 0.24375 0.3921875 0.24375 0.396875 0.240625 0.4359375 0.240625 0.4375 0.2421875
21 0.5734375 0.2703125 0.5875 0.2703125 0.6 0.2734375 0.603125 0.2765625 0.603125 0.2953125 0.5984375 0.2953125 0.5875 0.284375 0.584375 0.284375 0.5828125 0.28125 0.5765625 0.278125 0.5734375 0.271875
21 0.3578125 0.35625 0.378125 0.3671875 0.425 0.36875 0.4265625 0.3703125 0.425 0.3796875 0.428125 0.3828125 0.4671875 0.3921875 0.471875 0.396875 0.46875 0.4015625 0.4390625 0.409375 0.40625 0.409375 0.3875 0.4046875 0.375 0.3984375 0.3734375 0.3953125 0.3703125 0.3953125 0.3578125 0.3859375 0.346875 0.3734375 0.3453125 0.3671875 0.3484375 0.3609375 0.35625 0.35625
21 0.6703125 0.43125 0.6921875 0.446875 0.6984375 0.446875 0.7015625 0.45 0.70625 0.45 0.7046875 0.4515625 0.6984375 0.4515625 0.6859375 0.4453125 0.678125 0.45 0.6640625 0.4515625 0.653125 0.4515625 0.646875 0.4484375 0.6390625 0.440625 0.6359375 0.4328125 0.6359375 0.415625 0.64375 0.4078125 0.6546875 0.4078125 0.66875 0.43125
21 0.790625 0.35625 0.8015625 0.3609375 0.803125 0.3640625 0.8109375 0.3671875 0.8140625 0.371875 0.8140625 0.3796875 0.8109375 0.3875 0.796875 0.3875 0.7859375 0.390625 0.7796875 0.3890625 0.76875 0.3625 0.7796875 0.3578125 0.7890625 0.3578125
21 0.7328125 0.3109375 0.74375 0.309375 0.7484375 0.3109375 0.75 0.3140625 0.7640625 0.3171875 0.7671875 0.3203125 0.7671875 0.321875 0.74375 0.321875 0.7390625 0.325 0.73125 0.325 0.7296875 0.3171875 0.7328125 0.3125
21 0.8109375 0.390625 0.8171875 0.40625 0.8171875 0.41875 0.8109375 0.428125 0.80625 0.4296875 0.8 0.4359375 0.7828125 0.4421875 0.7796875 0.4453125 0.7546875 0.4515625 0.7390625 0.446875 0.7109375 0.45 0.70625 0.446875 0.6875 0.4421875 0.6671875 0.428125 0.6671875 0.4234375 0.6609375 0.4140625 0.6609375 0.4078125 0.6671875 0.403125 0.6796875 0.403125 0.6859375 0.40625 0.709375 0.40625 0.721875 0.409375 0.759375 0.4078125 0.7703125 0.403125 0.78125 0.39375 0.7921875 0.390625 0.809375 0.390625
21 0.5 0.2984375 0.5109375 0.3015625 0.5203125 0.3 0.521875 0.303125 0.525 0.303125 0.528125 0.3109375 0.5296875 0.325 0.5390625 0.334375 0.540625 0.3390625 0.546875 0.34375 0.5515625 0.3515625 0.5515625 0.35625 0.5421875 0.3546875 0.5328125 0.3484375 0.51875 0.3453125 0.5140625 0.3421875 0.4796875 0.340625 0.4796875 0.321875 0.4828125 0.30625 0.4890625 0.3 0.4953125 0.2984375 0.4984375 0.3
21 0.496875 0.3421875 0.521875 0.346875 0.540625 0.35625 0.5515625 0.3578125 0.5609375 0.36875 0.5671875 0.3828125 0.571875 0.4015625 0.5609375 0.428125 0.553125 0.434375 0.53125 0.428125 0.5203125 0.41875 0.484375 0.4015625 0.465625 0.3890625 0.459375 0.3890625 0.428125 0.3796875 0.428125 0.3734375 0.434375 0.3703125 0.4453125 0.3578125 0.4734375 0.34375 0.4953125 0.3421875
21 0.625 0.2453125 0.6453125 0.253125 0.665625 0.2703125 0.6703125 0.2796875 0.6375 0.3125 0.63125 0.325 0.621875 0.334375 0.615625 0.3328125 0.6046875 0.3125 0.6046875 0.2796875 0.6015625 0.2734375 0.584375 0.26875 0.5734375 0.25625 0.5734375 0.2484375 0.5828125 0.24375 0.621875 0.24375 0.6234375 0.2453125
21 0.7828125 0.321875 0.784375 0.3234375 0.803125 0.3234375 0.8296875 0.3296875 0.8390625 0.334375 0.8421875 0.3390625 0.840625 0.34375 0.8296875 0.3546875 0.7953125 0.353125 0.7796875 0.35625 0.76875 0.3625 0.7625 0.359375 0.7546875 0.359375 0.75 0.35625 0.728125 0.353125 0.7 0.3546875 0.6984375 0.35 0.703125 0.34375 0.715625 0.3375 0.7171875 0.334375 0.725 0.3328125 0.734375 0.3265625 0.7453125 0.3234375 0.78125 0.321875
7 0.043478260869565216 0.6870540265035678 0.03804347826086956 0.7166156982670745 0.042119565217391304 0.7227319062181448 0.059782608695652176 0.7308868501529052 0.09510869565217392 0.7319062181447503 0.11480978260869565 0.7385321100917431 0.15896739130434784 0.7655453618756372 0.17255434782608697 0.780835881753313 0.21739130434782608 0.798165137614679 0.34375 0.8114169215086646 0.40353260869565216 0.8103975535168196 0.4470108695652174 0.8022426095820592 0.48369565217391297 0.8002038735983691 0.5217391304347826 0.8063200815494393 0.639945652173913 0.8063200815494393 0.6929347826086956 0.8256880733944956 0.733695652173913 0.8307849133537207 0.763586956521739 0.8277268093781857 0.8111413043478259 0.8083588175331295 0.8763586956521738 0.7961264016309888 0.9021739130434783 0.7737003058103975 0.919836956521739 0.7686034658511722 0.9375 0.7533129459734964 0.9836956521739131 0.72782874617737 0.9986413043478259 0.7023445463812437 0.9986413043478259 0.6615698267074415 0.9809782608695652 0.6554536187563711 0.9619565217391305 0.6554536187563711 0.9456521739130433 0.6432212028542305 0.955163043478261 0.6289500509683996 0.9619565217391305 0.6004077471967381 0.955163043478261 0.5718654434250765 0.9388586956521738 0.5412844036697247 0.9225543478260869 0.5341488277268094 0.8777173913043479 0.49847094801223246 0.8546195652173912 0.4913353720693171 0.8288043478260869 0.4658511722731906 0.8165760869565217 0.4648318042813456 0.796195652173913 0.472986748216106 0.764945652173913 0.45769622833843016 0.732336956521739 0.44954128440366975 0.6997282608695652 0.454638124362895 0.6847826086956521 0.4485219164118247 0.6195652173913043 0.472986748216106 0.5692934782608695 0.4852191641182467 0.53125 0.49235474006116214 0.5122282608695652 0.48929663608562696 0.44565217391304346 0.5056065239551478 0.3192934782608695 0.5107033639143731 0.21467391304347827 0.5310907237512742 0.12228260869565218 0.5321100917431193 0.08288043478260869 0.5708460754332314 0.0625 0.6075433231396534 0.05570652173913043 0.6411824668705404 0.04076086956521739 0.6646279306829765 0.043478260869565216 0.6870540265035678