44 0.353125 0 0.3578125 0 0.359375 0.003125 0.3609375 0 0.3640625 0 0.365625 0.003125 0.3703125 0.003125 0.384375 0.0125 0.3859375 0.0296875 0.384375 0.040625 0.3796875 0.0484375 0.365625 0.0546875 0.3609375 0.0546875 0.353125 0.046875 0.3359375 0.0375 0.325 0.0390625 0.31875 0.0375 0.3140625 0.028125 0.3171875 0.0203125 0.325 0.0125 0.353125 0.0015625
44 0.178125 0.7953125 0.1828125 0.79375 0.1984375 0.796875 0.2125 0.796875 0.2171875 0.8109375 0.2296875 0.825 0.228125 0.83125 0.21875 0.8328125 0.20625 0.840625 0.1921875 0.84375 0.18125 0.85 0.165625 0.8515625 0.1578125 0.85 0.1515625 0.8421875 0.1484375 0.825 0.1578125 0.8125 0.1625 0.8109375 0.1671875 0.8046875 0.178125 0.796875
44 0.878125 0.7453125 0.8828125 0.7484375 0.8890625 0.759375 0.8875 0.7875 0.8765625 0.79375 0.871875 0.8 0.8625 0.80625 0.85 0.809375 0.834375 0.809375 0.8234375 0.80625 0.796875 0.7796875 0.796875 0.775 0.8109375 0.7515625 0.8171875 0.746875 0.846875 0.7453125 0.85625 0.7421875 0.8734375 0.7421875 0.8765625 0.7453125
44 0.8453125 0.43125 0.8640625 0.440625 0.875 0.4546875 0.88125 0.4671875 0.88125 0.478125 0.8734375 0.4921875 0.8671875 0.4953125 0.8484375 0.4953125 0.84375 0.4921875 0.834375 0.4921875 0.8171875 0.4796875 0.80625 0.4578125 0.80625 0.4390625 0.8125 0.43125 0.815625 0.4296875 0.84375 0.43125
44 0.975 0.7078125 0.9765625 0.709375 0.9984375 0.7078125 0.9984375 0.7265625 0.9921875 0.7421875 0.9921875 0.746875 0.9984375 0.7546875 0.9984375 0.7734375 0.99375 0.7734375 0.990625 0.7765625 0.96875 0.7703125 0.959375 0.7640625 0.959375 0.7609375 0.9484375 0.74375 0.9484375 0.734375 0.953125 0.725 0.9734375 0.709375
44 0.209375 0.8390625 0.221875 0.834375 0.228125 0.834375 0.2328125 0.83125 0.253125 0.83125 0.2546875 0.8328125 0.284375 0.83125 0.290625 0.8421875 0.2890625 0.846875 0.290625 0.8625 0.296875 0.86875 0.3015625 0.878125 0.3 0.890625 0.296875 0.890625 0.290625 0.896875 0.2703125 0.9046875 0.253125 0.9046875 0.2515625 0.90625 0.209375 0.9046875 0.20625 0.9078125 0.196875 0.9078125 0.1921875 0.9046875 0.175 0.9046875 0.1578125 0.890625 0.1578125 0.88125 0.1671875 0.8625 0.1796875 0.8515625 0.1921875 0.8453125 0.2 0.8453125 0.209375 0.840625
44 0.5109375 0 0.5203125 0 0.521875 0.003125 0.5296875 0.003125 0.540625 0.0109375 0.5453125 0.0265625 0.5453125 0.0359375 0.540625 0.040625 0.51875 0.040625 0.5140625 0.04375 0.5078125 0.04375 0.490625 0.05 0.4796875 0.05 0.46875 0.046875 0.459375 0.034375 0.459375 0.01875 0.465625 0.0125 0.471875 0.009375 0.484375 0.009375 0.5 0.003125 0.5109375 0.0015625
44 0.403125 0.0515625 0.415625 0.0546875 0.415625 0.0578125 0.4234375 0.0671875 0.425 0.0828125 0.4203125 0.090625 0.4015625 0.0984375 0.384375 0.0984375 0.3796875 0.0953125 0.375 0.0953125 0.365625 0.0890625 0.3609375 0.0796875 0.3609375 0.06875 0.3671875 0.05625 0.3828125 0.05 0.4015625 0.0515625
44 0.7828125 0.025 0.803125 0.0328125 0.821875 0.0359375 0.8234375 0.040625 0.8328125 0.05 0.83125 0.0671875 0.81875 0.078125 0.8046875 0.0828125 0.7953125 0.090625 0.7828125 0.090625 0.7765625 0.0875 0.765625 0.078125 0.7609375 0.0703125 0.759375 0.059375 0.7609375 0.0375 0.76875 0.028125 0.78125 0.025
44 0.0703125 0.5234375 0.0609375 0.5328125 0.0578125 0.5390625 0.05625 0.55625 0.0609375 0.5640625 0.0765625 0.578125 0.0828125 0.58125 0.084375 0.584375 0.096875 0.5875 0.0984375 0.5921875 0.0671875 0.59375 0.0625 0.596875 0.0515625 0.5984375 0.034375 0.596875 0.0234375 0.5875 0.021875 0.5609375 0.025 0.5484375 0.03125 0.5421875 0.03125 0.5375 0.0390625 0.528125 0.05625 0.521875 0.06875 0.5234375
44 0.759375 0.4 0.7765625 0.4109375 0.7796875 0.4109375 0.784375 0.4265625 0.7828125 0.4359375 0.778125 0.4421875 0.759375 0.45 0.7578125 0.4484375 0.725 0.446875 0.7203125 0.4453125 0.7125 0.434375 0.7125 0.4296875 0.71875 0.4234375 0.7234375 0.4140625 0.7234375 0.4078125 0.728125 0.403125 0.734375 0.4 0.7578125 0.4
44 0.4859375 0.2640625 0.4921875 0.2671875 0.503125 0.2671875 0.51875 0.2765625 0.528125 0.2953125 0.5265625 0.3015625 0.5203125 0.3078125 0.5125 0.3109375 0.5046875 0.3109375 0.484375 0.3046875 0.4796875 0.3078125 0.46875 0.3078125 0.459375 0.3125 0.4484375 0.3046875 0.44375 0.2890625 0.44375 0.28125 0.4484375 0.2671875 0.4546875 0.2640625 0.484375 0.2640625
44 0.146875 0.828125 0.15 0.8453125 0.1578125 0.853125 0.165625 0.8546875 0.165625 0.8609375 0.1546875 0.878125 0.1546875 0.8875 0.1390625 0.890625 0.134375 0.89375 0.125 0.89375 0.109375 0.8765625 0.10625 0.8765625 0.0984375 0.865625 0.0984375 0.8515625 0.10625 0.8359375 0.11875 0.825 0.1421875 0.825 0.1453125 0.828125
44 0.6609375 0.1859375 0.68125 0.19375 0.696875 0.209375 0.6953125 0.2375 0.690625 0.2453125 0.6734375 0.2546875 0.6640625 0.2546875 0.6484375 0.2484375 0.628125 0.23125 0.625 0.221875 0.6359375 0.1984375 0.646875 0.1890625 0.659375 0.1859375
44 0.759375 0.625 0.7734375 0.6390625 0.7734375 0.65 0.778125 0.665625 0.7765625 0.696875 0.7703125 0.7078125 0.765625 0.7109375 0.75 0.709375 0.7390625 0.6984375 0.734375 0.696875 0.728125 0.7 0.709375 0.7015625 0.6921875 0.6859375 0.69375 0.6625 0.6984375 0.65625 0.7 0.6484375 0.7109375 0.6375 0.7171875 0.634375 0.725 0.625 0.7578125 0.625
44 0.6546875 0.8359375 0.6765625 0.8515625 0.6859375 0.8671875 0.696875 0.878125 0.7078125 0.9015625 0.7078125 0.9140625 0.6875 0.9265625 0.6703125 0.93125 0.65625 0.93125 0.646875 0.9359375 0.6375 0.9359375 0.6265625 0.93125 0.625 0.9265625 0.615625 0.91875 0.6078125 0.890625 0.6078125 0.8484375 0.6140625 0.8390625 0.621875 0.834375 0.6515625 0.834375 0.653125 0.8359375
44 0.7140625 0.7609375 0.73125 0.771875 0.7359375 0.771875 0.75 0.7796875 0.7484375 0.7875 0.7328125 0.79375 0.728125 0.7984375 0.725 0.80625 0.7203125 0.809375 0.6890625 0.8078125 0.6796875 0.803125 0.675 0.7984375 0.671875 0.790625 0.671875 0.7578125 0.6734375 0.75625 0.69375 0.7546875 0.696875 0.7515625 0.7046875 0.7515625 0.7125 0.7609375
44 0.0234375 0.0359375 0.0296875 0.0390625 0.0421875 0.0390625 0.0453125 0.0421875 0.0515625 0.0421875 0.0609375 0.05 0.0671875 0.0609375 0.0671875 0.06875 0.0578125 0.08125 0.0484375 0.0859375 0.0390625 0.0875 0.0296875 0.09375 0 0.0921875 0 0.0734375 0.003125 0.071875 0.003125 0.065625 0 0.059375 0 0.0390625 0.0046875 0.0359375 0.021875 0.0359375
44 0.490625 0.8515625 0.4984375 0.8453125 0.5 0.8390625 0.5109375 0.828125 0.5109375 0.8125 0.5125 0.8109375 0.51875 0.8109375 0.525 0.8078125 0.5546875 0.8078125 0.55625 0.8109375 0.5546875 0.8359375 0.5578125 0.840625 0.5609375 0.8546875 0.5609375 0.88125 0.5578125 0.8875 0.540625 0.896875 0.53125 0.896875 0.5203125 0.890625 0.496875 0.890625 0.4921875 0.89375 0.4890625 0.890625 0.48125 0.890625 0.4734375 0.8765625 0.4734375 0.8625 0.4859375 0.8578125 0.490625 0.853125
44 0.49375 0.39375 0.50625 0.4 0.5140625 0.4 0.525 0.4046875 0.5375 0.4140625 0.540625 0.4140625 0.55 0.43125 0.55 0.4375 0.5421875 0.45625 0.534375 0.4625 0.5125 0.46875 0.4984375 0.46875 0.48125 0.459375 0.459375 0.43125 0.459375 0.421875 0.45625 0.4125 0.459375 0.4078125 0.459375 0.4015625 0.465625 0.396875 0.478125 0.39375 0.4921875 0.39375
44 0.734375 0.70625 0.7546875 0.7140625 0.7796875 0.7109375 0.7984375 0.71875 0.8046875 0.725 0.809375 0.734375 0.809375 0.74375 0.8015625 0.7640625 0.7890625 0.7765625 0.778125 0.7765625 0.771875 0.7796875 0.7578125 0.7796875 0.7453125 0.7734375 0.7390625 0.7734375 0.7234375 0.7640625 0.71875 0.7640625 0.709375 0.759375 0.70625 0.7484375 0.715625 0.7296875 0.715625 0.7109375 0.71875 0.70625 0.7328125 0.70625
44 0.44375 0.4359375 0.45625 0.4421875 0.4671875 0.4515625 0.4703125 0.459375 0.478125 0.46875 0.48125 0.478125 0.478125 0.4890625 0.4578125 0.4984375 0.4484375 0.4984375 0.4359375 0.4953125 0.4234375 0.4890625 0.4171875 0.4890625 0.415625 0.4859375 0.4125 0.4859375 0.3984375 0.475 0.39375 0.46875 0.39375 0.4609375 0.396875 0.4546875 0.409375 0.446875 0.425 0.4421875 0.4328125 0.434375 0.4421875 0.4359375
44 0.5984375 0 0.6390625 0 0.640625 0.003125 0.6453125 0.003125 0.646875 0.00625 0.64375 0.0234375 0.6296875 0.03125 0.6234375 0.0375 0.6078125 0.0375 0.60625 0.0359375 0.596875 0.0375 0.584375 0.03125 0.58125 0.0109375 0.5984375 0.0015625
44 0.1890625 0.909375 0.2 0.915625 0.2 0.934375 0.196875 0.9421875 0.1984375 0.9640625 0.1859375 0.9703125 0.1734375 0.9671875 0.1640625 0.9609375 0.1578125 0.9609375 0.1484375 0.9546875 0.14375 0.94375 0.1421875 0.928125 0.1484375 0.9203125 0.1609375 0.9125 0.1875 0.909375
44 0.746875 0.8859375 0.7671875 0.890625 0.771875 0.8953125 0.7796875 0.8984375 0.790625 0.909375 0.8 0.925 0.79375 0.940625 0.7828125 0.95 0.775 0.9515625 0.771875 0.9546875 0.7390625 0.953125 0.7328125 0.95 0.7234375 0.940625 0.709375 0.9203125 0.7109375 0.9125 0.709375 0.89375 0.7140625 0.8890625 0.7453125 0.8859375
44 0.6765625 0.6828125 0.6953125 0.6921875 0.7078125 0.7046875 0.7078125 0.709375 0.7109375 0.7125 0.7140625 0.7234375 0.7109375 0.734375 0.7046875 0.74375 0.6953125 0.75 0.6828125 0.753125 0.659375 0.753125 0.6484375 0.7484375 0.6375 0.7375 0.628125 0.7359375 0.625 0.7328125 0.621875 0.7203125 0.621875 0.7109375 0.6359375 0.690625 0.653125 0.68125 0.6734375 0.68125 0.675 0.6828125
44 0.8453125 0.8296875 0.8578125 0.83125 0.8921875 0.8484375 0.8953125 0.8515625 0.8984375 0.865625 0.8984375 0.8734375 0.890625 0.884375 0.871875 0.9 0.8484375 0.9109375 0.828125 0.9109375 0.8078125 0.89375 0.803125 0.884375 0.803125 0.878125 0.8109375 0.859375 0.821875 0.85 0.825 0.84375 0.825 0.83125 0.828125 0.828125 0.84375 0.8296875
44 0.925 0.5015625 0.9328125 0.4984375 0.9671875 0.5 0.9890625 0.5109375 0.990625 0.515625 0.9984375 0.5234375 0.9984375 0.5578125 0.990625 0.559375 0.9890625 0.5625 0.984375 0.5625 0.978125 0.5671875 0.971875 0.5671875 0.959375 0.5625 0.9375 0.5625 0.9265625 0.55625 0.915625 0.553125 0.90625 0.540625 0.9046875 0.528125 0.9203125 0.5125 0.925 0.503125
44 0.4125 0.1484375 0.428125 0.153125 0.4359375 0.159375 0.4359375 0.1953125 0.425 0.2078125 0.4109375 0.209375 0.396875 0.2078125 0.3953125 0.2046875 0.3859375 0.2015625 0.384375 0.1984375 0.3625 0.1953125 0.35625 0.1890625 0.35625 0.1734375 0.359375 0.1671875 0.378125 0.153125 0.4109375 0.1484375
44 0.603125 0.6328125 0.625 0.6453125 0.634375 0.659375 0.6390625 0.671875 0.6390625 0.68125 0.63125 0.690625 0.6234375 0.70625 0.60625 0.7109375 0.58125 0.7109375 0.575 0.7078125 0.5625 0.6921875 0.559375 0.6765625 0.5625 0.6546875 0.5734375 0.640625 0.571875 0.6375 0.5671875 0.6375 0.5734375 0.6375 0.584375 0.6296875 0.6015625 0.6328125
44 0.7078125 0.921875 0.7171875 0.9328125 0.7203125 0.940625 0.7359375 0.95625 0.7390625 0.9625 0.7390625 0.9734375 0.73125 0.9828125 0.728125 0.9890625 0.728125 0.9953125 0.7265625 0.99375 0.71875 0.9953125 0.709375 0.990625 0.6984375 0.990625 0.69375 0.9875 0.6859375 0.9890625 0.684375 0.9875 0.665625 0.9875 0.6578125 0.984375 0.646875 0.9734375 0.646875 0.96875 0.64375 0.9640625 0.6421875 0.946875 0.646875 0.9390625 0.6578125 0.9328125 0.671875 0.9328125 0.6875 0.928125 0.6984375 0.921875 0.70625 0.921875
44 0.6640625 0.4578125 0.6828125 0.4640625 0.6953125 0.4765625 0.6921875 0.4984375 0.678125 0.5140625 0.6734375 0.515625 0.6515625 0.5125 0.65 0.5015625 0.634375 0.4828125 0.6265625 0.4796875 0.6109375 0.4796875 0.609375 0.478125 0.6109375 0.4734375 0.6296875 0.4609375 0.6515625 0.4609375 0.6546875 0.4578125 0.6625 0.4578125
44 0.1453125 0.959375 0.15 0.959375 0.153125 0.9625 0.1609375 0.9625 0.1703125 0.96875 0.1765625 0.96875 0.184375 0.9765625 0.18125 0.984375 0.175 0.9875 0.171875 0.99375 0.16875 0.9953125 0.165625 0.99375 0.1546875 0.9984375 0.1234375 0.9984375 0.1203125 0.9953125 0.128125 0.9875 0.1390625 0.965625 0.1453125 0.9609375
44 0.3296875 0.0734375 0.3421875 0.08125 0.3484375 0.0890625 0.35 0.1015625 0.3296875 0.1046875 0.3234375 0.109375 0.321875 0.1171875 0.3125 0.1171875 0.3015625 0.1203125 0.2828125 0.1109375 0.278125 0.103125 0.2765625 0.0859375 0.28125 0.0765625 0.2921875 0.0734375 0.328125 0.0734375
44 0.59375 0.5484375 0.615625 0.5609375 0.621875 0.5609375 0.6265625 0.565625 0.63125 0.578125 0.63125 0.5921875 0.6265625 0.6 0.6125 0.6125 0.609375 0.6125 0.5921875 0.6265625 0.5734375 0.6359375 0.571875 0.6390625 0.5640625 0.640625 0.553125 0.6359375 0.5453125 0.628125 0.5421875 0.6203125 0.53125 0.6125 0.53125 0.5953125 0.5390625 0.58125 0.5421875 0.5796875 0.5421875 0.5765625 0.5640625 0.5546875 0.575 0.5484375 0.5921875 0.5484375
44 0.8796875 0.5109375 0.8875 0.515625 0.903125 0.534375 0.9078125 0.5515625 0.9078125 0.56875 0.8859375 0.5703125 0.86875 0.5828125 0.859375 0.5828125 0.8515625 0.5796875 0.846875 0.575 0.846875 0.5640625 0.84375 0.559375 0.84375 0.553125 0.8390625 0.546875 0.834375 0.5453125 0.834375 0.540625 0.825 0.5328125 0.821875 0.5234375 0.8234375 0.5203125 0.84375 0.5171875 0.8546875 0.5109375 0.878125 0.5109375
44 0.5546875 0.9609375 0.5671875 0.965625 0.571875 0.9703125 0.5828125 0.984375 0.5875 0.99375 0.5859375 0.9984375 0.5640625 0.9984375 0.5625 0.996875 0.521875 0.9984375 0.51875 0.9953125 0.51875 0.971875 0.521875 0.965625 0.534375 0.959375 0.5515625 0.959375 0.553125 0.9609375
44 0.965625 0.9453125 0.06953125 0.08984375
44 0.875 0.203125 0.890625 0.1953125 0.9109375 0.19375 0.925 0.1984375 0.93125 0.203125 0.9375 0.2203125 0.9359375 0.2390625 0.925 0.2546875 0.915625 0.2609375 0.8921875 0.2625 0.8765625 0.2546875 0.8734375 0.246875 0.8609375 0.23125 0.865625 0.2125 0.875 0.2046875
44 0.8421875 0.1515625 0.8640625 0.15625 0.865625 0.159375 0.884375 0.1671875 0.8953125 0.178125 0.8953125 0.1875 0.890625 0.1921875 0.8859375 0.1921875 0.88125 0.1953125 0.86875 0.2078125 0.8625 0.2109375 0.8515625 0.209375 0.80625 0.2109375 0.796875 0.2078125 0.7875 0.2078125 0.78125 0.203125 0.778125 0.1953125 0.7828125 0.1734375 0.79375 0.1546875 0.80625 0.15 0.840625 0.1515625
44 0.1234375 0.9234375 0.128125 0.928125 0.134375 0.9296875 0.1421875 0.946875 0.1390625 0.9671875 0.1234375 0.990625 0.1234375 0.9953125 0.109375 0.9953125 0.103125 0.9921875 0.0953125 0.99375 0.0859375 0.9875 0.0875 0.984375 0.084375 0.98125 0.08125 0.98125 0.071875 0.99375 0.059375 0.996875 0.04375 0.996875 0.0375 0.99375 0.03125 0.984375 0.0296875 0.978125 0.03125 0.95625 0.0421875 0.9421875 0.053125 0.9359375 0.0859375 0.9328125 0.090625 0.9296875 0.1015625 0.928125 0.109375 0.921875 0.121875 0.9234375
44 0.134375 0.596875 0.165625 0.6078125 0.171875 0.6140625 0.175 0.625 0.1703125 0.6390625 0.1640625 0.646875 0.1515625 0.65625 0.13125 0.659375 0.121875 0.665625 0.0953125 0.66875 0.084375 0.665625 0.0734375 0.65625 0.0734375 0.6484375 0.0625 0.634375 0.0625 0.6171875 0.071875 0.6109375 0.0765625 0.6046875 0.0875 0.5984375 0.096875 0.5984375 0.1078125 0.5953125 0.13125 0.5953125 0.1328125 0.596875
44 0.1109375 0.509375 0.1125 0.5109375 0.1234375 0.509375 0.14375 0.5109375 0.1546875 0.5171875 0.165625 0.528125 0.165625 0.5328125 0.1703125 0.540625 0.16875 0.5640625 0.165625 0.5765625 0.1546875 0.5828125 0.1390625 0.5859375 0.134375 0.5890625 0.115625 0.5890625 0.1015625 0.5859375 0.096875 0.5828125 0.0890625 0.5828125 0.065625 0.565625 0.059375 0.5578125 0.0578125 0.5515625 0.059375 0.540625 0.06875 0.528125 0.08125 0.5234375 0.0953125 0.5109375 0.109375 0.509375
44 0.459375 0.66875 0.4671875 0.671875 0.46875 0.675 0.475 0.675 0.490625 0.68125 0.503125 0.68125 0.515625 0.6984375 0.5171875 0.7203125 0.5140625 0.7328125 0.5109375 0.7359375 0.5 0.7375 0.4890625 0.74375 0.4703125 0.740625 0.4609375 0.7359375 0.4578125 0.721875 0.4546875 0.715625 0.4484375 0.7109375 0.4453125 0.703125 0.44375 0.6875 0.4484375 0.6734375 0.4578125 0.66875
44 0.5203125 0.19375 0.5359375 0.196875 0.540625 0.2 0.540625 0.2046875 0.546875 0.21875 0.5609375 0.2296875 0.5609375 0.2375 0.5578125 0.2453125 0.54375 0.2578125 0.5375 0.2609375 0.521875 0.2625 0.5171875 0.265625 0.490625 0.265625 0.471875 0.2609375 0.46875 0.2578125 0.46875 0.246875 0.4859375 0.2140625 0.490625 0.209375 0.490625 0.203125 0.503125 0.1953125 0.51875 0.19375
44 0.278125 0.225 0.2890625 0.2265625 0.3 0.2359375 0.3078125 0.24375 0.3109375 0.2546875 0.309375 0.259375 0.3015625 0.2671875 0.3015625 0.2703125 0.290625 0.28125 0.2578125 0.296875 0.25 0.2953125 0.2484375 0.2921875 0.2375 0.2859375 0.21875 0.284375 0.2171875 0.2796875 0.21875 0.2625 0.2296875 0.2453125 0.2296875 0.2421875 0.2390625 0.2328125 0.246875 0.2296875 0.25625 0.2296875 0.2609375 0.2265625 0.2765625 0.225
44 0.3015625 0.2859375 0.3203125 0.29375 0.3328125 0.3046875 0.33125 0.33125 0.321875 0.3421875 0.3171875 0.3421875 0.3078125 0.3484375 0.3015625 0.35625 0.303125 0.3578125 0.309375 0.35625 0.3046875 0.3578125 0.3046875 0.3640625 0.30625 0.36875 0.3140625 0.3734375 0.3125 0.3765625 0.3140625 0.3796875 0.3078125 0.378125 0.303125 0.365625 0.2921875 0.353125 0.2828125 0.3515625 0.2515625 0.334375 0.2515625 0.3265625 0.2609375 0.3 0.278125 0.290625 0.284375 0.290625 0.2921875 0.2859375 0.3 0.2859375
44 0.75625 0.01875 0.759375 0.021875 0.759375 0.046875 0.7484375 0.0671875 0.7484375 0.071875 0.740625 0.075 0.7328125 0.071875 0.721875 0.075 0.709375 0.075 0.709375 0.071875 0.6984375 0.059375 0.6984375 0.0546875 0.6953125 0.05 0.6953125 0.040625 0.7 0.0328125 0.70625 0.0296875 0.7328125 0.0265625 0.740625 0.01875 0.7546875 0.01875
44 0.9578125 0.8515625 0.975 0.859375 0.9828125 0.871875 0.9828125 0.884375 0.978125 0.9 0.9671875 0.909375 0.953125 0.9265625 0.94375 0.928125 0.9296875 0.934375 0.9203125 0.93125 0.9171875 0.928125 0.915625 0.91875 0.9046875 0.9078125 0.890625 0.9015625 0.884375 0.8921875 0.896875 0.8796875 0.9 0.875 0.9 0.8671875 0.90625 0.8625 0.9125 0.8625 0.9296875 0.8515625 0.95625 0.8515625
44 0.3796875 0.884375 0.384375 0.8859375 0.396875 0.8984375 0.40625 0.9015625 0.41875 0.9015625 0.4203125 0.9046875 0.4109375 0.928125 0.396875 0.9515625 0.3953125 0.9609375 0.3796875 0.9625 0.371875 0.9625 0.3484375 0.9546875 0.34375 0.95 0.3421875 0.9359375 0.3375 0.9265625 0.3375 0.91875 0.3421875 0.9109375 0.3453125 0.8953125 0.3546875 0.8859375 0.359375 0.8859375 0.3625 0.8828125 0.378125 0.884375
44 0.7421875 0.4515625 0.7703125 0.4546875 0.7890625 0.4640625 0.8015625 0.4734375 0.803125 0.4890625 0.8015625 0.4953125 0.79375 0.503125 0.7859375 0.50625 0.75 0.50625 0.740625 0.509375 0.709375 0.50625 0.696875 0.5 0.6984375 0.4765625 0.70625 0.465625 0.70625 0.4578125 0.709375 0.4546875 0.725 0.45 0.740625 0.4515625
44 0.734375 0.9796875 0.740625 0.975 0.75625 0.9765625 0.775 0.9859375 0.7859375 0.9953125 0.7796875 0.9984375 0.728125 0.9984375 0.7265625 0.9953125 0.734375 0.98125
44 0.2140625 0.653125 0.2453125 0.671875 0.2515625 0.6796875 0.253125 0.6921875 0.2484375 0.7 0.2484375 0.70625 0.2390625 0.715625 0.2390625 0.7203125 0.23125 0.728125 0.2265625 0.73125 0.2046875 0.7359375 0.1984375 0.7359375 0.1796875 0.7296875 0.1671875 0.7171875 0.1671875 0.7140625 0.1640625 0.7125 0.159375 0.703125 0.1578125 0.68125 0.1671875 0.6671875 0.171875 0.6640625 0.2125 0.653125
44 0.66875 0.153125 0.6765625 0.1703125 0.678125 0.1859375 0.6671875 0.1875 0.6640625 0.184375 0.659375 0.184375 0.646875 0.1890625 0.6359375 0.196875 0.6109375 0.1875 0.609375 0.1671875 0.61875 0.159375 0.625 0.15625 0.6328125 0.15625 0.6359375 0.153125 0.6453125 0.153125 0.6515625 0.15 0.665625 0.15 0.6671875 0.153125
44 0.178125 0.375 0.1921875 0.3765625 0.196875 0.38125 0.196875 0.384375 0.209375 0.396875 0.228125 0.4109375 0.228125 0.41875 0.20625 0.4328125 0.1984375 0.4328125 0.1921875 0.4359375 0.16875 0.4359375 0.1640625 0.4328125 0.153125 0.4171875 0.146875 0.415625 0.1421875 0.4109375 0.1390625 0.4 0.13125 0.3875 0.1328125 0.3828125 0.1390625 0.3765625 0.14375 0.3765625 0.1484375 0.3734375 0.1765625 0.375
44 0.7171875 0.115625 0.728125 0.121875 0.73125 0.1328125 0.7390625 0.1421875 0.740625 0.15 0.7359375 0.1546875 0.7296875 0.1546875 0.728125 0.1578125 0.7203125 0.159375 0.7140625 0.1578125 0.690625 0.1625 0.6765625 0.1609375 0.675 0.15625 0.6671875 0.1484375 0.6671875 0.140625 0.6734375 0.1390625 0.7 0.11875 0.715625 0.1171875
44 0.05 0.78125 0.05625 0.7890625 0.06875 0.7953125 0.0734375 0.8 0.0921875 0.8078125 0.0984375 0.8140625 0.0984375 0.8203125 0.0921875 0.8296875 0.0828125 0.834375 0.071875 0.8359375 0.053125 0.8328125 0.0515625 0.8296875 0.046875 0.8296875 0.034375 0.8234375 0.025 0.8140625 0.021875 0.80625 0.021875 0.7984375 0.025 0.790625 0.040625 0.778125 0.0453125 0.778125 0.0484375 0.78125
44 0.8375 0.396875 0.8625 0.40625 0.871875 0.4171875 0.8734375 0.425 0.871875 0.4296875 0.8625 0.4359375 0.8578125 0.4359375 0.8390625 0.428125 0.8171875 0.428125 0.8125 0.4296875 0.803125 0.4390625 0.7875 0.4296875 0.7875 0.4203125 0.784375 0.415625 0.7859375 0.4078125 0.7953125 0.4 0.803125 0.396875 0.8359375 0.396875
44 0.8 0.5125 0.8171875 0.5234375 0.821875 0.528125 0.821875 0.5359375 0.83125 0.540625 0.8421875 0.5546875 0.84375 0.5625 0.8421875 0.5828125 0.834375 0.5890625 0.81875 0.5953125 0.7890625 0.5953125 0.7765625 0.5828125 0.7609375 0.5765625 0.759375 0.5734375 0.753125 0.5703125 0.7453125 0.56875 0.740625 0.5625 0.740625 0.5359375 0.7484375 0.5265625 0.7515625 0.51875 0.7671875 0.5109375 0.796875 0.5109375 0.7984375 0.5125
44 0.475 0.3234375 0.496875 0.334375 0.509375 0.34375 0.5140625 0.359375 0.5140625 0.378125 0.50625 0.3796875 0.503125 0.3828125 0.4765625 0.3828125 0.459375 0.378125 0.4484375 0.36875 0.4375 0.3546875 0.4375 0.35 0.434375 0.3453125 0.434375 0.334375 0.440625 0.3265625 0.4515625 0.321875 0.4734375 0.3234375
44 0.0484375 0.6953125 0.053125 0.7 0.0515625 0.7203125 0.0546875 0.7359375 0.0421875 0.7515625 0.0390625 0.7640625 0.0234375 0.7734375 0.0046875 0.7734375 0 0.765625 0 0.7421875 0.003125 0.7390625 0.003125 0.7328125 0 0.7265625 0 0.7078125 0.01875 0.703125 0.0296875 0.6953125 0.0390625 0.6921875 0.046875 0.6953125
44 0.3265625 0.9453125 0.3421875 0.953125 0.34375 0.95625 0.3703125 0.965625 0.3921875 0.9890625 0.390625 0.9984375 0.371875 0.9984375 0.3671875 0.996875 0.365625 0.9921875 0.3609375 0.9890625 0.3390625 0.990625 0.3359375 0.99375 0.3296875 0.99375 0.3171875 0.9890625 0.3109375 0.996875 0.30625 0.9984375 0.2890625 0.9984375 0.2796875 0.9953125 0.26875 0.9953125 0.2625 0.9984375 0.25 0.996875 0.25 0.9796875 0.2671875 0.959375 0.2765625 0.9546875 0.2875 0.953125 0.2953125 0.9484375 0.309375 0.9484375 0.3140625 0.9453125 0.325 0.9453125
44 0.765625 0.8484375 0.7796875 0.85625 0.7875 0.8546875 0.8015625 0.859375 0.803125 0.8625 0.8015625 0.8671875 0.7953125 0.8703125 0.8 0.871875 0.7984375 0.8859375 0.8046875 0.8984375 0.8046875 0.9046875 0.8015625 0.90625 0.79375 0.9046875 0.7984375 0.9 0.7984375 0.8953125 0.7921875 0.884375 0.7953125 0.88125 0.7921875 0.8765625 0.79375 0.8734375 0.7921875 0.86875 0.7953125 0.86875 0.796875 0.865625 0.7921875 0.8640625 0.790625 0.8609375 0.7796875 0.85625 0.775 0.8578125 0.765625 0.85625 0.7640625 0.8578125 0.765625 0.8625 0.7671875 0.8609375 0.7765625 0.8625 0.7734375 0.865625 0.7734375 0.8703125 0.7703125 0.871875 0.765625 0.8703125 0.7625 0.8734375 0.765625 0.8765625 0.7640625 0.88125 0.7578125 0.8796875 0.759375 0.8734375 0.7578125 0.85 0.7640625 0.8484375
44 0.140625 0.4125 0.15 0.4171875 0.1578125 0.428125 0.1625 0.43125 0.165625 0.4375 0.165625 0.45625 0.1234375 0.4796875 0.11875 0.4796875 0.1046875 0.4859375 0.0921875 0.4875 0.0828125 0.4859375 0.0734375 0.478125 0.065625 0.459375 0.0671875 0.45 0.096875 0.4203125 0.115625 0.4109375 0.1296875 0.409375 0.1390625 0.4125
44 0.54375 0.0453125 0.5546875 0.0609375 0.5578125 0.0625 0.5578125 0.0734375 0.5546875 0.0796875 0.5515625 0.084375 0.5375 0.084375 0.515625 0.0921875 0.4796875 0.084375 0.4765625 0.078125 0.4796875 0.0609375 0.49375 0.05 0.4984375 0.05 0.5171875 0.0421875 0.540625 0.0421875 0.5421875 0.0453125
44 0.39375 0.6890625 0.409375 0.6921875 0.415625 0.6953125 0.4171875 0.6984375 0.446875 0.7109375 0.4546875 0.7203125 0.45625 0.7296875 0.453125 0.7359375 0.453125 0.753125 0.446875 0.7625 0.4359375 0.7703125 0.4171875 0.7703125 0.415625 0.76875 0.396875 0.7703125 0.3890625 0.7671875 0.3828125 0.7609375 0.375 0.759375 0.3734375 0.75625 0.3671875 0.753125 0.359375 0.7421875 0.34375 0.7296875 0.3375 0.7203125 0.3359375 0.7140625 0.3375 0.7046875 0.34375 0.6953125 0.3484375 0.6921875 0.36875 0.6859375 0.3796875 0.6859375 0.3921875 0.6890625
44 0.196875 0.146875 0.228125 0.159375 0.2359375 0.175 0.2359375 0.18125 0.228125 0.19375 0.221875 0.1984375 0.209375 0.2015625 0.1796875 0.2015625 0.1703125 0.196875 0.153125 0.178125 0.153125 0.1625 0.159375 0.153125 0.175 0.146875 0.1953125 0.146875
44 0.4046875 0.484375 0.4421875 0.5015625 0.4515625 0.5109375 0.453125 0.521875 0.446875 0.5296875 0.446875 0.5328125 0.4359375 0.5421875 0.425 0.546875 0.41875 0.546875 0.415625 0.55 0.4078125 0.55 0.403125 0.553125 0.39375 0.553125 0.3875 0.55625 0.359375 0.5546875 0.3453125 0.54375 0.3453125 0.5359375 0.3546875 0.521875 0.35625 0.5078125 0.3703125 0.49375 0.3890625 0.484375 0.403125 0.484375
44 0.06875 0.64375 0.075 0.659375 0.090625 0.6703125 0.0859375 0.6796875 0.0640625 0.696875 0.0578125 0.696875 0.0390625 0.684375 0.034375 0.6515625 0.0421875 0.6453125 0.0515625 0.64375 0.05625 0.640625 0.0640625 0.640625 0.0671875 0.64375
44 0.5703125 0.303125 0.5828125 0.3140625 0.5828125 0.325 0.5875 0.334375 0.5828125 0.365625 0.5796875 0.371875 0.5703125 0.378125 0.5609375 0.378125 0.55625 0.375 0.5453125 0.375 0.5390625 0.371875 0.5328125 0.371875 0.525 0.3625 0.51875 0.359375 0.5078125 0.340625 0.5046875 0.3390625 0.5046875 0.33125 0.5078125 0.3234375 0.5125 0.3140625 0.5171875 0.3109375 0.5421875 0.3 0.5578125 0.2984375 0.565625 0.3 0.56875 0.303125
44 0.2453125 0.3375 0.2515625 0.340625 0.259375 0.340625 0.2765625 0.35 0.2828125 0.35625 0.2890625 0.3578125 0.3015625 0.36875 0.3078125 0.3828125 0.3046875 0.3890625 0.2953125 0.3921875 0.2875 0.4 0.265625 0.4015625 0.2609375 0.40625 0.259375 0.4125 0.253125 0.415625 0.240625 0.415625 0.23125 0.4109375 0.2015625 0.3859375 0.1921875 0.371875 0.1921875 0.35 0.2 0.340625 0.209375 0.340625 0.2125 0.3375 0.221875 0.3359375 0.24375 0.3375
44 0.3859375 0.240625 0.415625 0.240625 0.4234375 0.246875 0.4296875 0.2484375 0.4359375 0.25625 0.434375 0.271875 0.421875 0.2890625 0.415625 0.2921875 0.365625 0.2921875 0.3546875 0.278125 0.35625 0.2671875 0.3515625 0.2578125 0.359375 0.25 0.3859375 0.2421875
44 0.0703125 0.7390625 0.0734375 0.7421875 0.0890625 0.7453125 0.1078125 0.7546875 0.14375 0.7546875 0.1484375 0.7515625 0.1546875 0.7515625 0.15625 0.7484375 0.1609375 0.7484375 0.16875 0.7421875 0.175 0.74375 0.1859375 0.753125 0.1859375 0.7640625 0.1890625 0.76875 0.1859375 0.7796875 0.1640625 0.80625 0.1578125 0.809375 0.1546875 0.8140625 0.140625 0.81875 0.115625 0.8171875 0.09375 0.8078125 0.0890625 0.803125 0.0734375 0.796875 0.071875 0.79375 0.0671875 0.79375 0.053125 0.784375 0.053125 0.78125 0.0421875 0.771875 0.040625 0.765625 0.0421875 0.7578125 0.053125 0.7421875 0.0578125 0.7390625 0.06875 0.7390625
44 0.71875 0.8125 0.728125 0.81875 0.7375 0.83125 0.740625 0.840625 0.7484375 0.8484375 0.7546875 0.859375 0.753125 0.875 0.7390625 0.884375 0.715625 0.884375 0.7140625 0.8828125 0.70625 0.884375 0.703125 0.8828125 0.6875 0.8671875 0.68125 0.8546875 0.6671875 0.84375 0.6625 0.8359375 0.6625 0.83125 0.6671875 0.825 0.6828125 0.8140625 0.6921875 0.8109375 0.7171875 0.8125
44 0.296875 0.68125 0.321875 0.6921875 0.3328125 0.7015625 0.3375 0.721875 0.346875 0.7375 0.346875 0.7484375 0.3421875 0.7578125 0.3296875 0.765625 0.3171875 0.7671875 0.2859375 0.7625 0.2640625 0.75625 0.240625 0.7359375 0.240625 0.71875 0.25 0.70625 0.2578125 0.7 0.2609375 0.6921875 0.275 0.68125 0.2953125 0.68125
44 0.33125 0.465625 0.3453125 0.4671875 0.3484375 0.4703125 0.353125 0.4703125 0.3609375 0.478125 0.3625 0.48125 0.3609375 0.4921875 0.353125 0.5046875 0.33125 0.4890625 0.31875 0.490625 0.3109375 0.4859375 0.3015625 0.4859375 0.2984375 0.4890625 0.2734375 0.490625 0.26875 0.4921875 0.2609375 0.5 0.25 0.5 0.246875 0.496875 0.240625 0.484375 0.2546875 0.4734375 0.2609375 0.4734375 0.265625 0.4703125 0.290625 0.4703125 0.3125 0.465625 0.3296875 0.465625
44 0.8109375 0.2203125 0.8171875 0.2265625 0.8203125 0.2265625 0.828125 0.2375 0.8296875 0.253125 0.828125 0.2578125 0.821875 0.265625 0.78125 0.265625 0.7765625 0.26875 0.759375 0.26875 0.75 0.2625 0.746875 0.2546875 0.746875 0.240625 0.75 0.2328125 0.7546875 0.2296875 0.759375 0.2296875 0.7609375 0.2265625 0.7734375 0.2203125 0.7921875 0.2171875 0.809375 0.2203125
44 0.953125 0.5640625 0.9578125 0.5671875 0.9640625 0.5671875 0.978125 0.5765625 0.9796875 0.5828125 0.9875 0.59375 0.9875 0.6 0.98125 0.60625 0.9578125 0.6203125 0.9484375 0.609375 0.946875 0.6015625 0.9265625 0.5734375 0.9265625 0.5703125 0.9328125 0.5671875 0.9515625 0.565625
44 0.6203125 0.7453125 0.625 0.7484375 0.640625 0.746875 0.65 0.75 0.66875 0.7625 0.66875 0.8109375 0.665625 0.821875 0.653125 0.83125 0.6203125 0.8296875 0.6078125 0.821875 0.5953125 0.809375 0.59375 0.7984375 0.5875 0.7828125 0.5875 0.7625 0.596875 0.7484375 0.6078125 0.7453125 0.61875 0.7453125
44 0.8890625 0.1046875 0.89375 0.10625 0.903125 0.115625 0.915625 0.1203125 0.915625 0.1421875 0.9109375 0.1484375 0.9046875 0.1515625 0.878125 0.15625 0.8640625 0.1546875 0.8453125 0.1484375 0.840625 0.1421875 0.840625 0.1328125 0.84375 0.125 0.859375 0.109375 0.875 0.103125 0.8875 0.1046875
44 0.9390625 0.653125 0.94375 0.6546875 0.9671875 0.690625 0.9671875 0.709375 0.9609375 0.7171875 0.9546875 0.7203125 0.928125 0.7203125 0.9078125 0.70625 0.9 0.696875 0.903125 0.6890625 0.903125 0.671875 0.896875 0.6578125 0.9015625 0.6546875 0.915625 0.6546875 0.921875 0.6515625 0.9375 0.653125
44 0.9625 0.78125 0.9828125 0.7890625 0.9984375 0.790625 0.9984375 0.84375 0.9921875 0.85 0.959375 0.85 0.9546875 0.846875 0.9484375 0.846875 0.946875 0.84375 0.9375 0.840625 0.9265625 0.8328125 0.925 0.828125 0.928125 0.8234375 0.928125 0.8046875 0.9265625 0.803125 0.928125 0.7859375 0.934375 0.78125 0.9609375 0.78125
44 0.225 0.2875 0.24375 0.2921875 0.253125 0.303125 0.253125 0.315625 0.2484375 0.3265625 0.24375 0.33125 0.2234375 0.3328125 0.2171875 0.3359375 0.1921875 0.33125 0.1875 0.3265625 0.184375 0.31875 0.184375 0.309375 0.1875 0.3 0.203125 0.2875 0.2234375 0.2875
44 0.396875 0.8484375 0.4046875 0.8453125 0.4125 0.8453125 0.4203125 0.8515625 0.440625 0.859375 0.4546875 0.859375 0.4671875 0.8625 0.4671875 0.8796875 0.4515625 0.88125 0.44375 0.8875 0.4390625 0.8875 0.4265625 0.8984375 0.4 0.896875 0.3859375 0.8875 0.38125 0.8734375 0.3859375 0.85625 0.396875 0.85
44 0.790625 0.784375 0.8109375 0.7953125 0.8109375 0.7984375 0.821875 0.8078125 0.821875 0.828125 0.8171875 0.83125 0.821875 0.8359375 0.821875 0.8453125 0.8109375 0.853125 0.79375 0.853125 0.7875 0.85 0.778125 0.85 0.7734375 0.846875 0.765625 0.846875 0.7546875 0.8390625 0.7453125 0.8375 0.725 0.8109375 0.73125 0.7984375 0.740625 0.7921875 0.746875 0.7921875 0.75 0.7890625 0.7640625 0.784375 0.7796875 0.7828125 0.7890625 0.784375
44 0.321875 0.3828125 0.3234375 0.384375 0.346875 0.384375 0.365625 0.39375 0.3671875 0.403125 0.3640625 0.4078125 0.3625 0.4328125 0.3578125 0.4375 0.3296875 0.45 0.3125 0.45 0.30625 0.4453125 0.2953125 0.4421875 0.278125 0.428125 0.271875 0.415625 0.271875 0.40625 0.278125 0.403125 0.2859375 0.403125 0.2953125 0.39375 0.3109375 0.384375 0.3203125 0.384375
44 0.05625 0.8421875 0.0625 0.8453125 0.06875 0.8453125 0.0828125 0.8546875 0.0921875 0.8640625 0.0921875 0.8671875 0.103125 0.875 0.1140625 0.8875 0.1140625 0.9078125 0.1109375 0.915625 0.103125 0.9234375 0.0859375 0.93125 0.065625 0.93125 0.0640625 0.9328125 0.028125 0.9265625 0.0171875 0.9203125 0.00625 0.9171875 0 0.9078125 0 0.8625 0.0125 0.8515625 0.0171875 0.8515625 0.028125 0.8453125 0.034375 0.8453125 0.040625 0.8421875 0.0546875 0.8421875
44 0.403125 0.29375 0.41875 0.303125 0.4234375 0.309375 0.4265625 0.321875 0.4234375 0.3265625 0.4234375 0.33125 0.41875 0.3359375 0.415625 0.3515625 0.4078125 0.3546875 0.403125 0.3625 0.396875 0.3625 0.3796875 0.36875 0.3640625 0.3625 0.3578125 0.35625 0.3546875 0.35625 0.34375 0.3484375 0.3390625 0.3421875 0.3359375 0.33125 0.3375 0.30625 0.3484375 0.296875 0.3640625 0.296875 0.3859375 0.2921875 0.4015625 0.29375
44 0.3375 0.54375 0.3484375 0.5484375 0.3546875 0.5546875 0.3671875 0.5609375 0.384375 0.5765625 0.3828125 0.5921875 0.36875 0.603125 0.35625 0.60625 0.325 0.60625 0.321875 0.603125 0.303125 0.6 0.28125 0.5890625 0.2765625 0.58125 0.2765625 0.5765625 0.2875 0.5625 0.303125 0.5484375 0.33125 0.546875 0.3359375 0.54375
44 0.103125 0.0609375 0.121875 0.065625 0.13125 0.0734375 0.134375 0.084375 0.1234375 0.1 0.115625 0.1046875 0.0921875 0.1046875 0.0828125 0.1078125 0.0625 0.1015625 0.0609375 0.0953125 0.0625 0.075 0.078125 0.0625 0.1015625 0.0609375
44 0.5703125 0.465625 0.5859375 0.4734375 0.590625 0.478125 0.590625 0.48125 0.575 0.4890625 0.5609375 0.503125 0.5609375 0.5140625 0.565625 0.5234375 0.5640625 0.528125 0.540625 0.5265625 0.525 0.521875 0.5140625 0.515625 0.5015625 0.496875 0.5 0.4765625 0.503125 0.4734375 0.509375 0.4734375 0.5109375 0.4703125 0.51875 0.4703125 0.5234375 0.4671875 0.5375 0.4640625 0.5421875 0.459375 0.55 0.459375 0.56875 0.465625
44 0.48125 0.1515625 0.4890625 0.153125 0.490625 0.15625 0.4953125 0.1578125 0.509375 0.171875 0.509375 0.1796875 0.503125 0.1921875 0.475 0.2078125 0.4515625 0.2078125 0.4390625 0.1953125 0.4375 0.1625 0.44375 0.15625 0.45 0.153125 0.4578125 0.153125 0.4609375 0.15 0.478125 0.15 0.4796875 0.1515625
44 0.59375 0.4140625 0.6203125 0.4140625 0.6265625 0.4171875 0.634375 0.4171875 0.6453125 0.4203125 0.653125 0.4296875 0.65 0.4578125 0.6296875 0.459375 0.6125 0.471875 0.6078125 0.471875 0.6046875 0.475 0.590625 0.475 0.584375 0.471875 0.5828125 0.46875 0.5625 0.4609375 0.5609375 0.453125 0.5671875 0.4359375 0.5734375 0.4296875 0.5828125 0.425 0.5890625 0.4171875 0.59375 0.415625
44 0 0.496875 0.009375 0.496875 0.0109375 0.5 0.015625 0.5 0.0296875 0.50625 0.0375 0.50625 0.046875 0.5140625 0.05 0.5140625 0.0515625 0.5171875 0.0234375 0.5453125 0.0203125 0.546875 0 0.5453125 0 0.53125 0.003125 0.5296875 0.003125 0.5234375 0 0.521875 0 0.4984375
44 0.9015625 0.7765625 0.915625 0.78125 0.9171875 0.784375 0.921875 0.7859375 0.9234375 0.8046875 0.9265625 0.809375 0.9265625 0.821875 0.9109375 0.840625 0.9015625 0.8453125 0.8859375 0.84375 0.884375 0.840625 0.8734375 0.834375 0.865625 0.8328125 0.846875 0.8203125 0.84375 0.8203125 0.8421875 0.815625 0.8421875 0.8109375 0.8515625 0.8109375 0.8703125 0.8015625 0.878125 0.7921875 0.88125 0.7921875 0.8890625 0.784375 0.89375 0.775 0.9 0.7765625
44 0.875 0.7109375 0.8875 0.7078125 0.8953125 0.703125 0.9046875 0.7046875 0.909375 0.7109375 0.9265625 0.7234375 0.9265625 0.7265625 0.934375 0.734375 0.9359375 0.7390625 0.946875 0.7484375 0.953125 0.7609375 0.953125 0.7703125 0.946875 0.7765625 0.9359375 0.7765625 0.93125 0.7796875 0.9171875 0.7796875 0.90625 0.7765625 0.903125 0.7734375 0.896875 0.7734375 0.8828125 0.7453125 0.871875 0.7375 0.8734375 0.7296875 0.8703125 0.7234375 0.875 0.7125
44 0.759375 0.153125 0.778125 0.1671875 0.7796875 0.1796875 0.7703125 0.1953125 0.7578125 0.2046875 0.7515625 0.2046875 0.746875 0.2015625 0.7296875 0.2015625 0.7125 0.184375 0.7109375 0.178125 0.7203125 0.1625 0.74375 0.153125 0.7578125 0.153125
44 0.1953125 0.525 0.20625 0.5203125 0.2125 0.5140625 0.2171875 0.5140625 0.2203125 0.5109375 0.228125 0.5109375 0.2390625 0.5046875 0.259375 0.5046875 0.259375 0.51875 0.2640625 0.5296875 0.2734375 0.540625 0.290625 0.5484375 0.2875 0.5625 0.2734375 0.5734375 0.234375 0.578125 0.2171875 0.584375 0.1890625 0.584375 0.178125 0.5765625 0.1734375 0.5671875 0.171875 0.5578125 0.178125 0.5421875 0.1875 0.53125 0.1953125 0.5265625
44 0.19375 0 0.2484375 0 0.253125 0.00625 0.259375 0.009375 0.2671875 0.021875 0.265625 0.040625 0.253125 0.0515625 0.2359375 0.0515625 0.234375 0.053125 0.2125 0.0515625 0.1984375 0.04375 0.1953125 0.0375 0.1953125 0.03125 0.1875 0.0234375 0.1875 0.0078125 0.19375 0.0015625
44 0.1203125 0.6703125 0.134375 0.678125 0.1375 0.6859375 0.1546875 0.7015625 0.1546875 0.7046875 0.165625 0.7171875 0.16875 0.725 0.16875 0.7359375 0.165625 0.740625 0.153125 0.75 0.1484375 0.75 0.14375 0.753125 0.1171875 0.753125 0.1046875 0.75 0.084375 0.740625 0.078125 0.740625 0.0625 0.7328125 0.05625 0.7265625 0.053125 0.7171875 0.053125 0.7109375 0.0875 0.68125 0.09375 0.671875 0.11875 0.6703125
44 0.3171875 0.484375 0.325 0.490625 0.3265625 0.4890625 0.3390625 0.490625 0.3484375 0.5 0.353125 0.509375 0.353125 0.515625 0.340625 0.5390625 0.3234375 0.5453125 0.3078125 0.5453125 0.30625 0.546875 0.29375 0.546875 0.284375 0.54375 0.275 0.5390625 0.265625 0.5296875 0.2609375 0.521875 0.2609375 0.5 0.2703125 0.490625 0.2875 0.4890625 0.2921875 0.4859375 0.3015625 0.484375 0.315625 0.484375
44 0 0.6375 0.00625 0.6375 0.0203125 0.64375 0.0328125 0.6578125 0.0375 0.671875 0.034375 0.6875 0.0265625 0.696875 0.0171875 0.7015625 0 0.703125 0 0.6390625
44 0.78125 0.3125 0.7921875 0.3140625 0.796875 0.31875 0.8015625 0.3296875 0.8015625 0.3453125 0.778125 0.378125 0.7671875 0.3890625 0.7625 0.390625 0.7484375 0.390625 0.7453125 0.3875 0.75 0.3734375 0.75 0.3640625 0.7390625 0.3515625 0.71875 0.3421875 0.7171875 0.3390625 0.71875 0.3265625 0.721875 0.3171875 0.734375 0.3109375 0.7515625 0.3109375 0.7578125 0.3140625 0.7796875 0.3125
44 0.4484375 0.8859375 0.4578125 0.884375 0.46875 0.8859375 0.4828125 0.8953125 0.4859375 0.8953125 0.496875 0.90625 0.509375 0.9359375 0.515625 0.96875 0.515625 0.9875 0.509375 0.99375 0.496875 0.99375 0.4921875 0.990625 0.4859375 0.990625 0.478125 0.9875 0.475 0.98125 0.46875 0.98125 0.4640625 0.984375 0.4640625 0.9875 0.446875 0.99375 0.440625 0.99375 0.4359375 0.990625 0.428125 0.990625 0.4265625 0.99375 0.415625 0.99375 0.4078125 0.9921875 0.403125 0.9875 0.4015625 0.98125 0.4046875 0.971875 0.4 0.9640625 0.4 0.953125 0.40625 0.94375 0.40625 0.9390625 0.4140625 0.9296875 0.4171875 0.9171875 0.428125 0.9046875 0.428125 0.9015625 0.4375 0.8921875 0.4484375 0.8875
44 0.315625 0.8421875 0.321875 0.8453125 0.3265625 0.853125 0.3390625 0.8625 0.3515625 0.88125 0.3421875 0.8953125 0.3421875 0.9015625 0.3328125 0.9171875 0.3328125 0.921875 0.328125 0.925 0.3140625 0.9234375 0.3125 0.9078125 0.303125 0.896875 0.303125 0.8890625 0.30625 0.8859375 0.303125 0.871875 0.2953125 0.8609375 0.2953125 0.85625 0.2984375 0.8515625 0.3140625 0.8421875
44 0.18125 0.203125 0.1953125 0.2046875 0.2125 0.215625 0.225 0.2171875 0.2328125 0.225 0.234375 0.2328125 0.215625 0.2609375 0.19375 0.26875 0.1875 0.26875 0.178125 0.2734375 0.16875 0.2734375 0.1546875 0.2609375 0.1515625 0.240625 0.1515625 0.2234375 0.1546875 0.2171875 0.16875 0.203125 0.1796875 0.203125
44 0.4234375 0.596875 0.4359375 0.60625 0.4390625 0.6125 0.4390625 0.61875 0.4359375 0.621875 0.434375 0.6328125 0.4265625 0.6421875 0.4171875 0.646875 0.39375 0.646875 0.3921875 0.64375 0.3875 0.6421875 0.36875 0.6265625 0.365625 0.615625 0.375 0.6015625 0.3875 0.5953125 0.415625 0.59375 0.421875 0.596875
44 0.9171875 0.571875 0.9234375 0.575 0.9359375 0.5875 0.9359375 0.590625 0.946875 0.60625 0.946875 0.6109375 0.9515625 0.6171875 0.953125 0.6296875 0.946875 0.64375 0.9421875 0.646875 0.9109375 0.6515625 0.896875 0.6515625 0.88125 0.646875 0.8671875 0.6390625 0.8625 0.6328125 0.8625 0.6078125 0.865625 0.603125 0.865625 0.59375 0.875 0.578125 0.8859375 0.571875 0.896875 0.5703125 0.915625 0.571875
44 0.8421875 0.3328125 0.853125 0.334375 0.8671875 0.346875 0.8734375 0.3578125 0.875 0.3671875 0.8734375 0.3796875 0.86875 0.3859375 0.8609375 0.3921875 0.8578125 0.3921875 0.85625 0.3953125 0.828125 0.3953125 0.8203125 0.3921875 0.8125 0.38125 0.803125 0.375 0.7984375 0.365625 0.7984375 0.35625 0.803125 0.3484375 0.803125 0.34375 0.8109375 0.334375 0.83125 0.33125 0.840625 0.3328125
44 0.896875 0.909375 0.903125 0.9125 0.9140625 0.925 0.928125 0.9484375 0.9296875 0.9640625 0.9359375 0.98125 0.93125 0.990625 0.921875 0.996875 0.8984375 0.996875 0.8921875 0.99375 0.875 0.99375 0.8703125 0.990625 0.865625 0.990625 0.840625 0.9734375 0.8234375 0.9546875 0.8234375 0.9484375 0.8203125 0.94375 0.8203125 0.9265625 0.821875 0.925 0.8390625 0.921875 0.85 0.915625 0.8609375 0.9125 0.8734375 0.9140625 0.8859375 0.9078125 0.8953125 0.909375
44 0.371875 0.7609375 0.38125 0.76875 0.384375 0.76875 0.3875 0.775 0.3875 0.7796875 0.384375 0.7859375 0.3796875 0.7890625 0.3796875 0.79375 0.3765625 0.7984375 0.3765625 0.80625 0.384375 0.81875 0.384375 0.825 0.378125 0.8296875 0.365625 0.8328125 0.3296875 0.8328125 0.3125 0.8234375 0.309375 0.809375 0.309375 0.7859375 0.3140625 0.775 0.328125 0.76875 0.3328125 0.76875 0.334375 0.765625 0.3578125 0.759375 0.3703125 0.7609375
44 0.6109375 0.4796875 0.6125 0.48125 0.628125 0.48125 0.634375 0.484375 0.64375 0.49375 0.6484375 0.503125 0.6484375 0.5125 0.6453125 0.51875 0.63125 0.5328125 0.6078125 0.5390625 0.5859375 0.5359375 0.5828125 0.5328125 0.571875 0.5296875 0.5671875 0.5234375 0.5625 0.5078125 0.5640625 0.503125 0.58125 0.4875 0.609375 0.4796875
44 0.97109375 0.38515625 0.05859375 0.0546875
44 0.25 0.0546875 0.2609375 0.05625 0.2703125 0.0625 0.2765625 0.06875 0.278125 0.0734375 0.2703125 0.0984375 0.2609375 0.1015625 0.240625 0.1015625 0.221875 0.090625 0.2078125 0.0875 0.20625 0.084375 0.20625 0.0765625 0.209375 0.071875 0.209375 0.059375 0.2125 0.05625 0.2484375 0.0546875
44 0.85625 0.0734375 0.8640625 0.0859375 0.8640625 0.0984375 0.853125 0.1109375 0.853125 0.1140625 0.8453125 0.11875 0.83125 0.11875 0.8171875 0.121875 0.8125 0.125 0.803125 0.125 0.7921875 0.1125 0.7890625 0.103125 0.79375 0.0921875 0.8046875 0.0828125 0.8171875 0.0796875 0.834375 0.0703125 0.8546875 0.0734375
44 0.9734375 0.115625 0.9953125 0.1375 0.996875 0.140625 0.9953125 0.1546875 0.990625 0.15625 0.9703125 0.1546875 0.9609375 0.1578125 0.9453125 0.16875 0.9375 0.16875 0.921875 0.1546875 0.91875 0.1484375 0.9203125 0.11875 0.925 0.115625 0.946875 0.1109375 0.971875 0.115625
44 0.05625 0.44375 0.0671875 0.45 0.065625 0.4546875 0.0671875 0.4796875 0.075 0.49375 0.075 0.4984375 0.071875 0.503125 0.065625 0.503125 0.0609375 0.50625 0.03125 0.50625 0.0296875 0.503125 0.0078125 0.5 0.0046875 0.496875 0.003125 0.4828125 0 0.4796875 0 0.4515625 0.0046875 0.4484375 0.015625 0.44375 0.0546875 0.44375
44 0.5828125 0.1796875 0.5984375 0.1921875 0.5984375 0.1953125 0.6140625 0.2125 0.615625 0.23125 0.6140625 0.2359375 0.603125 0.2453125 0.5921875 0.2484375 0.58125 0.2484375 0.575 0.2515625 0.5609375 0.2515625 0.559375 0.24375 0.5625 0.2375 0.5625 0.23125 0.546875 0.215625 0.5421875 0.1984375 0.5484375 0.1859375 0.5546875 0.1796875 0.5640625 0.1765625 0.578125 0.1765625 0.58125 0.1796875
44 0.684375 0.384375 0.709375 0.396875 0.715625 0.396875 0.721875 0.40625 0.721875 0.415625 0.7171875 0.4234375 0.7109375 0.4296875 0.70625 0.4296875 0.7015625 0.4328125 0.6578125 0.4328125 0.6453125 0.41875 0.6359375 0.4140625 0.6359375 0.4078125 0.6390625 0.403125 0.65625 0.3859375 0.665625 0.38125 0.6765625 0.38125 0.6828125 0.384375
44 0.0953125 0.2796875 0.115625 0.2828125 0.1234375 0.2875 0.1265625 0.29375 0.1328125 0.296875 0.1421875 0.3109375 0.14375 0.3171875 0.1421875 0.3265625 0.134375 0.3375 0.1296875 0.3390625 0.10625 0.359375 0.096875 0.3625 0.084375 0.3625 0.08125 0.359375 0.0765625 0.359375 0.0640625 0.353125 0.0546875 0.34375 0.0515625 0.321875 0.0546875 0.29375 0.0609375 0.290625 0.0625 0.2875 0.071875 0.2859375 0.0734375 0.2828125 0.09375 0.28125
44 0.9109375 0.4203125 0.9234375 0.43125 0.9265625 0.4359375 0.9265625 0.440625 0.9328125 0.4484375 0.9359375 0.45625 0.9359375 0.471875 0.921875 0.4828125 0.8890625 0.4875 0.884375 0.4875 0.88125 0.484375 0.884375 0.4734375 0.8828125 0.4640625 0.86875 0.44375 0.86875 0.4375 0.8765625 0.4265625 0.8859375 0.4203125 0.909375 0.4203125
44 0.671875 0.5171875 0.69375 0.525 0.703125 0.525 0.70625 0.528125 0.7171875 0.5265625 0.71875 0.53125 0.728125 0.5328125 0.734375 0.540625 0.734375 0.55625 0.725 0.5640625 0.6921875 0.5703125 0.678125 0.5796875 0.6765625 0.5828125 0.665625 0.5859375 0.65 0.5859375 0.6375 0.5796875 0.6296875 0.565625 0.628125 0.553125 0.6296875 0.5453125 0.6359375 0.5359375 0.6359375 0.5296875 0.640625 0.525 0.65625 0.5171875 0.6703125 0.5171875
44 0.4203125 0.7734375 0.421875 0.775 0.4421875 0.775 0.4484375 0.778125 0.459375 0.778125 0.4671875 0.78125 0.46875 0.784375 0.478125 0.7859375 0.4796875 0.7890625 0.4875 0.7921875 0.5046875 0.8078125 0.509375 0.81875 0.509375 0.8265625 0.4984375 0.8390625 0.4953125 0.846875 0.4890625 0.853125 0.4796875 0.8578125 0.4390625 0.85625 0.4359375 0.853125 0.41875 0.846875 0.3859375 0.8203125 0.3859375 0.815625 0.38125 0.8078125 0.38125 0.796875 0.3859375 0.7875 0.3953125 0.778125 0.41875 0.7734375
44 0.7453125 0.2046875 0.759375 0.2109375 0.7609375 0.221875 0.7578125 0.23125 0.7484375 0.2375 0.7453125 0.24375 0.74375 0.259375 0.7359375 0.26875 0.7296875 0.26875 0.725 0.2625 0.7203125 0.2609375 0.7140625 0.2546875 0.6953125 0.2484375 0.69375 0.240625 0.6984375 0.23125 0.6984375 0.2203125 0.703125 0.2125 0.721875 0.2046875 0.7375 0.203125 0.74375 0.2046875
44 0.1953125 0.459375 0.2078125 0.4625 0.2328125 0.4765625 0.2375 0.48125 0.24375 0.4984375 0.240625 0.503125 0.228125 0.509375 0.21875 0.509375 0.2125 0.5125 0.2015625 0.521875 0.178125 0.5265625 0.165625 0.5234375 0.1484375 0.509375 0.140625 0.490625 0.140625 0.484375 0.146875 0.4703125 0.15625 0.4640625 0.1703125 0.459375 0.19375 0.459375
44 0.5296875 0.7375 0.5453125 0.7421875 0.5609375 0.7515625 0.5609375 0.7546875 0.56875 0.765625 0.56875 0.7734375 0.5640625 0.79375 0.5609375 0.7953125 0.5609375 0.8 0.5578125 0.803125 0.5484375 0.80625 0.521875 0.80625 0.5203125 0.8078125 0.5109375 0.8078125 0.5 0.8 0.490625 0.7890625 0.4859375 0.765625 0.490625 0.7484375 0.496875 0.7421875 0.5078125 0.7375 0.528125 0.7375
44 0.5046875 0.6046875 0.5265625 0.6109375 0.5390625 0.6203125 0.5421875 0.6265625 0.5421875 0.640625 0.540625 0.6515625 0.5296875 0.665625 0.521875 0.6671875 0.509375 0.6765625 0.5 0.678125 0.48125 0.6765625 0.459375 0.665625 0.45 0.65625 0.4453125 0.6453125 0.4375 0.6375 0.4375 0.621875 0.44375 0.6140625 0.4578125 0.6046875 0.503125 0.6046875
44 0.9640625 0.2515625 0.975 0.2546875 0.9890625 0.275 0.996875 0.29375 0.9984375 0.3125 0.9890625 0.321875 0.946875 0.325 0.928125 0.3296875 0.9234375 0.328125 0.9171875 0.321875 0.9125 0.3078125 0.9125 0.3 0.9171875 0.290625 0.9171875 0.2828125 0.9328125 0.25625 0.9453125 0.2515625 0.9625 0.2515625
44 0.296875 0.896875 0.3015625 0.8984375 0.3109375 0.9109375 0.3109375 0.928125 0.30625 0.940625 0.303125 0.94375 0.2921875 0.946875 0.290625 0.95 0.2765625 0.9515625 0.2640625 0.9578125 0.2546875 0.9734375 0.24375 0.984375 0.2296875 0.98125 0.2296875 0.978125 0.225 0.9734375 0.2140625 0.96875 0.209375 0.9640625 0.209375 0.9578125 0.2 0.946875 0.203125 0.91875 0.2078125 0.909375 0.2140625 0.90625 0.259375 0.9078125 0.2953125 0.8984375
44 0.21875 0.8093781855249744 0.2391304347826087 0.8256880733944956 0.26358695652173914 0.8297655453618757 0.28940217391304346 0.8277268093781857 0.296195652173913 0.8216106014271153 0.30570652173913043 0.8022426095820592 0.3043478260869565 0.781855249745158 0.296195652173913 0.7686034658511722 0.25815217391304346 0.7594291539245668 0.2323369565217391 0.7706422018348624 0.21875 0.7859327217125383 0.21875 0.8093781855249744
44 0.13451086956521738 0.02650356778797146 0.1467391304347826 0.04485219164118247 0.16983695652173914 0.05504587155963303 0.18070652173913043 0.05402650356778797 0.19429347826086957 0.04485219164118247 0.18614130434782608 0.009174311926605505 0.19021739130434784 0 0.13858695652173914 0 0.13451086956521738 0.010193679918450561 0.13451086956521738 0.02650356778797146
44 0.24184782608695649 0.6411824668705404 0.26766304347826086 0.6615698267074415 0.3043478260869565 0.6636085626911316 0.3342391304347826 0.6483180428134557 0.3383152173913043 0.6248725790010193 0.33152173913043476 0.6116207951070336 0.27717391304347827 0.5912334352701325 0.2527173913043478 0.601427115188583 0.24320652173913043 0.6197757390417941 0.24184782608695649 0.6411824668705404
44 0.29891304347826086 0.6788990825688074 0.3342391304347826 0.6982670744138634 0.3695652173913043 0.6829765545361876 0.40760869565217395 0.6901121304791029 0.4130434782608695 0.6860346585117227 0.39266304347826086 0.6483180428134557 0.358695652173913 0.6238532110091743 0.34375 0.6269113149847094 0.3328804347826087 0.653414882772681 0.30027173913043476 0.6707441386340469 0.29891304347826086 0.6788990825688074
44 0.17391304347826086 0.6442405708460754 0.1875 0.6564729867482162 0.21467391304347827 0.6523955147808359 0.23097826086956524 0.6574923547400612 0.23777173913043476 0.6452599388379205 0.24048913043478262 0.6187563710499491 0.2296195652173913 0.6116207951070336 0.20244565217391303 0.6116207951070336 0.18206521739130435 0.6218144750254841 0.17527173913043476 0.6309887869520897 0.17391304347826086 0.6442405708460754
44 0.19293478260869565 0.45565749235474007 0.23777173913043476 0.4750254841997961 0.297554347826087 0.46381243628950053 0.3029891304347826 0.45361875637105 0.26358695652173914 0.4159021406727829 0.23097826086956524 0.4209989806320082 0.1956521739130435 0.44342507645259943 0.19293478260869565 0.45565749235474007
44 0.00951086956521739 0.41080530071355764 0.01766304347826087 0.42201834862385323 0.05163043478260869 0.44036697247706424 0.07472826086956522 0.43832823649337416 0.08695652173913043 0.4250764525993884 0.11548913043478262 0.4077471967380224 0.10869565217391304 0.3893985728848114 0.08831521739130435 0.37716615698267075 0.06793478260869565 0.3720693170234455 0.05570652173913043 0.3720693170234455 0.021739130434782608 0.38328236493374107 0.010869565217391304 0.399592252803262 0.00951086956521739 0.41080530071355764
44 0 0.35983690112130484 0.033967391304347824 0.37410805300713557 0.06929347826086957 0.36799184505606525 0.07201086956521739 0.36187563710499493 0.05163043478260869 0.34046890927624873 0.04483695652173913 0.3211009174311927 0.002717391304347826 0.3251783893985729 0 0.35983690112130484
44 0.03260869565217391 0.27217125382262997 0.042119565217391304 0.2803261977573904 0.06929347826086957 0.2650356778797146 0.10054347826086955 0.2711518858307849 0.11684782608695651 0.25993883792048933 0.11820652173913042 0.2385321100917431 0.09782608695652174 0.21304791029561673 0.07744565217391304 0.20591233435270134 0.06793478260869565 0.20693170234454641 0.05298913043478261 0.21304791029561673 0.04483695652173913 0.22222222222222224 0.03260869565217391 0.2579001019367992 0.03260869565217391 0.27217125382262997
44 0.12907608695652173 0.2915392456676861 0.14402173913043478 0.3119266055045872 0.14266304347826086 0.3312945973496432 0.15353260869565216 0.33843017329255864 0.1875 0.3312945973496432 0.18206521739130435 0.30784913353720694 0.18614130434782608 0.29357798165137616 0.1467391304347826 0.2782874617737003 0.13043478260869565 0.2864424057084608 0.12907608695652173 0.2915392456676861
44 0.07744565217391304 0.3730886850152905 0.09782608695652174 0.381243628950051 0.12907608695652173 0.381243628950051 0.15489130434782608 0.3690112130479103 0.1576086956521739 0.3486238532110092 0.14945652173913043 0.3414882772680938 0.1358695652173913 0.33843017329255864 0.10190217391304349 0.36187563710499493 0.07744565217391304 0.36595310907237516 0.07744565217391304 0.3730886850152905
44 0 0.22120285423037717 0 0.3017329255861366 0.01902173913043478 0.28236493374108057 0.03125 0.2466870540265036 0.02717391304347826 0.2344546381243629 0.005434782608695652 0.22120285423037717 0 0.22120285423037717
44 0.09103260869565218 0.17838939857288483 0.11277173913043478 0.20489296636085624 0.13043478260869565 0.20897043832823653 0.15489130434782608 0.20591233435270134 0.16304347826086957 0.20081549439347604 0.16576086956521738 0.19571865443425077 0.15217391304347824 0.17838939857288483 0.1467391304347826 0.15800203873598367 0.11548913043478262 0.1529051987767584 0.09782608695652174 0.16207951070336393 0.09103260869565218 0.17838939857288483
44 0.014945652173913044 0.218144750254842 0.043478260869565216 0.218144750254842 0.05842391304347826 0.20795107033639146 0.07201086956521739 0.20489296636085624 0.10190217391304349 0.21100917431192662 0.11005434782608696 0.20795107033639146 0.08695652173913043 0.18042813455657494 0.03804347826086956 0.17838939857288483 0.020380434782608696 0.18858307849133538 0.014945652173913044 0.218144750254842
44 0.043478260869565216 0.1651376146788991 0.05434782608695652 0.17533129459734964 0.08423913043478261 0.17838939857288483 0.09918478260869565 0.15800203873598367 0.11684782608695651 0.1508664627930683 0.11413043478260869 0.1416921508664628 0.09375 0.13149847094801223 0.0733695652173913 0.1304791029561672 0.05298913043478261 0.13965341488277266 0.043478260869565216 0.1651376146788991
44 0 0.11111111111111112 0 0.1651376146788991 0.016304347826086956 0.17023445463812437 0.03532608695652174 0.1651376146788991 0.04755434782608696 0.15494393476044852 0.05298913043478261 0.12640163098878696 0.03532608695652174 0.109072375127421 0.008152173913043478 0.109072375127421 0 0.11111111111111112
44 0.042119565217391304 0.03669724770642202 0.0625 0.04994903160040775 0.07065217391304349 0.0652395514780836 0.10461956521739131 0.05708460754332314 0.10597826086956522 0.03567787971457696 0.09918478260869565 0.02854230377166157 0.08559782608695651 0.022426095820591234 0.05298913043478261 0.021406727828746176 0.04891304347826087 0.024464831804281346 0.042119565217391304 0.03669724770642202
44 0.07608695652173912 0.020387359836901122 0.09782608695652174 0.02650356778797146 0.11956521739130435 0.0509683995922528 0.13722826086956522 0.04485219164118247 0.13043478260869565 0.00815494393476045 0.11684782608695651 0 0.08152173913043478 0 0.07608695652173912 0.012232415902140673 0.07608695652173912 0.020387359836901122
44 0 0 0 0.03567787971457696 0.033967391304347824 0.03567787971457696 0.042119565217391304 0.03160040774719674 0.043478260869565216 0.017329255861365953 0.03125 0 0 0
44 0.1671195652173913 0.12742099898063203 0.1779891304347826 0.14373088685015292 0.20652173913043476 0.14678899082568808 0.21875 0.11722731906218145 0.23505434782608697 0.10805300713557595 0.23505434782608697 0.10091743119266054 0.22010869565217392 0.09072375127421 0.2010869565217391 0.08766564729867482 0.1766304347826087 0.09174311926605505 0.1644021739130435 0.09887869520897044 0.1671195652173913 0.12742099898063203
44 0.11956521739130435 0.06320081549439348 0.13451086956521738 0.07747196738022426 0.13179347826086957 0.09785932721712538 0.16032608695652173 0.09683995922528033 0.18478260869565216 0.08868501529051989 0.18478260869565216 0.07543323139653416 0.1779891304347826 0.06422018348623854 0.15081521739130435 0.047910295616717634 0.13451086956521738 0.047910295616717634 0.11956521739130435 0.05708460754332314 0.11956521739130435 0.06320081549439348
44 0.2907608695652174 0.07237512742099898 0.3247282608695652 0.07135575942915393 0.3464673913043478 0.08154943934760449 0.3532608695652174 0.07747196738022426 0.358695652173913 0.06422018348623854 0.3546195652173913 0.04994903160040775 0.33152173913043476 0.03771661569826708 0.31385869565217395 0.0417940876656473 0.2907608695652174 0.05912334352701325 0.2907608695652174 0.07237512742099898
44 0.2608695652173913 0.051987767584097865 0.28260869565217395 0.06931702344546381 0.3125 0.03975535168195719 0.3070652173913043 0.03160040774719674 0.29483695652173914 0.02650356778797146 0.26902173913043476 0.02854230377166157 0.2608695652173913 0.051987767584097865
44 0.2527173913043478 0.0020387359836901123 0.2717391304347826 0.024464831804281346 0.30570652173913043 0.027522935779816515 0.3233695652173913 0.009174311926605505 0.3220108695652174 0 0.2527173913043478 0.0020387359836901123
44 0.39945652173913043 0.14678899082568808 0.41440217391304346 0.14678899082568808 0.43478260869565216 0.15800203873598367 0.4578804347826087 0.14780835881753313 0.45244565217391297 0.13557594291539246 0.4334239130434782 0.12844036697247707 0.4130434782608695 0.12945973496432212 0.39945652173913043 0.14067278287461776 0.39945652173913043 0.14678899082568808
44 0.3654891304347826 0.4332313965341489 0.37364130434782605 0.4475025484199796 0.3845108695652174 0.45361875637105 0.3980978260869565 0.45361875637105 0.42934782608695654 0.436289500509684 0.4320652173913043 0.4271151885830785 0.4266304347826087 0.41386340468909283 0.41440217391304346 0.39653414882772686 0.4008152173913043 0.3893985728848114 0.3845108695652174 0.3893985728848114 0.37228260869565216 0.3944954128440367 0.3654891304347826 0.4097859327217125 0.3654891304347826 0.4332313965341489
44 0.327445652173913 0.24770642201834864 0.34782608695652173 0.25484199796126406 0.3559782608695652 0.2487257900101937 0.4116847826086956 0.23547400611620795 0.40760869565217395 0.2161060142711519 0.3804347826086957 0.19877675840978595 0.3546195652173913 0.1946992864424057 0.3355978260869565 0.20081549439347604 0.32608695652173914 0.21916411824668708 0.327445652173913 0.24770642201834864
44 0.25 0.19673802242609584 0.2595108695652174 0.21100917431192662 0.3179347826086957 0.24260958205912336 0.3328804347826087 0.20183486238532108 0.328804347826087 0.18450560652395515 0.3179347826086957 0.17023445463812437 0.30027173913043476 0.16309887869520898 0.26358695652173914 0.1743119266055046 0.25135869565217395 0.18654434250764526 0.25 0.19673802242609584
44 0.5869565217391304 0.3129459734964322 0.5869565217391304 0.327217125382263 0.595108695652174 0.3435270132517839 0.6141304347826086 0.34964322120285424 0.6616847826086956 0.34454638124362896 0.6766304347826086 0.3312945973496432 0.669836956521739 0.27217125382262997 0.657608695652174 0.2609582059123344 0.6331521739130435 0.2558613659531091 0.6114130434782609 0.2619775739041794 0.6046195652173914 0.27217125382262997 0.5869565217391304 0.3129459734964322