4 0.7890625 0.59375 0.79375 0.6109375 0.80625 0.628125 0.80625 0.63125 0.8 0.640625 0.7921875 0.6453125 0.790625 0.65 0.78125 0.659375 0.778125 0.6703125 0.775 0.6734375 0.76875 0.6671875 0.7609375 0.665625 0.746875 0.6546875 0.734375 0.65 0.7328125 0.646875 0.7171875 0.646875 0.7125 0.64375 0.71875 0.6109375 0.71875 0.596875 0.7203125 0.5953125 0.7265625 0.596875 0.7296875 0.603125 0.7390625 0.6078125 0.7390625 0.6109375 0.7484375 0.615625 0.7515625 0.6203125 0.7671875 0.6234375 0.7734375 0.61875 0.7828125 0.596875 0.7875 0.59375
4 0.8140625 0.4671875 0.8265625 0.4734375 0.8359375 0.4828125 0.8453125 0.51875 0.8453125 0.5328125 0.8421875 0.5375 0.840625 0.534375 0.8296875 0.53125 0.815625 0.5328125 0.796875 0.5515625 0.790625 0.5515625 0.7859375 0.5484375 0.7859375 0.5453125 0.771875 0.5296875 0.7703125 0.525 0.7640625 0.521875 0.7515625 0.509375 0.75 0.49375 0.7609375 0.4765625 0.7734375 0.46875 0.784375 0.465625 0.8125 0.4671875
4 0.6234375 0.4421875 0.6296875 0.440625 0.64375 0.4421875 0.6453125 0.4453125 0.65 0.4453125 0.659375 0.45 0.671875 0.4671875 0.6734375 0.475 0.6765625 0.478125 0.678125 0.49375 0.6765625 0.5375 0.671875 0.546875 0.6609375 0.559375 0.6453125 0.56875 0.61875 0.56875 0.6125 0.5625 0.5984375 0.5578125 0.590625 0.5453125 0.584375 0.5421875 0.5828125 0.5375 0.584375 0.48125 0.5875 0.471875 0.59375 0.465625 0.59375 0.4625 0.603125 0.4546875 0.6046875 0.45 0.6234375 0.44375
4 0.6828125 0.55 0.696875 0.55625 0.696875 0.5609375 0.715625 0.5875 0.7171875 0.5921875 0.715625 0.615625 0.7078125 0.6453125 0.703125 0.65 0.6921875 0.6546875 0.6796875 0.66875 0.6734375 0.68125 0.6703125 0.6828125 0.6578125 0.6828125 0.65 0.68125 0.6484375 0.678125 0.6390625 0.678125 0.625 0.6703125 0.615625 0.6609375 0.6125 0.646875 0.6046875 0.6328125 0.6046875 0.6265625 0.6015625 0.621875 0.6015625 0.6125 0.6046875 0.5875 0.6125 0.575 0.6171875 0.571875 0.64375 0.571875 0.653125 0.56875 0.65625 0.5640625 0.665625 0.559375 0.66875 0.553125 0.68125 0.55
4 0.83125 0.634375 0.8375 0.6390625 0.846875 0.653125 0.853125 0.665625 0.853125 0.671875 0.8640625 0.690625 0.8671875 0.71875 0.8625 0.7453125 0.85625 0.753125 0.84375 0.759375 0.840625 0.7640625 0.8328125 0.76875 0.8265625 0.7703125 0.825 0.7734375 0.81875 0.7734375 0.8171875 0.7703125 0.8046875 0.7640625 0.803125 0.759375 0.7953125 0.753125 0.7921875 0.7421875 0.7859375 0.7359375 0.778125 0.709375 0.778125 0.6828125 0.78125 0.6734375 0.78125 0.6640625 0.7921875 0.6515625 0.7921875 0.6484375 0.8109375 0.6328125 0.828125 0.6328125 0.8296875 0.634375
4 0.4796875 0.55625 0.4890625 0.5546875 0.503125 0.55625 0.4984375 0.5734375 0.5 0.61875 0.509375 0.6328125 0.51875 0.6390625 0.5203125 0.64375 0.53125 0.6546875 0.5390625 0.6578125 0.5375 0.6625 0.5265625 0.665625 0.515625 0.68125 0.509375 0.6859375 0.4953125 0.7125 0.490625 0.7125 0.4890625 0.709375 0.4703125 0.7015625 0.46875 0.696875 0.459375 0.6875 0.4515625 0.6640625 0.453125 0.6046875 0.4625 0.5734375 0.4671875 0.5703125 0.4703125 0.5625 0.4796875 0.5578125
4 0.70625 0.5046875 0.7328125 0.503125 0.7375 0.5078125 0.7546875 0.5140625 0.7765625 0.5359375 0.784375 0.55 0.790625 0.5546875 0.790625 0.5796875 0.7875 0.5890625 0.7796875 0.596875 0.7765625 0.6109375 0.7703125 0.6171875 0.7703125 0.6203125 0.753125 0.61875 0.71875 0.5890625 0.71875 0.5859375 0.7109375 0.578125 0.7078125 0.5703125 0.6984375 0.5578125 0.696875 0.55 0.6984375 0.5203125 0.703125 0.5078125 0.70625 0.50625
4 0.5828125 0.4359375 0.6015625 0.4421875 0.603125 0.45 0.5921875 0.4609375 0.5828125 0.4796875 0.5828125 0.4921875 0.5796875 0.5015625 0.5796875 0.5390625 0.58125 0.540625 0.5796875 0.546875 0.5734375 0.546875 0.571875 0.54375 0.5453125 0.5375 0.528125 0.5375 0.51875 0.540625 0.515625 0.5375 0.515625 0.525 0.5125 0.515625 0.5125 0.49375 0.5328125 0.453125 0.5375 0.453125 0.55 0.446875 0.55625 0.440625 0.5609375 0.440625 0.5703125 0.4359375 0.58125 0.4359375
4 0.6046875 0.659375 0.6140625 0.659375 0.6140625 0.6625 0.625 0.6734375 0.640625 0.6796875 0.6421875 0.6828125 0.665625 0.6859375 0.66875 0.6890625 0.665625 0.703125 0.6625 0.70625 0.6625 0.71875 0.665625 0.725 0.665625 0.7359375 0.66875 0.7421875 0.66875 0.7484375 0.6765625 0.7625 0.6765625 0.7796875 0.665625 0.790625 0.6640625 0.7953125 0.6453125 0.809375 0.6359375 0.8109375 0.63125 0.815625 0.625 0.8171875 0.60625 0.809375 0.6015625 0.8046875 0.6046875 0.7875 0.615625 0.76875 0.6171875 0.7546875 0.615625 0.7203125 0.6046875 0.70625 0.603125 0.6984375 0.5984375 0.6890625 0.59375 0.6859375 0.590625 0.678125 0.59375 0.66875 0.6046875 0.6609375
4 0.8140625 0.5359375 0.834375 0.534375 0.840625 0.5359375 0.84375 0.540625 0.8484375 0.5421875 0.8625 0.55625 0.8640625 0.5625 0.8734375 0.5734375 0.884375 0.6 0.884375 0.6296875 0.871875 0.6421875 0.853125 0.6546875 0.8484375 0.653125 0.840625 0.6390625 0.83125 0.63125 0.8125 0.6296875 0.8109375 0.6265625 0.8078125 0.6265625 0.796875 0.6109375 0.7921875 0.5984375 0.7921875 0.5796875 0.7953125 0.571875 0.7953125 0.55625 0.8140625 0.5375
4 0.734375 0.6515625 0.7484375 0.6578125 0.753125 0.6640625 0.7640625 0.66875 0.775 0.6796875 0.775 0.703125 0.7796875 0.71875 0.7796875 0.728125 0.790625 0.7453125 0.790625 0.765625 0.778125 0.7953125 0.76875 0.803125 0.7578125 0.8171875 0.75 0.8203125 0.728125 0.8203125 0.715625 0.815625 0.7140625 0.8125 0.7 0.8046875 0.69375 0.79375 0.684375 0.7859375 0.6796875 0.775 0.678125 0.759375 0.6703125 0.74375 0.665625 0.71875 0.6671875 0.7 0.671875 0.6953125 0.6734375 0.6875 0.678125 0.684375 0.6921875 0.659375 0.6984375 0.6546875 0.709375 0.6515625 0.7328125 0.6515625
4 0.5875 0.64375 0.5921875 0.640625 0.5953125 0.6265625 0.6 0.621875 0.603125 0.625 0.603125 0.6328125 0.6125 0.653125 0.6125 0.65625 0.6046875 0.6578125 0.5953125 0.665625 0.590625 0.665625 0.584375 0.6609375 0.5828125 0.6546875 0.584375 0.646875 0.5875 0.6453125
4 0.5484375 0.540625 0.56875 0.5453125 0.5703125 0.5484375 0.5828125 0.553125 0.596875 0.5734375 0.6 0.5859375 0.6 0.6046875 0.5921875 0.6375 0.5828125 0.646875 0.5828125 0.65 0.565625 0.6578125 0.540625 0.65625 0.53125 0.6515625 0.509375 0.6296875 0.5 0.6125 0.5 0.5734375 0.5046875 0.55625 0.515625 0.5453125 0.5203125 0.5453125 0.5265625 0.540625 0.546875 0.540625
4 0.5671875 0.6640625 0.571875 0.665625 0.5765625 0.671875 0.5890625 0.6796875 0.6015625 0.6984375 0.603125 0.70625 0.6078125 0.7109375 0.6140625 0.7234375 0.6140625 0.7390625 0.615625 0.740625 0.6140625 0.76875 0.603125 0.790625 0.5921875 0.8015625 0.5921875 0.8046875 0.5859375 0.809375 0.5828125 0.815625 0.55625 0.828125 0.5328125 0.828125 0.5109375 0.80625 0.509375 0.8 0.5 0.7875 0.5 0.7828125 0.490625 0.7640625 0.490625 0.7359375 0.503125 0.7 0.509375 0.69375 0.5109375 0.6875 0.521875 0.678125 0.521875 0.675 0.5296875 0.671875 0.53125 0.6671875 0.540625 0.665625 0.54375 0.6625 0.565625 0.6640625
4 0.6703125 0.4359375 0.675 0.4390625 0.6921875 0.4359375 0.7234375 0.4421875 0.725 0.4453125 0.73125 0.446875 0.7390625 0.453125 0.7390625 0.459375 0.746875 0.4765625 0.7484375 0.4984375 0.74375 0.50625 0.7390625 0.50625 0.7375 0.503125 0.7296875 0.5 0.7078125 0.5015625 0.703125 0.5046875 0.6984375 0.5109375 0.6921875 0.546875 0.684375 0.546875 0.6828125 0.54375 0.678125 0.54375 0.678125 0.528125 0.68125 0.515625 0.68125 0.496875 0.678125 0.4875 0.678125 0.4765625 0.6734375 0.4625 0.65625 0.4453125 0.65625 0.4390625 0.66875 0.4359375
56 0.1331521739130435 0.6777163904235728 0.14130434782608697 0.697974217311234 0.16168478260869565 0.707182320441989 0.19021739130434784 0.699815837937385 0.25815217391304346 0.6372007366482505 0.33695652173913043 0.5285451197053408 0.37364130434782605 0.48802946593001845 0.5244565217391304 0.3775322283609577 0.5597826086956521 0.3241252302025783 0.5855978260869565 0.30939226519337015 0.6222826086956521 0.3001841620626151 0.623641304347826 0.2928176795580111 0.6127717391304348 0.29097605893186007 0.6100543478260869 0.27624309392265195 0.592391304347826 0.2559852670349908 0.546195652173913 0.27255985267034993 0.5054347826086956 0.2430939226519337 0.48097826086956524 0.23572744014732966 0.41847826086956524 0.24493554327808473 0.33695652173913043 0.29097605893186007 0.2554347826086957 0.37569060773480667 0.20516304347826084 0.43830570902394117 0.18342391304347824 0.4751381215469614 0.15353260869565216 0.5488029465930019 0.13858695652173914 0.6298342541436465 0.1331521739130435 0.6777163904235728
56 0.13994565217391303 0.3646408839779006 0.13043478260869565 0.3701657458563536 0.11956521739130435 0.429097605893186 0.11141304347826086 0.44014732965009207 0.1263586956521739 0.4843462246777165 0.15353260869565216 0.48802946593001845 0.19293478260869565 0.45672191528545125 0.2391304347826087 0.39042357274401474 0.328804347826087 0.29097605893186007 0.389945652173913 0.24861878453038674 0.4442934782608695 0.23020257826887663 0.5 0.23204419889502764 0.5394021739130435 0.21915285451197059 0.592391304347826 0.2504604051565378 0.6154891304347826 0.27255985267034993 0.626358695652174 0.2965009208103131 0.6372282608695652 0.2928176795580111 0.6440217391304348 0.24861878453038674 0.6372282608695652 0.2154696132596685 0.6032608695652174 0.1988950276243094 0.5828804347826086 0.17863720073664827 0.5706521739130435 0.16022099447513813 0.5543478260869565 0.11049723756906078 0.5244565217391304 0.07182320441988951 0.46739130434782605 0.0423572744014733 0.38315217391304346 0.0423572744014733 0.32065217391304346 0.0699815837937385 0.21331521739130435 0.16206261510128914 0.21059782608695649 0.17863720073664827 0.18206521739130435 0.2154696132596685 0.15353260869565216 0.28729281767955805 0.15081521739130435 0.32044198895027626 0.13722826086956522 0.3406998158379374 0.13994565217391303 0.3646408839779006
56 0.07744565217391304 0.47697974217311234 0.08967391304347826 0.5009208103130756 0.11005434782608696 0.5046040515653776 0.12771739130434784 0.4825046040515654 0.12092391304347824 0.46040515653775327 0.12228260869565218 0.44383057090239414 0.13994565217391303 0.3959484346224678 0.14945652173913043 0.3241252302025783 0.17255434782608697 0.2596685082872928 0.2296195652173913 0.1565377532228361 0.22826086956521738 0.15101289134438306 0.1888586956521739 0.18047882136279927 0.13722826086956522 0.2375690607734807 0.10869565217391304 0.29097605893186007 0.09103260869565218 0.35174953959484345 0.07744565217391304 0.47697974217311234