4 0.90625 0.5671875 0.909375 0.5703125 0.9234375 0.5734375 0.9640625 0.5734375 0.9984375 0.565625 0.9984375 0.5828125 0.9921875 0.5828125 0.9875 0.5859375 0.9796875 0.5859375 0.959375 0.5921875 0.9375 0.5921875 0.9328125 0.5890625 0.9171875 0.5890625 0.896875 0.5828125 0.890625 0.5796875 0.890625 0.575 0.9 0.5671875 0.9046875 0.5671875
4 0.6484375 0.246875 0.6546875 0.24375 0.68125 0.246875 0.6921875 0.25 0.7015625 0.25625 0.7125 0.2671875 0.7171875 0.26875 0.725 0.278125 0.728125 0.284375 0.73125 0.303125 0.7390625 0.315625 0.7390625 0.33125 0.7359375 0.3421875 0.7328125 0.3453125 0.728125 0.3671875 0.70625 0.3921875 0.6859375 0.40625 0.678125 0.40625 0.675 0.4015625 0.6671875 0.3984375 0.665625 0.3953125 0.634375 0.3796875 0.615625 0.375 0.6140625 0.371875 0.59375 0.36875 0.5671875 0.359375 0.5640625 0.35625 0.5828125 0.3390625 0.584375 0.334375 0.590625 0.3328125 0.596875 0.3234375 0.6359375 0.284375 0.646875 0.2625 0.6484375 0.2484375
4 0.728125 0.6515625 0.73125 0.6546875 0.7296875 0.6578125 0.7171875 0.6703125 0.7109375 0.6734375 0.70625 0.6796875 0.690625 0.690625 0.6859375 0.696875 0.6796875 0.7 0.6578125 0.7203125 0.6453125 0.728125 0.6421875 0.734375 0.6421875 0.740625 0.6578125 0.7625 0.6890625 0.78125 0.696875 0.784375 0.715625 0.7859375 0.71875 0.7890625 0.7265625 0.7890625 0.73125 0.7921875 0.74375 0.7921875 0.75 0.7953125 0.7796875 0.7953125 0.7859375 0.796875 0.7859375 0.8 0.778125 0.80625 0.765625 0.8109375 0.740625 0.8109375 0.734375 0.8140625 0.7046875 0.8171875 0.6828125 0.8234375 0.6609375 0.821875 0.65 0.8171875 0.6390625 0.815625 0.61875 0.80625 0.6078125 0.79375 0.6 0.7875 0.596875 0.7875 0.5859375 0.7765625 0.578125 0.7625 0.5765625 0.746875 0.5875 0.7390625 0.6 0.7375 0.621875 0.728125 0.634375 0.71875 0.653125 0.6984375 0.6640625 0.678125 0.6703125 0.6609375 0.7125 0.6515625 0.7265625 0.6515625
4 0.5625 0.3625 0.5828125 0.3671875 0.5984375 0.3734375 0.6078125 0.3734375 0.6234375 0.3796875 0.634375 0.38125 0.6359375 0.384375 0.6625 0.396875 0.68125 0.4109375 0.6875 0.4234375 0.6859375 0.440625 0.6765625 0.45625 0.6671875 0.4796875 0.6578125 0.484375 0.6390625 0.484375 0.61875 0.471875 0.6046875 0.46875 0.5828125 0.46875 0.565625 0.465625 0.5609375 0.4625 0.540625 0.459375 0.5296875 0.453125 0.5203125 0.4515625 0.471875 0.453125 0.4609375 0.4515625 0.4515625 0.44375 0.4515625 0.4390625 0.459375 0.43125 0.465625 0.4296875 0.4734375 0.4234375 0.5125 0.3828125 0.5203125 0.3796875 0.521875 0.3765625 0.525 0.3765625 0.5421875 0.3640625 0.5609375 0.3625
4 0.7890625 0.621875 0.7953125 0.625 0.80625 0.625 0.81875 0.628125 0.8328125 0.6359375 0.8359375 0.640625 0.8390625 0.640625 0.84375 0.6453125 0.853125 0.6484375 0.8640625 0.6578125 0.8734375 0.675 0.8796875 0.6953125 0.8765625 0.725 0.86875 0.7515625 0.8625 0.759375 0.85625 0.7625 0.8546875 0.759375 0.859375 0.73125 0.8546875 0.71875 0.8515625 0.6984375 0.840625 0.678125 0.8234375 0.6625 0.8203125 0.65625 0.8015625 0.6421875 0.7765625 0.6328125 0.76875 0.6328125 0.7609375 0.6359375 0.759375 0.6390625 0.75 0.64375 0.7390625 0.653125 0.734375 0.653125 0.73125 0.6484375 0.740625 0.6375 0.74375 0.6375 0.7546875 0.625 0.7609375 0.621875 0.7875 0.621875
4 0.9375 0.30625 0.9453125 0.3015625 0.946875 0.28125 0.9484375 0.2734375 0.9546875 0.265625 0.9546875 0.2546875 0.95 0.240625 0.9375 0.21875 0.9375 0.2140625 0.9265625 0.2078125 0.9125 0.2046875 0.90625 0.2015625 0.903125 0.196875 0.9234375 0.1890625 0.94375 0.1890625 0.9484375 0.1859375 0.96875 0.1859375 0.9984375 0.19375 0.9984375 0.35 0.975 0.3625 0.95625 0.365625 0.9265625 0.365625 0.91875 0.3625 0.9 0.3625 0.8828125 0.35625 0.8796875 0.353125 0.8828125 0.35 0.9015625 0.340625 0.9171875 0.3234375 0.9375 0.3078125
4 0.6921875 0.484375 0.703125 0.4875 0.7109375 0.49375 0.715625 0.49375 0.7390625 0.5078125 0.74375 0.5203125 0.75625 0.534375 0.7640625 0.553125 0.765625 0.5890625 0.759375 0.6015625 0.75625 0.61875 0.7515625 0.621875 0.74375 0.6328125 0.7171875 0.6484375 0.7 0.65 0.6828125 0.6546875 0.671875 0.6546875 0.6671875 0.628125 0.65625 0.6203125 0.65625 0.6140625 0.6625 0.603125 0.6671875 0.5859375 0.6671875 0.5515625 0.6609375 0.53125 0.65625 0.5234375 0.65625 0.51875 0.64375 0.4953125 0.64375 0.490625 0.678125 0.484375 0.68125 0.4859375 0.690625 0.484375
4 0.875 0.1875 0.8953125 0.19375 0.90625 0.203125 0.9265625 0.209375 0.928125 0.2125 0.9328125 0.2125 0.946875 0.2390625 0.9515625 0.2546875 0.9515625 0.265625 0.9453125 0.2765625 0.9421875 0.3 0.9265625 0.315625 0.9203125 0.31875 0.9046875 0.3359375 0.8796875 0.3484375 0.8734375 0.35625 0.8625 0.35625 0.8421875 0.3625 0.8046875 0.3625 0.7875 0.359375 0.784375 0.35625 0.7921875 0.346875 0.8 0.34375 0.809375 0.3359375 0.8125 0.328125 0.8234375 0.315625 0.828125 0.296875 0.834375 0.284375 0.834375 0.2625 0.828125 0.2515625 0.828125 0.2421875 0.8234375 0.234375 0.8234375 0.2296875 0.8046875 0.215625 0.7984375 0.2078125 0.79375 0.2046875 0.7796875 0.2015625 0.778125 0.196875 0.7828125 0.190625 0.796875 0.1828125 0.8421875 0.18125 0.84375 0.1828125 0.859375 0.1828125 0.8734375 0.1875
4 0.3875 0.490625 0.415625 0.5046875 0.434375 0.5203125 0.440625 0.5296875 0.440625 0.534375 0.4359375 0.5421875 0.4234375 0.546875 0.4109375 0.5484375 0.390625 0.546875 0.384375 0.55 0.375 0.55 0.3625 0.553125 0.3359375 0.565625 0.3265625 0.565625 0.31875 0.559375 0.31875 0.55625 0.328125 0.55 0.340625 0.546875 0.353125 0.5375 0.3609375 0.5296875 0.3671875 0.5171875 0.375 0.5078125 0.375 0.5015625 0.378125 0.496875 0.3859375 0.490625
4 0.396875 0.55 0.4125 0.5546875 0.4203125 0.5609375 0.4234375 0.5609375 0.44375 0.58125 0.4515625 0.609375 0.45625 0.61875 0.465625 0.628125 0.4703125 0.640625 0.4625 0.64375 0.4515625 0.64375 0.440625 0.6484375 0.4359375 0.6546875 0.4375 0.675 0.4234375 0.6859375 0.41875 0.6859375 0.40625 0.69375 0.4046875 0.696875 0.378125 0.7140625 0.3625 0.7125 0.365625 0.7015625 0.365625 0.6796875 0.3671875 0.678125 0.365625 0.6609375 0.3515625 0.6265625 0.35 0.6125 0.34375 0.6 0.3265625 0.58125 0.3265625 0.578125 0.334375 0.5703125 0.3625 0.5546875 0.3953125 0.55
4 0.6265625 0.48125 0.6328125 0.484375 0.6421875 0.49375 0.6421875 0.4984375 0.6546875 0.5203125 0.6640625 0.5484375 0.665625 0.5828125 0.659375 0.60625 0.653125 0.61875 0.6453125 0.6234375 0.634375 0.6234375 0.603125 0.6296875 0.584375 0.6296875 0.5625 0.634375 0.5390625 0.634375 0.534375 0.6328125 0.5296875 0.6265625 0.53125 0.6171875 0.5484375 0.6109375 0.5609375 0.6 0.5703125 0.5796875 0.5703125 0.5734375 0.5734375 0.5671875 0.5734375 0.5359375 0.5625 0.50625 0.559375 0.490625 0.553125 0.4796875 0.5578125 0.4765625 0.56875 0.4765625 0.575 0.4734375 0.6046875 0.471875 0.615625 0.4734375 0.621875 0.4765625 0.625 0.48125
4 0.946875 0.409375 0.9546875 0.4109375 0.965625 0.4171875 0.99375 0.4171875 0.9984375 0.4203125 0.9984375 0.5625 0.9953125 0.565625 0.984375 0.56875 0.9734375 0.56875 0.9640625 0.571875 0.9234375 0.571875 0.90625 0.565625 0.90625 0.559375 0.9109375 0.55 0.909375 0.5359375 0.9140625 0.5125 0.9 0.496875 0.896875 0.484375 0.890625 0.4765625 0.8796875 0.471875 0.8640625 0.459375 0.8390625 0.4515625 0.828125 0.4453125 0.8265625 0.4421875 0.83125 0.43125 0.8359375 0.4265625 0.8546875 0.4171875 0.86875 0.4140625 0.884375 0.4140625 0.890625 0.4109375 0.9046875 0.4109375 0.9109375 0.4078125 0.9453125 0.409375
4 0.53125 0.4578125 0.5390625 0.4640625 0.5421875 0.471875 0.5515625 0.4796875 0.5609375 0.5 0.5609375 0.50625 0.56875 0.5265625 0.571875 0.54375 0.571875 0.5609375 0.56875 0.5765625 0.5609375 0.5921875 0.5609375 0.596875 0.55625 0.603125 0.546875 0.609375 0.5203125 0.61875 0.4796875 0.625 0.46875 0.6234375 0.459375 0.6171875 0.4515625 0.6 0.4484375 0.5828125 0.4375 0.5625 0.4375 0.54375 0.4453125 0.5328125 0.44375 0.528125 0.4375 0.521875 0.43125 0.50625 0.4328125 0.4765625 0.4375 0.4671875 0.471875 0.4609375 0.4765625 0.4578125 0.4875 0.4578125 0.496875 0.4546875 0.5265625 0.4546875 0.5296875 0.4578125
4 0.728125 0.4359375 0.7296875 0.4375 0.734375 0.4359375 0.7359375 0.4375 0.7453125 0.4359375 0.790625 0.4375 0.8296875 0.446875 0.834375 0.4515625 0.859375 0.459375 0.875 0.475 0.8875 0.4765625 0.8921875 0.48125 0.8984375 0.4984375 0.909375 0.5109375 0.909375 0.521875 0.90625 0.5296875 0.9078125 0.5515625 0.9046875 0.5609375 0.890625 0.5703125 0.8828125 0.58125 0.8703125 0.5890625 0.865625 0.5890625 0.8640625 0.5921875 0.8375 0.596875 0.821875 0.603125 0.8140625 0.603125 0.8109375 0.60625 0.784375 0.609375 0.7796875 0.6125 0.7703125 0.6125 0.7609375 0.6078125 0.7609375 0.6015625 0.76875 0.5859375 0.765625 0.5515625 0.7578125 0.53125 0.753125 0.5265625 0.75 0.5265625 0.740625 0.50625 0.70625 0.4859375 0.6921875 0.48125 0.678125 0.48125 0.675 0.478125 0.678125 0.4625 0.6890625 0.4484375 0.7109375 0.4375 0.7265625 0.4359375
4 0.7625 0.203125 0.7765625 0.203125 0.7921875 0.20625 0.7984375 0.209375 0.8078125 0.2203125 0.821875 0.23125 0.821875 0.2359375 0.8265625 0.2453125 0.8265625 0.2546875 0.8328125 0.2671875 0.8328125 0.2796875 0.821875 0.3140625 0.8109375 0.328125 0.8109375 0.33125 0.7984375 0.3421875 0.7953125 0.3421875 0.7828125 0.3546875 0.775 0.35625 0.759375 0.365625 0.7296875 0.3671875 0.7296875 0.359375 0.740625 0.3328125 0.740625 0.3140625 0.7328125 0.3015625 0.7296875 0.28125 0.7265625 0.2765625 0.696875 0.25 0.671875 0.2421875 0.665625 0.2375 0.6671875 0.234375 0.678125 0.2296875 0.7015625 0.2296875 0.70625 0.2265625 0.71875 0.2265625 0.725 0.2234375 0.7375 0.2234375 0.75 0.2203125 0.7625 0.2046875
29 0.4442934782608695 0.2161060142711519 0.46059782608695654 0.2324159021406728 0.5394021739130435 0.236493374108053 0.5828804347826086 0.24464831804281348 0.6290760869565217 0.24362895005096843 0.6725543478260869 0.2273190621814475 0.6929347826086956 0.2273190621814475 0.7445652173913043 0.218144750254842 0.7839673913043478 0.1671763506625892 0.7853260869565217 0.14780835881753313 0.7758152173913043 0.12640163098878696 0.7282608695652174 0.09785932721712538 0.6535326086956521 0.09480122324159021 0.6154891304347826 0.09887869520897044 0.5394021739130435 0.13965341488277266 0.48369565217391297 0.14984709480122324 0.45244565217391297 0.14984709480122324 0.43614130434782605 0.15902140672782877 0.4442934782608695 0.2161060142711519
29 0.3192934782608695 0.10091743119266054 0.33152173913043476 0.1162079510703364 0.39266304347826086 0.13965341488277266 0.40353260869565216 0.14780835881753313 0.5339673913043479 0.13761467889908258 0.654891304347826 0.07543323139653416 0.6793478260869565 0.05402650356778797 0.6671195652173914 0.045871559633027525 0.6508152173913043 0.04383282364933741 0.6195652173913043 0.04892966360856269 0.5625 0.045871559633027525 0.4796195652173913 0.022426095820591234 0.46739130434782605 0.011213047910295617 0.4646739130434782 0 0.34103260869565216 0 0.3247282608695652 0.021406727828746176 0.3192934782608695 0.10091743119266054
29 0.23369565217391303 0.3608562691131499 0.25 0.39857288481141695 0.3192934782608695 0.3843017329255861 0.36141304347826086 0.38634046890927626 0.3804347826086957 0.3934760448521917 0.39266304347826086 0.40366972477064217 0.3980978260869565 0.4209989806320082 0.3967391304347826 0.4475025484199796 0.3980978260869565 0.4525993883792049 0.40489130434782605 0.45361875637105 0.4279891304347826 0.4475025484199796 0.4483695652173913 0.436289500509684 0.48369565217391297 0.40876656472986744 0.5095108695652174 0.38022426095820594 0.5258152173913043 0.34454638124362896 0.5285326086956521 0.31396534148827726 0.5108695652173914 0.2507645259938838 0.40489130434782605 0.20693170234454641 0.389945652173913 0.20489296636085624 0.34239130434782605 0.2161060142711519 0.30027173913043476 0.23343527013251783 0.2839673913043478 0.24464831804281348 0.2595108695652174 0.27420998980632005 0.23369565217391303 0.32415902140672787 0.23369565217391303 0.3608562691131499
29 0.03260869565217391 0.381243628950051 0.09375 0.39653414882772686 0.10869565217391304 0.4250764525993884 0.11141304347826086 0.4413863404689093 0.11820652173913042 0.4454638124362895 0.1480978260869565 0.4393476044852192 0.19293478260869565 0.4444444444444445 0.21331521739130435 0.42201834862385323 0.24456521739130435 0.40061162079510704 0.23505434782608697 0.37716615698267075 0.20652173913043476 0.33537206931702346 0.18478260869565216 0.3058103975535168 0.1644021739130435 0.290519877675841 0.11956521739130435 0.290519877675841 0.06657608695652174 0.3129459734964322 0.057065217391304345 0.3211009174311927 0.033967391304347824 0.3690112130479103 0.03260869565217391 0.381243628950051
29 0.028532608695652172 0.25993883792048933 0.07472826086956522 0.290519877675841 0.09375 0.29663608562691135 0.11820652173913042 0.28746177370030584 0.15625 0.2864424057084608 0.18342391304347824 0.29867482161060144 0.2078804347826087 0.2976554536187564 0.22690217391304346 0.2915392456676861 0.24320652173913043 0.2803261977573904 0.25135869565217395 0.2691131498470948 0.30570652173913043 0.22629969418960244 0.31657608695652173 0.1559633027522936 0.28125 0.10091743119266054 0.24320652173913043 0.06625891946992865 0.14945652173913043 0.06320081549439348 0.09918478260869565 0.09480122324159021 0.05163043478260869 0.13353720693170235 0.04755434782608696 0.15800203873598367 0.025815217391304345 0.20285423037716616 0.028532608695652172 0.25993883792048933
29 0.2921195652173913 0.1162079510703364 0.3192934782608695 0.15698267074413863 0.3125 0.22426095820591235 0.327445652173913 0.22018348623853212 0.34103260869565216 0.20183486238532108 0.35190217391304346 0.19673802242609584 0.375 0.20489296636085624 0.3980978260869565 0.20183486238532108 0.4279891304347826 0.21508664627930685 0.43885869565217395 0.21508664627930685 0.4334239130434782 0.1508664627930683 0.3967391304347826 0.1488277268093782 0.3845108695652174 0.14067278287461776 0.3464673913043478 0.12742099898063203 0.328804347826087 0.11722731906218145 0.31385869565217395 0.09887869520897044 0.2921195652173913 0.10805300713557595 0.2921195652173913 0.1162079510703364
29 0.5190217391304348 0.25993883792048933 0.529891304347826 0.30784913353720694 0.529891304347826 0.3363914373088685 0.5217391304347826 0.37104994903160043 0.5529891304347826 0.3577981651376147 0.6059782608695652 0.3119266055045872 0.6331521739130435 0.2813455657492355 0.6413043478260869 0.24974515800203875 0.638586956521739 0.24566768603465855 0.577445652173913 0.24566768603465855 0.5230978260869565 0.23751274209989806 0.501358695652174 0.23955147808358818 0.5190217391304348 0.25993883792048933
52 0.6440217391304348 0.7410805300713558 0.6630434782608695 0.7655453618756372 0.6902173913043479 0.7798165137614679 0.7540760869565217 0.7940876656472987 0.7853260869565217 0.7951070336391438 0.8084239130434783 0.7910295616717635 0.8383152173913043 0.7777777777777778 0.8546195652173912 0.7594291539245668 0.857336956521739 0.7288481141692151 0.8505434782608695 0.6982670744138634 0.8383152173913043 0.6768603465851173 0.8029891304347826 0.6452599388379205 0.7758152173913043 0.6340468909276249 0.7567934782608695 0.6401630988786953 0.6440217391304348 0.7319062181447503 0.6440217391304348 0.7410805300713558
52 0.43885869565217395 0.6585117227319063 0.44565217391304346 0.6860346585117227 0.4728260869565217 0.7217125382262998 0.5163043478260869 0.7431192660550459 0.5543478260869565 0.7471967380224261 0.6154891304347826 0.72782874617737 0.6358695652173914 0.7135575942915393 0.6589673913043479 0.6799184505606524 0.6671195652173914 0.6401630988786953 0.6589673913043479 0.6258919469928644 0.6413043478260869 0.6258919469928644 0.4619565217391305 0.6452599388379205 0.4429347826086956 0.6503567787971458 0.43885869565217395 0.6585117227319063
52 0.6317934782608695 0.8419979612640164 0.6671195652173914 0.891946992864424 0.7119565217391304 0.9143730886850154 0.7350543478260869 0.9153924566768603 0.7554347826086956 0.9041794087665649 0.7989130434782609 0.9011213047910296 0.8315217391304348 0.8848114169215087 0.8410326086956521 0.873598369011213 0.8505434782608695 0.8481141692150868 0.8546195652173912 0.8124362895005097 0.8505434782608695 0.8063200815494393 0.8002717391304348 0.8073394495412843 0.7160326086956521 0.8175331294597349 0.6358695652173914 0.8348623853211009 0.6317934782608695 0.8419979612640164
52 0.43478260869565216 0.8878695208970437 0.4415760869565217 0.8980632008154945 0.48777173913043476 0.9255861365953109 0.5652173913043479 0.9582059123343527 0.5815217391304348 0.9826707441386342 0.5869565217391304 0.9836901121304791 0.6059782608695652 0.9724770642201837 0.6168478260869565 0.9765545361875638 0.6494565217391304 0.9755351681957187 0.6630434782608695 0.9378185524974516 0.6603260869565217 0.8929663608562691 0.6331521739130435 0.855249745158002 0.6019021739130435 0.8348623853211009 0.5733695652173914 0.8267074413863404 0.5353260869565217 0.8267074413863404 0.4932065217391304 0.8328236493374108 0.4578804347826087 0.854230377166157 0.43885869565217395 0.8756371049949031 0.43478260869565216 0.8878695208970437
52 0.3777173913043478 0.9296636085626911 0.38315217391304346 0.9622833843017329 0.389945652173913 0.9796126401630989 0.4171195652173913 0.998980632008155 0.5720108695652174 0.998980632008155 0.5747282608695652 0.9826707441386342 0.5652173913043479 0.9622833843017329 0.48097826086956524 0.9235474006116208 0.42934782608695654 0.891946992864424 0.39266304347826086 0.8848114169215087 0.38315217391304346 0.9082568807339451 0.3777173913043478 0.9296636085626911
52 0.30978260869565216 0.8613659531090724 0.3233695652173913 0.9001019367991846 0.37228260869565216 0.9785932721712539 0.3872282608695652 0.9836901121304791 0.37364130434782605 0.9367991845056066 0.3817934782608695 0.9011213047910296 0.39402173913043476 0.8786952089704384 0.4279891304347826 0.8868501529051989 0.4429347826086956 0.8634046890927625 0.4904891304347826 0.8297655453618757 0.4904891304347826 0.8246687054026504 0.41847826086956524 0.8205912334352702 0.3546195652173913 0.8083588175331295 0.3383152173913043 0.8144750254841998 0.3125 0.836901121304791 0.30978260869565216 0.8613659531090724
52 0.34375 0.7889908256880734 0.36141304347826086 0.8053007135575942 0.4103260869565217 0.8175331294597349 0.4646739130434782 0.8236493374108054 0.48369565217391297 0.8216106014271153 0.5054347826086956 0.8073394495412843 0.5285326086956521 0.7737003058103975 0.5230978260869565 0.7471967380224261 0.4741847826086956 0.724770642201835 0.44021739130434784 0.6799184505606524 0.41440217391304346 0.6901121304791029 0.375 0.7196738022426097 0.34782608695652173 0.7584097859327217 0.34375 0.7889908256880734
52 0.08695652173913043 0.653414882772681 0.09918478260869565 0.6676860346585117 0.297554347826087 0.7492354740061162 0.32065217391304346 0.7482161060142711 0.34103260869565216 0.7349643221202855 0.3559782608695652 0.7166156982670745 0.3641304347826087 0.6829765545361876 0.36277173913043476 0.6625891946992865 0.3464673913043478 0.6126401630988787 0.3233695652173913 0.5830784913353722 0.28940217391304346 0.5647298674821611 0.25815217391304346 0.563710499490316 0.15353260869565216 0.5871559633027523 0.10869565217391304 0.6126401630988787 0.08559782608695651 0.6411824668705404 0.08695652173913043 0.653414882772681
52 0.19429347826086957 0.4801223241590214 0.20923913043478262 0.5045871559633028 0.22826086956521738 0.5178389398572885 0.27717391304347827 0.5341488277268094 0.3029891304347826 0.5494393476044852 0.32065217391304346 0.5524974515800204 0.3559782608695652 0.5310907237512742 0.37092391304347827 0.5096839959225281 0.39402173913043476 0.4525993883792049 0.3953804347826087 0.41997961264016315 0.38858695652173914 0.4026503567787971 0.375 0.3934760448521917 0.35190217391304346 0.38634046890927626 0.31114130434782605 0.3873598369011213 0.2391304347826087 0.4077471967380224 0.21059782608695649 0.4271151885830785 0.1956521739130435 0.4475025484199796 0.19429347826086957 0.4801223241590214
52 0.021739130434782608 0.8032619775739042 0.03804347826086956 0.8644240570846076 0.05027173913043478 0.8827726809378186 0.06114130434782609 0.891946992864424 0.08016304347826086 0.8970438328236494 0.10326086956521738 0.8980632008154945 0.12907608695652173 0.8929663608562691 0.1576086956521739 0.8746177370030581 0.20516304347826084 0.8226299694189603 0.20923913043478262 0.7838939857288482 0.19972826086956522 0.764525993883792 0.1779891304347826 0.7584097859327217 0.06114130434782609 0.7471967380224261 0.03532608695652174 0.7614678899082569 0.02717391304347826 0.7716615698267074 0.021739130434782608 0.8032619775739042
52 0.014945652173913044 0.6992864424057085 0.028532608695652172 0.72579001019368 0.04483695652173913 0.7380224260958206 0.07065217391304349 0.7471967380224261 0.18206521739130435 0.7553516819571866 0.20923913043478262 0.744138634046891 0.22010869565217392 0.724770642201835 0.21467391304347827 0.7166156982670745 0.19429347826086957 0.7064220183486238 0.09510869565217392 0.6676860346585117 0.07880434782608695 0.6432212028542305 0.03532608695652174 0.6595310907237513 0.014945652173913044 0.6819571865443426 0.014945652173913044 0.6992864424057085
52 0.08423913043478261 0.5545361875637105 0.08559782608695651 0.5667686034658512 0.10326086956521738 0.5881753312945974 0.12228260869565218 0.601427115188583 0.16304347826086957 0.582059123343527 0.20380434782608697 0.5708460754332314 0.2608695652173913 0.561671763506626 0.28260869565217395 0.5606523955147809 0.31657608695652173 0.5759429153924567 0.3220108695652174 0.5718654434250765 0.31657608695652173 0.5596330275229359 0.28532608695652173 0.5402650356778798 0.20380434782608697 0.5137614678899083 0.17527173913043476 0.5127420998980632 0.13179347826086957 0.5198776758409787 0.11413043478260869 0.5259938837920489 0.09375 0.5402650356778798 0.08423913043478261 0.5545361875637105
52 0.00951086956521739 0.6340468909276249 0.03668478260869565 0.654434250764526 0.08423913043478261 0.6381243628950052 0.11684782608695651 0.6034658511722732 0.08967391304347826 0.5749235474006117 0.08152173913043478 0.5555555555555556 0.08831521739130435 0.5433231396534148 0.08288043478260869 0.5412844036697247 0.05298913043478261 0.5545361875637105 0.006793478260869565 0.5953109072375128 0.00951086956521739 0.6340468909276249
52 0.0733695652173913 0.5107033639143731 0.07744565217391304 0.5188583078491336 0.09782608695652174 0.5321100917431193 0.14266304347826086 0.5158002038735984 0.19157608695652173 0.5096839959225281 0.18614130434782608 0.4882772680937819 0.19293478260869565 0.44954128440366975 0.1671195652173913 0.44240570846075433 0.125 0.4475025484199796 0.08695652173913043 0.4678899082568807 0.07608695652173912 0.4852191641182467 0.0733695652173913 0.5107033639143731
52 0 0.5331294597349643 0.01902173913043478 0.5341488277268094 0.05298913043478261 0.527013251783894 0.06657608695652174 0.5188583078491336 0.0733695652173913 0.48114169215086644 0.08288043478260869 0.46687054026503566 0.10733695652173914 0.4505606523955148 0.10869565217391304 0.4322120285423038 0.08831521739130435 0.39551478083588176 0.03940217391304347 0.3853211009174312 0.002717391304347826 0.3893985728848114 0 0.5331294597349643
52 0.21467391304347827 0.7614678899082569 0.24048913043478262 0.8175331294597349 0.25407608695652173 0.8246687054026504 0.2934782608695652 0.8307849133537207 0.32608695652173914 0.8165137614678899 0.34375 0.8002038735983691 0.33967391304347827 0.7879714576962285 0.34239130434782605 0.7665647298674821 0.3654891304347826 0.7237512742099899 0.3546195652173913 0.7217125382262998 0.3355978260869565 0.7410805300713558 0.30570652173913043 0.7522935779816514 0.23369565217391303 0.724770642201835 0.22418478260869565 0.7288481141692151 0.21467391304347827 0.746177370030581 0.21467391304347827 0.7614678899082569