1 0.3453125 0.35 0.35625 0.3390625 0.3625 0.3375 0.3796875 0.3265625 0.390625 0.3265625 0.3921875 0.334375 0.384375 0.3390625 0.3828125 0.3453125 0.353125 0.375 0.3390625 0.3921875 0.328125 0.3984375 0.3234375 0.3984375 0.31875 0.4046875 0.3046875 0.4125 0.2875 0.428125 0.2828125 0.4296875 0.278125 0.4359375 0.2671875 0.4421875 0.259375 0.4515625 0.2546875 0.453125 0.253125 0.45625 0.221875 0.478125 0.2078125 0.4921875 0.2 0.4953125 0.1859375 0.509375 0.1859375 0.5125 0.1671875 0.528125 0.165625 0.5328125 0.159375 0.5359375 0.1515625 0.5453125 0.146875 0.546875 0.1390625 0.55625 0.125 0.565625 0.103125 0.5875 0.1015625 0.5921875 0.0921875 0.6 0.0921875 0.603125 0.0859375 0.60625 0.065625 0.6265625 0.053125 0.6265625 0.0515625 0.6234375 0.0453125 0.6234375 0.03125 0.6140625 0.03125 0.603125 0.0484375 0.590625 0.0671875 0.571875 0.071875 0.5703125 0.1296875 0.5140625 0.1453125 0.5046875 0.153125 0.4921875 0.171875 0.4734375 0.1875 0.4609375 0.2015625 0.4546875 0.21875 0.4390625 0.2234375 0.43125 0.2390625 0.4265625 0.240625 0.421875 0.253125 0.4109375 0.25625 0.4109375 0.2609375 0.40625 0.2796875 0.396875 0.28125 0.39375 0.3015625 0.3796875 0.315625 0.3703125 0.31875 0.3703125 0.325 0.3640625 0.334375 0.3609375 0.3453125 0.3515625
1 0.1546875 0.5515625 0.15625 0.5546875 0.153125 0.55625 0.1546875 0.5578125 0.153125 0.5921875 0.1234375 0.6515625 0.1234375 0.6625 0.1140625 0.6796875 0.1109375 0.69375 0.1078125 0.696875 0.103125 0.7109375 0.103125 0.7265625 0.0921875 0.7453125 0.0890625 0.7640625 0.078125 0.7875 0.0703125 0.796875 0.0578125 0.80625 0.0515625 0.80625 0.0515625 0.7953125 0.053125 0.7875 0.0625 0.7734375 0.0640625 0.759375 0.0625 0.7578125 0.0625 0.7390625 0.065625 0.7328125 0.0671875 0.715625 0.0796875 0.6984375 0.0859375 0.66875 0.0984375 0.6515625 0.1046875 0.634375 0.1046875 0.628125 0.115625 0.609375 0.115625 0.6046875 0.125 0.5859375 0.140625 0.5609375 0.1453125 0.5609375 0.15 0.55625 0.1484375 0.5546875 0.153125 0.5515625
1 0.4171875 0.4390625 0.4265625 0.4359375 0.4265625 0.446875 0.415625 0.4640625 0.4125 0.4765625 0.4046875 0.490625 0.4046875 0.4984375 0.4015625 0.5015625 0.3984375 0.5140625 0.3984375 0.5234375 0.3921875 0.546875 0.390625 0.5640625 0.384375 0.58125 0.3828125 0.596875 0.3640625 0.615625 0.3515625 0.615625 0.3515625 0.6078125 0.3546875 0.603125 0.3546875 0.590625 0.365625 0.5625 0.365625 0.5484375 0.36875 0.5421875 0.36875 0.528125 0.371875 0.51875 0.3703125 0.515625 0.375 0.49375 0.396875 0.4578125 0.4171875 0.440625
1 0.515625 0.328125 0.5203125 0.33125 0.5203125 0.3359375 0.515625 0.3421875 0.5109375 0.3421875 0.509375 0.3453125 0.503125 0.3453125 0.496875 0.3515625 0.4875 0.35625 0.4828125 0.35625 0.46875 0.3640625 0.453125 0.3796875 0.45 0.3796875 0.4453125 0.384375 0.4296875 0.3921875 0.403125 0.41875 0.396875 0.421875 0.384375 0.4359375 0.38125 0.4359375 0.359375 0.459375 0.328125 0.475 0.321875 0.4828125 0.3125 0.4890625 0.284375 0.5171875 0.271875 0.53125 0.2703125 0.5359375 0.2671875 0.5359375 0.2625 0.540625 0.2578125 0.55 0.23125 0.575 0.225 0.5859375 0.2171875 0.59375 0.2171875 0.596875 0.209375 0.6046875 0.20625 0.6125 0.196875 0.621875 0.196875 0.625 0.1890625 0.6296875 0.165625 0.615625 0.1640625 0.609375 0.1671875 0.6015625 0.178125 0.590625 0.178125 0.5875 0.1875 0.5796875 0.1875 0.575 0.20625 0.553125 0.2203125 0.53125 0.2296875 0.5234375 0.25 0.4984375 0.259375 0.49375 0.28125 0.4734375 0.3078125 0.4546875 0.3234375 0.446875 0.3359375 0.44375 0.3375 0.440625 0.3484375 0.434375 0.3546875 0.428125 0.365625 0.4109375 0.365625 0.4078125 0.3703125 0.40625 0.3859375 0.390625 0.390625 0.38125 0.4 0.3765625 0.4046875 0.3765625 0.434375 0.3609375 0.4609375 0.340625 0.465625 0.340625 0.4671875 0.3375 0.4859375 0.3328125 0.4984375 0.3265625 0.5140625 0.328125
1 0.2796875 0.540625 0.2796875 0.615625 0.275 0.621875 0.2703125 0.6375 0.26875 0.65 0.2703125 0.6625 0.2671875 0.678125 0.259375 0.690625 0.2375 0.7125 0.2203125 0.7203125 0.2078125 0.7328125 0.196875 0.7375 0.190625 0.734375 0.190625 0.728125 0.228125 0.6828125 0.2296875 0.678125 0.240625 0.665625 0.240625 0.6609375 0.24375 0.65625 0.2515625 0.6234375 0.2546875 0.5609375 0.2609375 0.553125 0.2609375 0.5484375 0.265625 0.54375 0.2703125 0.540625 0.278125 0.540625
1 0.3171875 0.4875 0.328125 0.478125 0.3375 0.4734375 0.3453125 0.471875 0.3484375 0.4765625 0.3421875 0.4859375 0.3390625 0.496875 0.3265625 0.5140625 0.325 0.521875 0.321875 0.525 0.321875 0.5328125 0.3109375 0.553125 0.3109375 0.5609375 0.3 0.5859375 0.290625 0.5953125 0.290625 0.6 0.2859375 0.60625 0.2828125 0.60625 0.28125 0.6015625 0.28125 0.5640625 0.284375 0.5515625 0.2859375 0.5234375 0.2921875 0.515625 0.2921875 0.5125 0.3171875 0.4890625
1 0.4375 0.278125 0.44375 0.284375 0.4421875 0.2984375 0.4375 0.3046875 0.4296875 0.309375 0.4140625 0.3125 0.4078125 0.3171875 0.3984375 0.315625 0.396875 0.31875 0.4 0.3203125 0.3953125 0.3265625 0.3953125 0.3328125 0.3921875 0.3375 0.3796875 0.35 0.375 0.3515625 0.3765625 0.34375 0.384375 0.3390625 0.38125 0.3328125 0.3765625 0.3359375 0.371875 0.3421875 0.3703125 0.359375 0.34375 0.384375 0.3390625 0.3921875 0.325 0.3984375 0.3203125 0.4046875 0.296875 0.41875 0.2828125 0.4296875 0.278125 0.4359375 0.275 0.4359375 0.2734375 0.4390625 0.2671875 0.4421875 0.259375 0.4515625 0.2484375 0.45625 0.2546875 0.446875 0.2546875 0.4390625 0.2578125 0.440625 0.2609375 0.4390625 0.2609375 0.434375 0.253125 0.4296875 0.2546875 0.4265625 0.2515625 0.425 0.2484375 0.4328125 0.246875 0.425 0.2484375 0.4203125 0.2546875 0.421875 0.2578125 0.4203125 0.25625 0.4109375 0.259375 0.409375 0.2609375 0.4046875 0.259375 0.403125 0.2546875 0.4046875 0.2375 0.4140625 0.225 0.4265625 0.2140625 0.4328125 0.209375 0.4328125 0.20625 0.4359375 0.2015625 0.4359375 0.1921875 0.440625 0.1828125 0.45 0.1578125 0.4625 0.14375 0.4765625 0.115625 0.4953125 0.1140625 0.4984375 0.0734375 0.5296875 0.0640625 0.5296875 0.0578125 0.5265625 0.046875 0.5140625 0.046875 0.5078125 0.0640625 0.496875 0.071875 0.496875 0.078125 0.484375 0.08125 0.484375 0.0875 0.478125 0.10625 0.4671875 0.125 0.4515625 0.125 0.446875 0.134375 0.44375 0.1359375 0.440625 0.1453125 0.4359375 0.1484375 0.43125 0.1546875 0.4296875 0.15625 0.4265625 0.159375 0.4265625 0.23125 0.3765625 0.2359375 0.3765625 0.2390625 0.3734375 0.2453125 0.3734375 0.259375 0.3671875 0.2703125 0.3578125 0.296875 0.3515625 0.3203125 0.340625 0.365625 0.3328125 0.371875 0.3296875 0.378125 0.3234375 0.384375 0.321875 0.3890625 0.3171875 0.3859375 0.3140625 0.4203125 0.2828125 0.4234375 0.2828125 0.425 0.2796875 0.4359375 0.278125
1 0.4328125 0.41875 0.4359375 0.421875 0.428125 0.4296875 0.4265625 0.4359375 0.4234375 0.4390625 0.41875 0.4390625 0.4046875 0.453125 0.4015625 0.453125 0.3953125 0.459375 0.3890625 0.471875 0.378125 0.484375 0.3703125 0.5046875 0.353125 0.525 0.353125 0.5296875 0.3421875 0.5484375 0.3390625 0.56875 0.3328125 0.578125 0.3328125 0.584375 0.328125 0.5921875 0.3234375 0.5953125 0.31875 0.60625 0.3109375 0.6140625 0.309375 0.6203125 0.3046875 0.625 0.296875 0.640625 0.28125 0.65625 0.275 0.65625 0.271875 0.653125 0.275 0.63125 0.284375 0.6109375 0.2921875 0.6015625 0.2921875 0.5953125 0.3109375 0.5671875 0.3140625 0.553125 0.3234375 0.5359375 0.3234375 0.5296875 0.3296875 0.5140625 0.340625 0.4984375 0.34375 0.4875 0.3546875 0.471875 0.3546875 0.4671875 0.375 0.446875 0.4015625 0.425 0.4078125 0.421875 0.43125 0.4203125
1 0.240625 0.571875 0.2484375 0.571875 0.25 0.575 0.246875 0.6109375 0.228125 0.625 0.21875 0.6390625 0.2078125 0.6484375 0.2078125 0.6515625 0.1859375 0.671875 0.1765625 0.6859375 0.171875 0.6890625 0.1671875 0.6890625 0.1671875 0.68125 0.178125 0.665625 0.178125 0.6609375 0.18125 0.659375 0.1875 0.646875 0.1921875 0.6421875 0.1921875 0.6390625 0.2078125 0.61875 0.2203125 0.5953125 0.2296875 0.5859375 0.23125 0.58125 0.240625 0.5734375
1 0.428125 0.2796875 0.4359375 0.284375 0.4390625 0.28125 0.440625 0.284375 0.4390625 0.2984375 0.4328125 0.2890625 0.4296875 0.2921875 0.4296875 0.3015625 0.4265625 0.3046875 0.428125 0.3078125 0.3953125 0.309375 0.39375 0.3109375 0.3953125 0.3125 0.4015625 0.315625 0.40625 0.3140625 0.4109375 0.3171875 0.40625 0.3203125 0.4046875 0.3265625 0.396875 0.3296875 0.3921875 0.3390625 0.353125 0.3765625 0.35 0.3828125 0.340625 0.3921875 0.33125 0.3984375 0.325 0.3984375 0.3203125 0.4046875 0.3015625 0.415625 0.2890625 0.428125 0.2640625 0.4453125 0.2578125 0.453125 0.25 0.45625 0.228125 0.475 0.21875 0.4796875 0.2078125 0.4921875 0.1890625 0.50625 0.1859375 0.5125 0.1671875 0.528125 0.165625 0.5328125 0.159375 0.5359375 0.1515625 0.5453125 0.146875 0.546875 0.134375 0.5609375 0.125 0.565625 0.0921875 0.6 0.0921875 0.603125 0.0859375 0.60625 0.065625 0.6265625 0.053125 0.6265625 0.0515625 0.6234375 0.0453125 0.6234375 0.03125 0.6140625 0.03125 0.6015625 0.0390625 0.5984375 0.0625 0.575 0.071875 0.5703125 0.084375 0.55625 0.090625 0.553125 0.0953125 0.546875 0.0984375 0.546875 0.1046875 0.5375 0.1265625 0.5171875 0.134375 0.5109375 0.140625 0.5109375 0.1546875 0.490625 0.171875 0.4734375 0.1828125 0.4671875 0.1859375 0.4609375 0.2015625 0.4546875 0.21875 0.4390625 0.2203125 0.4328125 0.2296875 0.4296875 0.2421875 0.4171875 0.2671875 0.403125 0.271875 0.3984375 0.278125 0.396875 0.3171875 0.3703125 0.33125 0.3578125 0.334375 0.3578125 0.346875 0.3453125 0.346875 0.3390625 0.3625 0.334375 0.3828125 0.321875 0.3859375 0.3140625 0.3921875 0.3109375 0.396875 0.3046875 0.4015625 0.30625 0.40625 0.3015625 0.40625 0.296875 0.409375 0.29375 0.4171875 0.2875 0.425 0.2859375 0.428125 0.28125
1 0.609375 0.253125 0.6203125 0.2625 0.6203125 0.275 0.615625 0.2859375 0.6140625 0.3046875 0.5921875 0.33125 0.571875 0.3515625 0.5625 0.35625 0.55 0.3703125 0.5328125 0.3796875 0.5125 0.384375 0.48125 0.3984375 0.4734375 0.3984375 0.446875 0.4125 0.434375 0.4125 0.428125 0.415625 0.4125 0.415625 0.4125 0.4140625 0.415625 0.4078125 0.4203125 0.40625 0.43125 0.39375 0.459375 0.3796875 0.4640625 0.3796875 0.46875 0.3765625 0.478125 0.3765625 0.48125 0.3734375 0.4953125 0.3703125 0.5078125 0.3609375 0.528125 0.3515625 0.5390625 0.34375 0.54375 0.3375 0.546875 0.3375 0.553125 0.33125 0.553125 0.328125 0.5640625 0.3109375 0.5703125 0.309375 0.58125 0.2984375 0.596875 0.25625 0.6 0.253125 0.6078125 0.253125
1 0.15625 0.4703125 0.159375 0.4703125 0.1765625 0.4578125 0.1875 0.4546875 0.1859375 0.459375 0.1625 0.4828125 0.15625 0.4859375 0.1546875 0.490625 0.1421875 0.503125 0.1296875 0.5109375 0.1234375 0.5171875 0.121875 0.521875 0.1078125 0.5328125 0.0921875 0.55 0.0859375 0.553125 0.06875 0.5703125 0.0640625 0.571875 0.0609375 0.5765625 0.0546875 0.5796875 0.05 0.5859375 0.0296875 0.6015625 0.0265625 0.6125 0.040625 0.621875 0.040625 0.6265625 0.0296875 0.6390625 0.0203125 0.646875 0.0046875 0.646875 0 0.64375 0 0.6140625 0.0109375 0.603125 0.0125 0.5984375 0.0203125 0.5921875 0.021875 0.5875 0.0453125 0.5640625 0.0484375 0.5640625 0.05625 0.5546875 0.0671875 0.546875 0.0734375 0.540625 0.0734375 0.5375 0.0890625 0.5234375 0.15625 0.471875
1 0.3484375 0.3421875 0.3484375 0.35 0.340625 0.3515625 0.33125 0.3578125 0.33125 0.3625 0.3265625 0.365625 0.328125 0.371875 0.325 0.3734375 0.321875 0.36875 0.3171875 0.3734375 0.3234375 0.3765625 0.321875 0.38125 0.3125 0.3828125 0.3109375 0.3875 0.303125 0.38125 0.3015625 0.3859375 0.296875 0.3828125 0.2921875 0.3828125 0.2859375 0.3859375 0.284375 0.3890625 0.28125 0.3890625 0.2796875 0.3921875 0.275 0.3921875 0.2734375 0.3953125 0.265625 0.3984375 0.259375 0.4046875 0.2453125 0.409375 0.2234375 0.428125 0.190625 0.4421875 0.1828125 0.4515625 0.178125 0.4515625 0.1671875 0.4578125 0.1453125 0.4765625 0.125 0.4890625 0.11875 0.4953125 0.115625 0.4953125 0.1015625 0.509375 0.09375 0.5125 0.0890625 0.51875 0.075 0.5296875 0.0625 0.5296875 0.0609375 0.5265625 0.053125 0.5234375 0.05 0.5171875 0.046875 0.515625 0.046875 0.50625 0.0640625 0.4953125 0.071875 0.49375 0.0765625 0.484375 0.0828125 0.4828125 0.0890625 0.4765625 0.103125 0.46875 0.1203125 0.4546875 0.125 0.446875 0.134375 0.44375 0.1484375 0.43125 0.1546875 0.4296875 0.15625 0.4265625 0.1640625 0.4234375 0.190625 0.403125 0.19375 0.403125 0.2 0.396875 0.203125 0.396875 0.23125 0.3765625 0.2375 0.3765625 0.2640625 0.3671875 0.2734375 0.3578125 0.2890625 0.35625 0.2921875 0.353125 0.3015625 0.353125 0.303125 0.35625 0.3109375 0.353125 0.3234375 0.3546875 0.328125 0.35 0.334375 0.3515625 0.3390625 0.34375 0.346875 0.34375
1 0.1203125 0.5828125 0.121875 0.5859375 0.1140625 0.6015625 0.1140625 0.60625 0.0828125 0.66875 0.078125 0.69375 0.0640625 0.7140625 0.0640625 0.7234375 0.0609375 0.734375 0.059375 0.7796875 0.046875 0.790625 0.0359375 0.790625 0.0296875 0.7828125 0.0234375 0.7828125 0.0203125 0.7859375 0.021875 0.784375 0.0203125 0.7796875 0.021875 0.759375 0.01875 0.75625 0.009375 0.7546875 0.0046875 0.7625 0.0046875 0.7671875 0 0.76875 0 0.765625 0.0046875 0.7640625 0.0046875 0.7546875 0.009375 0.75 0.015625 0.734375 0.01875 0.7328125 0.021875 0.7234375 0.0296875 0.7125 0.0359375 0.690625 0.0421875 0.678125 0.053125 0.6640625 0.0546875 0.6578125 0.059375 0.653125 0.06875 0.6328125 0.1046875 0.5953125 0.109375 0.59375 0.11875 0.584375
1 0.36875 0.5125 0.3703125 0.5140625 0.36875 0.5375 0.3640625 0.5515625 0.3640625 0.565625 0.3546875 0.5875 0.3515625 0.60625 0.353125 0.615625 0.3375 0.6265625 0.321875 0.6421875 0.315625 0.64375 0.2921875 0.6609375 0.2875 0.6578125 0.2921875 0.6453125 0.303125 0.6328125 0.3125 0.6140625 0.33125 0.5875 0.3390625 0.5609375 0.34375 0.5546875 0.34375 0.546875 0.353125 0.5296875 0.3546875 0.521875 0.3671875 0.5125
1 0 0.4984375 0.0265625 0.484375 0.05 0.4765625 0.053125 0.4734375 0.059375 0.4734375 0.09375 0.4546875 0.103125 0.453125 0.10625 0.45 0.1171875 0.45 0.103125 0.465625 0.0765625 0.48125 0.071875 0.4859375 0.071875 0.4890625 0.0671875 0.4890625 0.0609375 0.4953125 0.0578125 0.4953125 0.046875 0.503125 0.0421875 0.5078125 0.0421875 0.5125 0.046875 0.5171875 0.05 0.525 0.040625 0.5328125 0.03125 0.5359375 0.0203125 0.546875 0.0125 0.55 0.00625 0.55 0 0.546875 0 0.5
1 0.2296875 0.365625 0.234375 0.3703125 0.2390625 0.365625 0.26875 0.359375 0.265625 0.359375 0.2578125 0.3671875 0.2359375 0.3703125 0.23125 0.378125 0.2203125 0.3828125 0.196875 0.4 0.190625 0.4015625 0.1734375 0.415625 0.16875 0.415625 0.159375 0.421875 0.1421875 0.428125 0.1296875 0.4296875 0.125 0.4328125 0.109375 0.4359375 0.0609375 0.453125 0.053125 0.453125 0.0484375 0.45625 0.0421875 0.45625 0.0296875 0.4609375 0.0203125 0.4609375 0.0109375 0.4546875 0.0078125 0.446875 0.0109375 0.440625 0.1046875 0.4140625 0.1296875 0.403125 0.1515625 0.4 0.15625 0.396875 0.1890625 0.3875 0.209375 0.3796875 0.2234375 0.36875 0.2203125 0.3671875 0.228125 0.365625
1 0.2203125 0.6375 0.2234375 0.6359375 0.2296875 0.625 0.2390625 0.6171875 0.2484375 0.61875 0.2484375 0.6328125 0.2390625 0.665625 0.2078125 0.7046875 0.190625 0.721875 0.1859375 0.728125 0.1859375 0.7328125 0.178125 0.7375 0.175 0.74375 0.1171875 0.8 0.109375 0.8 0.103125 0.796875 0.09375 0.7875 0.09375 0.778125 0.1046875 0.7640625 0.1109375 0.759375 0.1171875 0.7484375 0.134375 0.7328125 0.1453125 0.715625 0.16875 0.6921875 0.178125 0.6859375 0.1875 0.671875 0.2203125 0.6390625
1 0.14375 0.5546875 0.165625 0.5375 0.1890625 0.5140625 0.19375 0.5140625 0.1859375 0.53125 0.184375 0.54375 0.1734375 0.5609375 0.171875 0.5734375 0.175 0.5828125 0.1671875 0.590625 0.165625 0.5984375 0.1546875 0.609375 0.1546875 0.6125 0.1703125 0.625 0.165625 0.634375 0.165625 0.640625 0.1609375 0.64375 0.1546875 0.65625 0.1359375 0.675 0.1390625 0.6875 0.140625 0.7171875 0.1375 0.71875 0.134375 0.7265625 0.1265625 0.7265625 0.1125 0.7203125 0.10625 0.7140625 0.10625 0.7 0.1140625 0.6828125 0.115625 0.665625 0.121875 0.653125 0.125 0.6390625 0.1328125 0.6265625 0.1328125 0.621875 0.1359375 0.6203125 0.1375 0.5953125 0.146875 0.5859375 0.1421875 0.575 0.1359375 0.5734375 0.1375 0.5640625 0.14375 0.55625
7 0.1888586956521739 0.7584097859327217 0.1956521739130435 0.7787971457696228 0.24456521739130435 0.8134556574923547 0.26902173913043476 0.8226299694189603 0.33016304347826086 0.8307849133537207 0.34239130434782605 0.8287461773700306 0.35190217391304346 0.8165137614678899 0.358695652173913 0.8185524974515801 0.3817934782608695 0.780835881753313 0.4320652173913043 0.8012232415902141 0.48369565217391297 0.8114169215086646 0.5135869565217391 0.8093781855249744 0.546195652173913 0.799184505606524 0.6100543478260869 0.798165137614679 0.639945652173913 0.8053007135575942 0.7554347826086956 0.8124362895005097 0.7934782608695652 0.7920489296636086 0.8233695652173912 0.7910295616717635 0.8355978260869564 0.7869520897043834 0.8383152173913043 0.7614678899082569 0.8668478260869564 0.7043832823649337 0.8831521739130433 0.6982670744138634 0.8872282608695652 0.7023445463812437 0.892663043478261 0.6890927624872579 0.919836956521739 0.6829765545361876 0.9402173913043479 0.6605504587155964 0.9415760869565217 0.6432212028542305 0.9252717391304348 0.6340468909276249 0.9211956521739131 0.6024464831804281 0.9307065217391305 0.5912334352701325 0.9347826086956521 0.5739041794087666 0.9660326086956521 0.5351681957186545 0.9755434782608695 0.5117227319062182 0.9809782608695652 0.45361875637105 0.9660326086956521 0.41386340468909283 0.9660326086956521 0.3975535168195719 0.9442934782608695 0.37410805300713557 0.9076086956521738 0.31804281345565755 0.8641304347826086 0.2854230377166157 0.8464673913043479 0.27930682976554533 0.763586956521739 0.2640163098878695 0.7160326086956521 0.2619775739041794 0.6752717391304348 0.25484199796126406 0.625 0.2609582059123344 0.6127717391304348 0.30988786952089703 0.5747282608695652 0.3516819571865443 0.5353260869565217 0.38022426095820594 0.45516304347826086 0.41080530071355764 0.4470108695652174 0.4301732925586137 0.4442934782608695 0.4597349643221203 0.4266304347826087 0.4801223241590214 0.42119565217391297 0.508664627930683 0.38858695652173914 0.599388379204893 0.3043478260869565 0.6574923547400612 0.3016304347826087 0.6656472986748216 0.2921195652173913 0.6676860346585117 0.2730978260869565 0.6829765545361876 0.25407608695652173 0.7054026503567787 0.22282608695652173 0.7237512742099899 0.19157608695652173 0.7512742099898063 0.1888586956521739 0.7584097859327217