49 0.16032608695652173 0.33333333333333337 0.21739130434782608 0.35881753312945974 0.25679347826086957 0.37104994903160043 0.31385869565217395 0.4077471967380224 0.34103260869565216 0.41080530071355764 0.4103260869565217 0.4301732925586137 0.49864130434782605 0.43832823649337416 0.532608695652174 0.4332313965341489 0.5706521739130435 0.43527013251783897 0.6059782608695652 0.4281345565749236 0.8111413043478259 0.3577981651376147 0.8722826086956521 0.3231396534148828 0.9361413043478259 0.2762487257900102 0.951086956521739 0.25688073394495414 0.9701086956521738 0.24362895005096843 0.9986413043478259 0.20693170234454641 0.9986413043478259 0.1233435270132518 0.9918478260869564 0.12640163098878696 0.9891304347826086 0.13965341488277266 0.9769021739130433 0.14576962283384304 0.9646739130434783 0.14678899082568808 0.955163043478261 0.14067278287461776 0.9456521739130433 0.14576962283384304 0.951086956521739 0.17635066258919468 0.9320652173913043 0.19673802242609584 0.9279891304347826 0.2273190621814475 0.90625 0.236493374108053 0.8994565217391305 0.2466870540265036 0.8654891304347826 0.2650356778797146 0.8559782608695652 0.2833843017329256 0.8383152173913043 0.29561671763506625 0.830163043478261 0.29561671763506625 0.8125 0.30479102956167176 0.8043478260869564 0.31396534148827726 0.7717391304347826 0.3149847094801223 0.7472826086956521 0.33537206931702346 0.7296195652173914 0.3414882772680938 0.7133152173913043 0.3577981651376147 0.6847826086956521 0.3649337410805301 0.669836956521739 0.3730886850152905 0.6019021739130435 0.37920489296636084 0.5489130434782609 0.3904179408766565 0.5285326086956521 0.3904179408766565 0.4891304347826087 0.38022426095820594 0.47146739130434784 0.3853211009174312 0.4483695652173913 0.382262996941896 0.42119565217391297 0.39143730886850153 0.389945652173913 0.3873598369011213 0.32065217391304346 0.39143730886850153 0.28532608695652173 0.3649337410805301 0.264945652173913 0.3608562691131499 0.25815217391304346 0.3516819571865443 0.21603260869565216 0.3435270132517839 0.1888586956521739 0.3302752293577982 0.15489130434782608 0.32619775739041795 0.16032608695652173 0.33333333333333337
50 0.5875 0.20625 0.6 0.2125 0.6046875 0.2125 0.6234375 0.2265625 0.6328125 0.2265625 0.640625 0.234375 0.6453125 0.240625 0.6453125 0.2453125 0.6546875 0.25625 0.6546875 0.259375 0.665625 0.275 0.665625 0.2796875 0.675 0.2953125 0.675 0.3015625 0.671875 0.309375 0.6640625 0.31875 0.6296875 0.3421875 0.603125 0.35 0.5859375 0.3515625 0.58125 0.3546875 0.5515625 0.35625 0.540625 0.359375 0.4828125 0.359375 0.4359375 0.3546875 0.421875 0.3484375 0.415625 0.3421875 0.4125 0.3421875 0.396875 0.33125 0.3953125 0.328125 0.3875 0.325 0.3828125 0.31875 0.375 0.3140625 0.371875 0.3078125 0.371875 0.3 0.375 0.29375 0.3859375 0.2828125 0.3890625 0.2828125 0.4078125 0.26875 0.4171875 0.25 0.4359375 0.240625 0.4515625 0.2296875 0.45625 0.2296875 0.46875 0.2234375 0.5296875 0.2203125 0.540625 0.209375 0.553125 0.20625 0.5671875 0.2046875 0.5859375 0.20625
50 0.771875 0.8328125 0.7796875 0.8359375 0.784375 0.8421875 0.8015625 0.8546875 0.8109375 0.8671875 0.83125 0.8859375 0.8421875 0.909375 0.8421875 0.9296875 0.84375 0.93125 0.8421875 0.96875 0.8328125 0.9921875 0.8296875 0.996875 0.825 0.9984375 0.76875 0.9984375 0.7671875 0.996875 0.7578125 0.9984375 0.7125 0.9984375 0.7109375 0.996875 0.7046875 0.9984375 0.671875 0.9984375 0.6703125 0.996875 0.4984375 0.9984375 0.49375 0.996875 0.4859375 0.9875 0.4796875 0.984375 0.4765625 0.978125 0.4828125 0.971875 0.4859375 0.971875 0.5109375 0.95625 0.5328125 0.953125 0.540625 0.95 0.5453125 0.9453125 0.5578125 0.9390625 0.571875 0.925 0.60625 0.90625 0.621875 0.9015625 0.646875 0.8890625 0.66875 0.8828125 0.6921875 0.86875 0.6953125 0.86875 0.7140625 0.8546875 0.734375 0.8484375 0.759375 0.834375 0.7703125 0.8328125
50 0.80625 0.0703125 0.821875 0.0734375 0.8265625 0.0765625 0.840625 0.0765625 0.853125 0.0609375 0.8515625 0.05 0.85625 0.0453125 0.8625 0.0453125 0.865625 0.0421875 0.8734375 0.0421875 0.8796875 0.0390625 0.8953125 0.0375 0.9046875 0.05 0.9046875 0.0546875 0.915625 0.0796875 0.915625 0.0875 0.921875 0.109375 0.9265625 0.1515625 0.9265625 0.16875 0.9234375 0.184375 0.9234375 0.21875 0.91875 0.228125 0.8890625 0.2390625 0.8828125 0.2453125 0.878125 0.2453125 0.875 0.2484375 0.81875 0.2546875 0.7859375 0.2546875 0.7796875 0.2515625 0.7453125 0.2484375 0.728125 0.2421875 0.721875 0.2421875 0.7171875 0.2390625 0.7109375 0.2390625 0.6890625 0.2296875 0.6703125 0.215625 0.6578125 0.2109375 0.65 0.2046875 0.6453125 0.2046875 0.6421875 0.2015625 0.6375 0.2015625 0.625 0.1953125 0.621875 0.1890625 0.625 0.1796875 0.640625 0.165625 0.665625 0.146875 0.6671875 0.14375 0.684375 0.1328125 0.6890625 0.1265625 0.6921875 0.1265625 0.6984375 0.1203125 0.7234375 0.10625 0.7296875 0.1 0.7328125 0.1 0.7671875 0.0796875 0.7796875 0.0765625 0.78125 0.0734375 0.790625 0.0703125 0.8046875 0.0703125
50 0.2375 0.1015625 0.2515625 0.1125 0.2703125 0.121875 0.28125 0.1328125 0.2984375 0.14375 0.3125 0.159375 0.3359375 0.1765625 0.34375 0.1796875 0.3546875 0.1921875 0.3640625 0.196875 0.365625 0.2 0.3703125 0.2 0.3734375 0.203125 0.38125 0.203125 0.4046875 0.2125 0.4078125 0.2171875 0.40625 0.234375 0.4109375 0.2453125 0.4046875 0.259375 0.4046875 0.26875 0.4 0.26875 0.384375 0.2828125 0.375 0.2875 0.371875 0.2921875 0.3640625 0.296875 0.3625 0.3015625 0.35 0.3046875 0.3203125 0.3046875 0.3046875 0.3078125 0.28125 0.3078125 0.2796875 0.30625 0.2484375 0.309375 0.2234375 0.309375 0.215625 0.3046875 0.2109375 0.3046875 0.2046875 0.2984375 0.171875 0.278125 0.146875 0.2546875 0.14375 0.246875 0.1296875 0.23125 0.115625 0.196875 0.115625 0.1703125 0.11875 0.1609375 0.1265625 0.146875 0.146875 0.128125 0.1703125 0.115625 0.175 0.115625 0.178125 0.1125 0.190625 0.1125 0.2234375 0.096875 0.228125 0.096875 0.2359375 0.1015625
50 0.6921875 0.45 0.7171875 0.4546875 0.7203125 0.4578125 0.7265625 0.4578125 0.7296875 0.4609375 0.740625 0.4640625 0.7515625 0.4734375 0.7546875 0.4734375 0.75625 0.4765625 0.759375 0.4765625 0.775 0.4875 0.7890625 0.5015625 0.796875 0.5140625 0.80625 0.540625 0.809375 0.565625 0.8078125 0.5828125 0.809375 0.584375 0.8078125 0.5921875 0.79375 0.6078125 0.79375 0.61875 0.7890625 0.6296875 0.7734375 0.6296875 0.7515625 0.61875 0.71875 0.621875 0.678125 0.621875 0.66875 0.61875 0.6578125 0.61875 0.6328125 0.6125 0.6203125 0.60625 0.615625 0.60625 0.6125 0.603125 0.590625 0.596875 0.525 0.5921875 0.5125 0.5875 0.5046875 0.58125 0.5046875 0.5734375 0.509375 0.565625 0.5109375 0.55625 0.51875 0.5453125 0.521875 0.534375 0.521875 0.5078125 0.54375 0.48125 0.546875 0.48125 0.5765625 0.4640625 0.58125 0.4640625 0.584375 0.4609375 0.6 0.4578125 0.6203125 0.45 0.690625 0.45
50 0.2078125 0.6875 0.2171875 0.690625 0.2265625 0.690625 0.2390625 0.6953125 0.259375 0.7140625 0.2703125 0.7328125 0.275 0.7671875 0.2703125 0.79375 0.2671875 0.796875 0.2671875 0.8078125 0.2703125 0.8125 0.2703125 0.8296875 0.259375 0.846875 0.2578125 0.853125 0.2484375 0.8640625 0.2390625 0.884375 0.221875 0.8984375 0.215625 0.9109375 0.2015625 0.9265625 0.1890625 0.9234375 0.1578125 0.9078125 0.1328125 0.8875 0.125 0.884375 0.1140625 0.8734375 0.1015625 0.8671875 0.096875 0.8671875 0.09375 0.8640625 0.0859375 0.853125 0.084375 0.8453125 0.078125 0.8375 0.0734375 0.825 0.071875 0.7859375 0.0734375 0.784375 0.0734375 0.7625 0.0765625 0.7515625 0.0859375 0.734375 0.0921875 0.7296875 0.09375 0.725 0.10625 0.715625 0.1140625 0.7125 0.1265625 0.703125 0.134375 0.7015625 0.1359375 0.6984375 0.1578125 0.690625 0.20625 0.6875
50 0.675 0 0.80625 0 0.7984375 0.0140625 0.7796875 0.0359375 0.778125 0.040625 0.7703125 0.0453125 0.7609375 0.04375 0.7390625 0.03125 0.734375 0.03125 0.709375 0.0203125 0.6953125 0.0109375 0.675 0.0015625
50 0.3421875 0.8859375 0.353125 0.8921875 0.3609375 0.903125 0.3578125 0.9203125 0.3578125 0.94375 0.3546875 0.9671875 0.3609375 0.975 0.3703125 0.9796875 0.3828125 0.9921875 0.38125 0.9984375 0.29375 0.9984375 0.2921875 0.996875 0.290625 0.9984375 0.2859375 0.996875 0.2828125 0.9984375 0.2390625 0.9984375 0.2296875 0.9875 0.21875 0.9671875 0.2140625 0.95 0.2140625 0.9375 0.215625 0.928125 0.21875 0.9234375 0.21875 0.9125 0.2296875 0.8984375 0.2359375 0.8953125 0.2453125 0.8953125 0.25 0.8984375 0.259375 0.8984375 0.2640625 0.9015625 0.303125 0.90625 0.3171875 0.9 0.3234375 0.8921875 0.3328125 0.8859375 0.340625 0.8859375
50 0.8078125 0.6015625 0.8125 0.6 0.821875 0.6015625 0.825 0.6046875 0.8421875 0.6078125 0.8453125 0.6109375 0.8625 0.6140625 0.8734375 0.6203125 0.8921875 0.625 0.915625 0.6359375 0.9453125 0.6578125 0.95625 0.671875 0.978125 0.7140625 0.978125 0.7203125 0.984375 0.7390625 0.984375 0.7796875 0.98125 0.8 0.9703125 0.8265625 0.95625 0.84375 0.9359375 0.8609375 0.928125 0.8640625 0.9265625 0.8671875 0.8953125 0.8796875 0.8671875 0.8828125 0.8546875 0.8828125 0.84375 0.8796875 0.8375 0.8703125 0.834375 0.8453125 0.8234375 0.828125 0.8203125 0.8140625 0.8125 0.796875 0.809375 0.765625 0.80625 0.759375 0.80625 0.740625 0.803125 0.734375 0.803125 0.725 0.8 0.7140625 0.8 0.6953125 0.803125 0.6890625 0.803125 0.6640625 0.79375 0.6375 0.7953125 0.63125 0.803125 0.6203125 0.803125 0.6078125 0.8078125 0.603125
50 0.15 0 0.2703125 0 0.271875 0.003125 0.271875 0.0078125 0.26875 0.0125 0.25625 0.0234375 0.246875 0.028125 0.2359375 0.03125 0.20625 0.03125 0.1828125 0.025 0.153125 0.0234375 0.15 0.0140625 0.15 0.0015625
49 0.9673913043478259 0.022426095820591234 0.9728260869565217 0.029561671763506624 0.9388586956521738 0.04485219164118247 0.9334239130434783 0.04281345565749235 0.9347826086956521 0.0652395514780836 0.9402173913043479 0.07033639143730888 0.9565217391304348 0.07339449541284404 0.9809782608695652 0.060142711518858305 0.9904891304347826 0.06625891946992865 0.9891304347826086 0.0744138634046891 0.9986413043478259 0.06422018348623854 0.9986413043478259 0 0.9701086956521738 0 0.9673913043478259 0.022426095820591234
50 0.5046875 0.5078125 0.5171875 0.515625 0.5171875 0.5234375 0.509375 0.5421875 0.509375 0.5484375 0.5015625 0.5609375 0.4984375 0.5734375 0.4921875 0.5765625 0.48125 0.5875 0.4640625 0.6125 0.4578125 0.6171875 0.453125 0.6265625 0.434375 0.646875 0.390625 0.6859375 0.375 0.69375 0.36875 0.703125 0.359375 0.7109375 0.34375 0.709375 0.340625 0.70625 0.3234375 0.7 0.321875 0.696875 0.3171875 0.696875 0.3015625 0.6828125 0.2984375 0.6828125 0.2859375 0.6703125 0.28125 0.653125 0.2765625 0.646875 0.2734375 0.6328125 0.2734375 0.5953125 0.2765625 0.584375 0.2828125 0.5796875 0.2921875 0.565625 0.2921875 0.5625 0.3078125 0.5484375 0.334375 0.546875 0.3625 0.540625 0.39375 0.525 0.403125 0.5234375 0.4203125 0.5140625 0.425 0.5140625 0.434375 0.5078125 0.4578125 0.5046875 0.484375 0.5046875 0.49375 0.5078125 0.503125 0.5078125
49 0.014945652173913044 0.08154943934760449 0.04483695652173913 0.1946992864424057 0.09510869565217392 0.2813455657492355 0.12907608695652173 0.31804281345565755 0.25 0.3669724770642202 0.3179347826086957 0.4077471967380224 0.4116847826086956 0.4281345565749236 0.4415760869565217 0.42915392456676865 0.4483695652173913 0.4250764525993884 0.4619565217391305 0.42915392456676865 0.4782608695652174 0.4281345565749236 0.4891304347826087 0.43119266055045874 0.4904891304347826 0.43527013251783897 0.5 0.4250764525993884 0.529891304347826 0.4250764525993884 0.532608695652174 0.4281345565749236 0.5815217391304348 0.4250764525993884 0.5896739130434783 0.4281345565749236 0.6671195652173914 0.40672782874617736 0.7065217391304348 0.3904179408766565 0.71875 0.381243628950051 0.78125 0.36595310907237516 0.8410326086956521 0.33741080530071355 0.888586956521739 0.3068297655453619 0.9008152173913043 0.29357798165137616 0.9279891304347826 0.2762487257900102 0.9320652173913043 0.2670744138634047 0.9565217391304348 0.2507645259938838 0.9918478260869564 0.20998980632008157 0.9986413043478259 0.16615698267074414 0.9986413043478259 0 0.03125 0 0.016304347826086956 0.04485219164118247 0.014945652173913044 0.08154943934760449
49 0.30978260869565216 0.7859327217125383 0.31657608695652173 0.7961264016309888 0.3152173913043478 0.8103975535168196 0.32608695652173914 0.8450560652395515 0.36820652173913043 0.873598369011213 0.3777173913043478 0.8766564729867483 0.39945652173913043 0.8705402650356779 0.45108695652173914 0.8939857288481141 0.4755434782608695 0.8960244648318044 0.5040760869565217 0.8807339449541285 0.53125 0.8776758409785932 0.5733695652173914 0.8593272171253823 0.5910326086956521 0.8562691131498472 0.6779891304347826 0.8236493374108054 0.6915760869565217 0.8154943934760448 0.6902173913043479 0.7930682976554537 0.6807065217391304 0.7696228338430173 0.688858695652174 0.7400611620795108 0.669836956521739 0.7206931702344547 0.6508152173913043 0.7145769622833844 0.6372282608695652 0.6941896024464832 0.6222826086956521 0.6829765545361876 0.5557065217391304 0.6839959225280327 0.529891304347826 0.6952089704383282 0.514945652173913 0.6941896024464832 0.501358695652174 0.6982670744138634 0.4932065217391304 0.7145769622833844 0.4728260869565217 0.7237512742099899 0.47010869565217395 0.7094801223241591 0.45516304347826086 0.7094801223241591 0.4320652173913043 0.7125382262996942 0.4307065217391305 0.7196738022426097 0.4021739130434782 0.7319062181447503 0.3804347826086957 0.7308868501529052 0.37228260869565216 0.724770642201835 0.36141304347826086 0.726809378185525 0.32608695652173914 0.7390417940876657 0.3125 0.7696228338430173 0.30978260869565216 0.7859327217125383
49 0.8763586956521738 0.5035677879714577 0.8858695652173912 0.5127420998980632 0.9048913043478259 0.5219164118246687 0.923913043478261 0.5229357798165137 0.9021739130434783 0.5035677879714577 0.8763586956521738 0.4913353720693171 0.8763586956521738 0.5035677879714577
49 0.657608695652174 0.7859327217125383 0.639945652173913 0.8002038735983691 0.6413043478260869 0.8073394495412843 0.6494565217391304 0.8165137614678899 0.6589673913043479 0.8103975535168196 0.6644021739130435 0.8175331294597349 0.6779891304347826 0.8154943934760448 0.6779891304347826 0.7716615698267074 0.669836956521739 0.7716615698267074 0.657608695652174 0.7787971457696228 0.657608695652174 0.7859327217125383
49 0.07201086956521739 0.6401630988786953 0.12364130434782608 0.6055045871559633 0.17119565217391303 0.581039755351682 0.1793478260869565 0.5698267074413864 0.1779891304347826 0.5402650356778798 0.15353260869565216 0.5545361875637105 0.0733695652173913 0.6371049949031601 0.07201086956521739 0.6401630988786953
49 0.008152173913043478 0.7512742099898063 0 0.7767584097859327 0 0.998980632008155 0.07608695652173912 0.998980632008155 0.04076086956521739 0.9418960244648318 0.03804347826086956 0.9143730886850154 0.01358695652173913 0.8623853211009175 0.016304347826086956 0.8379204892966362 0.008152173913043478 0.8267074413863404 0.02309782608695652 0.8103975535168196 0.020380434782608696 0.781855249745158 0.012228260869565218 0.7726809378185525 0.03260869565217391 0.7471967380224261 0.03260869565217391 0.6819571865443426 0.010869565217391304 0.7155963302752294 0.001358695652173913 0.744138634046891 0.008152173913043478 0.7512742099898063