33 0.05833333333333333 0.771875 0.06527777777777778 0.8078125 0.09861111111111111 0.87265625 0.17777777777777776 0.9515625 0.22916666666666666 0.98671875 0.25555555555555554 0.99921875 0.5402777777777777 0.99921875 0.5888888888888888 0.97578125 0.6430555555555555 0.934375 0.6583333333333333 0.91796875 0.6888888888888889 0.8625 0.6986111111111111 0.82109375 0.6916666666666667 0.76015625 0.6708333333333333 0.71953125 0.6375 0.68046875 0.6069444444444444 0.65625 0.5402777777777777 0.625 0.47638888888888886 0.609375 0.375 0.59765625 0.29027777777777775 0.6 0.23055555555555554 0.61015625 0.15416666666666665 0.63671875 0.1125 0.6625 0.07638888888888888 0.70234375 0.05972222222222222 0.74375 0.05833333333333333 0.771875
33 0.6875 0.74140625 0.7013888888888888 0.78046875 0.7027777777777777 0.83359375 0.6972222222222222 0.85625 0.6791666666666666 0.8921875 0.6430555555555555 0.9390625 0.5916666666666666 0.978125 0.5583333333333333 0.99453125 0.5583333333333333 0.99921875 0.888888888888889 0.99921875 0.9041666666666666 0.97578125 0.9097222222222221 0.9328125 0.888888888888889 0.83359375 0.8666666666666666 0.79296875 0.8208333333333332 0.75078125 0.775 0.72265625 0.7069444444444444 0.7015625 0.6611111111111111 0.69921875 0.6875 0.74140625
33 0.5013888888888889 0.55625 0.5152777777777777 0.58203125 0.5263888888888888 0.58515625 0.5277777777777778 0.596875 0.5694444444444444 0.63359375 0.6333333333333333 0.66640625 0.7305555555555555 0.69453125 0.836111111111111 0.70703125 0.8958333333333333 0.70625 0.9583333333333333 0.69921875 0.9986111111111111 0.6859375 0.9986111111111111 0.42265625 0.9180555555555555 0.3875 0.8638888888888889 0.375 0.8222222222222222 0.37109375 0.7930555555555555 0.3703125 0.7305555555555555 0.38046875 0.7013888888888888 0.39375 0.6590277777777778 0.423828125 0.6388888888888888 0.43203125 0.5763888888888888 0.44453125 0.5361111111111111 0.46640625 0.5083333333333333 0.49375 0.5 0.51875 0.5013888888888889 0.55625
33 0 0.26484375 0 0.67265625 0.04444444444444444 0.6734375 0.10277777777777777 0.665625 0.125 0.64921875 0.17222222222222222 0.62578125 0.20694444444444443 0.6140625 0.27361111111111114 0.6 0.2930555555555555 0.59296875 0.325 0.55703125 0.3402777777777778 0.53203125 0.35138888888888886 0.49140625 0.35138888888888886 0.46796875 0.3263888888888889 0.40390625 0.29722222222222217 0.36875 0.2611111111111111 0.33984375 0.2263888888888889 0.31953125 0.1638888888888889 0.29296875 0.07638888888888888 0.27109375 0.0125 0.26484375 0 0.26484375
33 0.11111111111111112 0.27578125 0.19027777777777777 0.30078125 0.2347222222222222 0.32109375 0.27361111111111114 0.34609375 0.3013888888888889 0.36953125 0.32916666666666666 0.40390625 0.3555555555555555 0.459375 0.39166666666666666 0.46953125 0.44722222222222224 0.47890625 0.5180555555555555 0.47734375 0.5402777777777777 0.4609375 0.5763888888888888 0.4421875 0.6180555555555556 0.43125 0.6291666666666667 0.41484375 0.6388888888888888 0.41015625 0.6555555555555556 0.40859375 0.6638888888888889 0.39921875 0.6777777777777778 0.36328125 0.6791666666666666 0.33359375 0.6708333333333333 0.2921875 0.6541666666666666 0.26015625 0.6361111111111111 0.23671875 0.5958333333333333 0.20234375 0.5666666666666667 0.184375 0.5152777777777777 0.1640625 0.4666666666666666 0.15390625 0.425 0.15 0.3625 0.15 0.3138888888888889 0.15546875 0.2444444444444444 0.16953125 0.2111111111111111 0.1828125 0.1625 0.209375 0.12083333333333332 0.24453125 0.10833333333333332 0.26484375 0.11111111111111112 0.27578125
33 0 0.2625 0.10138888888888889 0.2734375 0.12083333333333332 0.24140625 0.1638888888888889 0.20625 0.1986111111111111 0.1890625 0.2 0.17734375 0.16527777777777777 0.1390625 0.11388888888888889 0.1046875 0.05694444444444444 0.0796875 0.0027777777777777775 0.06875 0 0.2625
33 0.1611111111111111 0.13046875 0.20555555555555555 0.18125 0.2569444444444444 0.16484375 0.3486111111111111 0.14921875 0.4125 0.14765625 0.4736111111111111 0.153125 0.5277777777777778 0.165625 0.5361111111111111 0.17109375 0.5430555555555555 0.1703125 0.5333333333333333 0.13984375 0.49722222222222223 0.10078125 0.4458333333333333 0.06953125 0.41388888888888886 0.0578125 0.37361111111111106 0.04921875 0.3208333333333333 0.046875 0.25 0.059375 0.2013888888888889 0.0796875 0.18194444444444444 0.09453125 0.16527777777777777 0.11484375 0.1611111111111111 0.13046875
33 0 0.02421875 0 0.0671875 0.06805555555555555 0.0828125 0.11527777777777777 0.10390625 0.15138888888888888 0.125 0.14861111111111108 0.09765625 0.13333333333333333 0.07734375 0.10972222222222221 0.05703125 0.06388888888888888 0.034375 0.00972222222222222 0.02421875 0 0.02421875
33 0.6402777777777777 0.23828125 0.6666666666666666 0.2765625 0.6805555555555556 0.315625 0.6791666666666666 0.36796875 0.6652777777777777 0.40078125 0.6680555555555555 0.40859375 0.6791666666666666 0.4078125 0.7013888888888888 0.39140625 0.7222222222222221 0.38203125 0.7819444444444443 0.3703125 0.8138888888888889 0.36875 0.8638888888888889 0.3734375 0.9166666666666666 0.3859375 0.9291666666666666 0.37421875 0.9402777777777777 0.34609375 0.9388888888888888 0.3109375 0.9277777777777777 0.2796875 0.8861111111111111 0.23828125 0.8305555555555555 0.21484375 0.7833333333333333 0.20625 0.7222222222222221 0.2078125 0.6625 0.225 0.6402777777777777 0.23828125
33 0.5083333333333333 0.10703125 0.5347222222222222 0.1390625 0.548611111111111 0.17421875 0.586111111111111 0.19375 0.6375 0.23515625 0.6680555555555555 0.221875 0.7138888888888888 0.2078125 0.7601847222222221 0.20390625 0.8027777777777777 0.20625 0.8097222222222221 0.1765625 0.7944444444444444 0.13984375 0.775 0.11875 0.7138888888888888 0.084375 0.6791666666666666 0.075 0.6027777777777777 0.071875 0.5430555555555555 0.084375 0.5111111111111111 0.09921875 0.5083333333333333 0.10703125
33 0.7236111111111111 0.08828125 0.7597222222222222 0.10625 0.7791666666666666 0.12109375 0.8013888888888889 0.1484375 0.8111111111111111 0.1796875 0.8055555555555556 0.20625 0.8166666666666667 0.2078125 0.8416666666666666 0.196875 0.8902777777777777 0.1859375 0.8930555555555555 0.175 0.8861111111111111 0.14765625 0.8708333333333332 0.12578125 0.85 0.1078125 0.8222222222222222 0.09375 0.7888888888888889 0.08515625 0.7444444444444444 0.08125 0.7277777777777777 0.08515625 0.7236111111111111 0.08828125
33 0.6986111111111111 0.69609375 0.7319444444444444 0.703125 0.773611111111111 0.71953125 0.8152777777777777 0.74296875 0.8402777777777777 0.7625 0.8791666666666667 0.80546875 0.9 0.8609375 0.9416666666666667 0.8671875 0.9986111111111111 0.86796875 0.9986111111111111 0.6890625 0.9722222222222221 0.6984375 0.9430555555555555 0.70390625 0.888888888888889 0.709375 0.8402777777777777 0.709375 0.7486111111111111 0.7 0.7430555555555556 0.69609375 0.7166666666666666 0.6953125 0.6944444444444444 0.68828125 0.6986111111111111 0.69609375
33 0 0.9515625 0.05277777777777778 0.9390625 0.09583333333333333 0.915625 0.11388888888888889 0.90078125 0.07638888888888888 0.8421875 0.05694444444444444 0.78515625 0.05694444444444444 0.73984375 0.07777777777777777 0.6875 0.05416666666666666 0.675 0.0027777777777777775 0.675 0 0.9515625
33 0.8222222222222222 0.21171875 0.8680555555555556 0.22734375 0.8875 0.23828125 0.9638888888888888 0.31875 0.9722222222222221 0.37109375 0.9763888888888888 0.375 0.9875 0.37421875 0.9986111111111111 0.36875 0.9986111111111111 0.19921875 0.9555555555555555 0.18984375 0.9083333333333332 0.18671875 0.8694444444444445 0.190625 0.8208333333333332 0.20625 0.8222222222222222 0.21171875
33 0.8208333333333332 0.09140625 0.8527777777777776 0.1078125 0.8791666666666667 0.13125 0.8916666666666666 0.13046875 0.8944444444444445 0.1265625 0.8791666666666667 0.11015625 0.8819444444444444 0.10234375 0.9013888888888888 0.10546875 0.9138888888888888 0.11640625 0.9277777777777777 0.12109375 0.9416666666666667 0.115625 0.95 0.1015625 0.9597222222222221 0.0953125 0.9569444444444445 0.08046875 0.9416666666666667 0.059375 0.9111111111111111 0.0390625 0.8777777777777777 0.03046875 0.8680555555555556 0.03203125 0.8597222222222222 0.04375 0.8430555555555556 0.05390625 0.8208333333333332 0.084375 0.8208333333333332 0.09140625
33 0.35277777777777775 0.49921875 0.3416666666666667 0.53515625 0.2930555555555555 0.59609375 0.34444444444444444 0.59609375 0.3583333333333333 0.5734375 0.37361111111111106 0.56953125 0.38611111111111107 0.5953125 0.39444444444444443 0.59921875 0.47638888888888886 0.6078125 0.5472222222222223 0.6234375 0.49861111111111106 0.5578125 0.49722222222222223 0.51015625 0.47638888888888886 0.49609375 0.4416666666666666 0.48046875 0.35416666666666663 0.46484375 0.35277777777777775 0.49921875