7 0.28532608695652173 0.6782608695652174 0.30842391304347827 0.7347826086956522 0.3192934782608695 0.7923913043478261 0.33967391304347827 0.8206521739130433 0.44021739130434784 0.8782608695652174 0.4755434782608695 0.8891304347826086 0.546195652173913 0.8934782608695653 0.6059782608695652 0.8836956521739131 0.7364130434782609 0.8423913043478259 0.7581521739130435 0.8402173913043478 0.796195652173913 0.8130434782608695 0.8342391304347826 0.8065217391304348 0.888586956521739 0.7793478260869565 0.9021739130434783 0.7630434782608695 0.9293478260869564 0.7489130434782608 0.9986413043478259 0.7369565217391304 0.9986413043478259 0.48478260869565215 0.9918478260869564 0.4826086956521739 0.9741847826086957 0.45434782608695656 0.9741847826086957 0.42934782608695654 0.9565217391304348 0.4130434782608695 0.9361413043478259 0.4054347826086956 0.9144021739130433 0.3869565217391304 0.8736413043478259 0.3641304347826087 0.8559782608695652 0.3619565217391304 0.8342391304347826 0.3521739130434783 0.8274456521739131 0.35543478260869565 0.8138586956521738 0.3521739130434783 0.8029891304347826 0.33152173913043476 0.7730978260869565 0.3358695652173913 0.7296195652173914 0.3565217391304348 0.702445652173913 0.32717391304347826 0.669836956521739 0.31630434782608696 0.6358695652173914 0.30869565217391304 0.6005434782608695 0.3108695652173913 0.5720108695652174 0.3 0.5394021739130435 0.29456521739130437 0.4932065217391304 0.2934782608695652 0.4320652173913043 0.3282608695652174 0.4157608695652174 0.34782608695652173 0.4103260869565217 0.36086956521739133 0.41440217391304346 0.40978260869565214 0.40625 0.4434782608695652 0.3872282608695652 0.4706521739130435 0.37092391304347827 0.4804347826086956 0.328804347826087 0.5239130434782608 0.28804347826086957 0.5902173913043478 0.2839673913043478 0.625 0.28532608695652173 0.6782608695652174
1 0.30570652173913043 0.32065217391304346 0.30842391304347827 0.33043478260869563 0.34103260869565216 0.33369565217391306 0.3695652173913043 0.32173913043478264 0.40489130434782605 0.32065217391304346 0.4442934782608695 0.3065217391304348 0.4592391304347826 0.3065217391304348 0.49864130434782605 0.2858695652173913 0.5733695652173914 0.29565217391304344 0.6141304347826086 0.283695652173913 0.626358695652174 0.283695652173913 0.6331521739130435 0.2891304347826087 0.6331521739130435 0.28478260869565214 0.6480978260869565 0.28043478260869564 0.701086956521739 0.2717391304347826 0.7160326086956521 0.27391304347826084 0.782608695652174 0.2554347826086957 0.8125 0.24456521739130435 0.8165760869565217 0.23369565217391303 0.8097826086956521 0.21956521739130436 0.794836956521739 0.21630434782608696 0.782608695652174 0.22826086956521738 0.7567934782608695 0.225 0.6290760869565217 0.24782608695652172 0.4592391304347826 0.26847826086956517 0.4483695652173913 0.2717391304347826 0.44565217391304346 0.27717391304347827 0.42934782608695654 0.2782608695652174 0.42119565217391297 0.28695652173913044 0.37228260869565216 0.29891304347826086 0.34782608695652173 0.29891304347826086 0.30978260869565216 0.3173913043478261 0.30570652173913043 0.32065217391304346
1 0.004076086956521739 0.2891304347826087 0.008152173913043478 0.29239130434782606 0.025815217391304345 0.29239130434782606 0.059782608695652176 0.28260869565217395 0.10461956521739131 0.28260869565217395 0.12092391304347824 0.26956521739130435 0.14402173913043478 0.2782608695652174 0.15489130434782608 0.2652173913043478 0.16576086956521738 0.2652173913043478 0.15081521739130435 0.2597826086956522 0.1480978260869565 0.2543478260869565 0.13451086956521738 0.2532608695652174 0.06385869565217392 0.2543478260869565 0.004076086956521739 0.2652173913043478 0.004076086956521739 0.2891304347826087
1 0.2078804347826087 0.2673913043478261 0.21467391304347827 0.2760869565217391 0.2717391304347826 0.2934782608695652 0.31657608695652173 0.29891304347826086 0.35733695652173914 0.2934782608695652 0.37092391304347827 0.29565217391304344 0.4415760869565217 0.2793478260869565 0.4483695652173913 0.26413043478260867 0.47146739130434784 0.26847826086956517 0.47690217391304346 0.275 0.48777173913043476 0.2630434782608696 0.5108695652173914 0.2652173913043478 0.5190217391304348 0.2608695652173913 0.5353260869565217 0.2608695652173913 0.5489130434782609 0.24891304347826085 0.561141304347826 0.2608695652173913 0.5679347826086956 0.25869565217391305 0.5679347826086956 0.2510869565217391 0.5815217391304348 0.24782608695652172 0.6005434782608695 0.24782608695652172 0.6154891304347826 0.2619565217391304 0.6290760869565217 0.24673913043478263 0.657608695652174 0.24130434782608695 0.6616847826086956 0.2358695652173913 0.6725543478260869 0.23804347826086958 0.6807065217391304 0.23369565217391303 0.733695652173913 0.23152173913043478 0.7445652173913043 0.22826086956521738 0.748641304347826 0.2217391304347826 0.7472826086956521 0.21413043478260868 0.733695652173913 0.20978260869565216 0.5339673913043479 0.23804347826086958 0.5095108695652174 0.24565217391304345 0.42527173913043476 0.25217391304347825 0.4130434782608695 0.25652173913043474 0.2730978260869565 0.2630434782608696 0.22282608695652173 0.2597826086956522 0.21059782608695649 0.2630434782608696 0.2078804347826087 0.2673913043478261
1 0.16983695652173914 0.24891304347826085 0.22010869565217392 0.25869565217391305 0.5434782608695652 0.23043478260869565 0.5706521739130435 0.23152173913043478 0.6467391304347826 0.21630434782608696 0.7364130434782609 0.20652173913043476 0.7391304347826086 0.1923913043478261 0.733695652173913 0.1858695652173913 0.7241847826086956 0.1858695652173913 0.6331521739130435 0.19782608695652174 0.5403084239130435 0.20217391304347826 0.5081521739130435 0.2 0.47690217391304346 0.20869565217391303 0.36277173913043476 0.2152173913043478 0.34103260869565216 0.22391304347826085 0.23097826086956524 0.2358695652173913 0.20652173913043476 0.23369565217391303 0.1766304347826087 0.24456521739130435 0.16983695652173914 0.24891304347826085
1 0 0.3576086956521739 0 0.3902173913043478 0.029891304347826088 0.3782608695652174 0.08559782608695651 0.3673913043478261 0.10326086956521738 0.3510869565217391 0.11684782608695651 0.35543478260869565 0.1263586956521739 0.3434782608695652 0.17391304347826086 0.32391304347826083 0.1793478260869565 0.3141304347826087 0.1671195652173913 0.3108695652173913 0.1453804347826087 0.3152173913043478 0.13994565217391303 0.30978260869565216 0.12228260869565218 0.3173913043478261 0.08695652173913043 0.31956521739130433 0.004076086956521739 0.3543478260869565 0 0.3576086956521739
1 0 0.29130434782608694 0.03532608695652174 0.2934782608695652 0.0625 0.2858695652173913 0.07201086956521739 0.3065217391304348 0.08423913043478261 0.3141304347826087 0.07201086956521739 0.32717391304347826 0 0.35978260869565215 0 0.38913043478260867 0.004076086956521739 0.38913043478260867 0.028532608695652172 0.3793478260869565 0.05842391304347826 0.3760869565217391 0.08831521739130435 0.36630434782608695 0.09646739130434782 0.3543478260869565 0.11548913043478262 0.3521739130434783 0.1331521739130435 0.3402173913043478 0.15625 0.33478260869565213 0.17527173913043476 0.3228260869565217 0.1983695652173913 0.31630434782608696 0.22418478260869565 0.3173913043478261 0.28260869565217395 0.3021739130434783 0.3070652173913043 0.31630434782608696 0.3070652173913043 0.325 0.3192934782608695 0.33152173913043476 0.34375 0.33152173913043476 0.3559782608695652 0.3434782608695652 0.3953804347826087 0.34891304347826085 0.41440217391304346 0.3391304347826087 0.41983695652173914 0.33152173913043476 0.41847826086956524 0.3228260869565217 0.4266304347826087 0.31630434782608696 0.43478260869565216 0.3173913043478261 0.46739130434782605 0.2967391304347826 0.4728260869565217 0.29782608695652174 0.4891304347826087 0.2891304347826087 0.5896739130434783 0.2967391304347826 0.5978260869565217 0.3043478260869565 0.6331521739130435 0.3 0.6358695652173914 0.3043478260869565 0.6467391304347826 0.30543478260869567 0.7418478260869565 0.29130434782608694 0.8029891304347826 0.27391304347826084 0.8070652173913043 0.2673913043478261 0.7989130434782609 0.2510869565217391 0.8138586956521738 0.24347826086956523 0.8165760869565217 0.23369565217391303 0.8043478260869564 0.21630434782608696 0.7866847826086956 0.21195652173913043 0.782608695652174 0.20543478260869566 0.7540760869565217 0.20652173913043476 0.733695652173913 0.1869565217391304 0.657608695652174 0.19021739130434784 0.514945652173913 0.175 0.47690217391304346 0.1869565217391304 0.48097826086956524 0.2 0.47690217391304346 0.20652173913043476 0.46739130434782605 0.20869565217391303 0.42391304347826086 0.20869565217391303 0.40760869565217395 0.2152173913043478 0.37907608695652173 0.21413043478260868 0.37228260869565216 0.20978260869565216 0.2839673913043478 0.2293478260869565 0.20516304347826084 0.23369565217391303 0.16304347826086957 0.24891304347826085 0.10461956521739131 0.2543478260869565 0.07201086956521739 0.25217391304347825 0.001358695652173913 0.2630434782608696 0 0.29130434782608694
7 0 0.44891304347826083 0 0.6032608695652174 0.010869565217391304 0.6206521739130435 0.02717391304347826 0.6326086956521739 0.03260869565217391 0.6771739130434782 0.04483695652173913 0.7119565217391304 0.059782608695652176 0.7293478260869566 0.08288043478260869 0.7760869565217391 0.12092391304347824 0.817391304347826 0.13858695652173914 0.8239130434782609 0.1671195652173913 0.8206521739130433 0.19429347826086957 0.8478260869565217 0.21331521739130435 0.8478260869565217 0.23369565217391303 0.8358695652173912 0.2296195652173913 0.7923913043478261 0.23641304347826084 0.7728260869565217 0.23369565217391303 0.7565217391304347 0.24184782608695649 0.657608695652174 0.27853260869565216 0.6173913043478261 0.28260869565217395 0.5902173913043478 0.327445652173913 0.5206521739130434 0.389945652173913 0.45760869565217394 0.3953804347826087 0.4228260869565217 0.40760869565217395 0.40760869565217395 0.40625 0.375 0.4008152173913043 0.3630434782608695 0.2907608695652174 0.3152173913043478 0.24864130434782608 0.3152173913043478 0.22826086956521738 0.32173913043478264 0.18478260869565216 0.32608695652173914 0.16304347826086957 0.33478260869565213 0.13179347826086957 0.35543478260869565 0.12228260869565218 0.3630434782608695 0.12092391304347824 0.37282608695652175 0.09782608695652174 0.3902173913043478 0.07472826086956522 0.4 0.05163043478260869 0.4032608695652174 0.02717391304347826 0.41521739130434787 0.006793478260869565 0.43804347826086953 0 0.44891304347826083
50 0.532608695652174 0.14130434782608697 0.5258152173913043 0.1706521739130435 0.5366847826086956 0.19891304347826086 0.625 0.19673913043478258 0.6535326086956521 0.1923913043478261 0.6644021739130435 0.18478260869565216 0.6725543478260869 0.16630434782608697 0.6739130434782609 0.12608695652173912 0.6644021739130435 0.11521739130434783 0.6345108695652174 0.0967391304347826 0.6182065217391304 0.09021739130434783 0.563858695652174 0.0934782608695652 0.5448369565217391 0.10543478260869565 0.546195652173913 0.11630434782608697 0.5285326086956521 0.12173913043478261 0.532608695652174 0.14130434782608697
50 0.3641304347826087 0.16195652173913042 0.3845108695652174 0.20869565217391303 0.3980978260869565 0.21304347826086958 0.46603260869565216 0.20869565217391303 0.5054347826086956 0.19673913043478258 0.5230978260869565 0.1641304347826087 0.529891304347826 0.1391304347826087 0.5271739130434783 0.11195652173913043 0.49864130434782605 0.09021739130434783 0.48641304347826086 0.08804347826086957 0.4755434782608695 0.07934782608695652 0.42934782608695654 0.07717391304347826 0.389945652173913 0.08695652173913043 0.3641304347826087 0.1076086956521739 0.3641304347826087 0.16195652173913042
50 0.18342391304347824 0.1923913043478261 0.20244565217391303 0.22391304347826085 0.21195652173913043 0.23152173913043478 0.30027173913043476 0.2260869565217391 0.34239130434782605 0.22065217391304345 0.3505434782608695 0.21413043478260868 0.34510869565217395 0.20217391304347826 0.327445652173913 0.19891304347826086 0.3247282608695652 0.1891304347826087 0.3355978260869565 0.18369565217391304 0.35733695652173914 0.18152173913043476 0.35190217391304346 0.1467391304347826 0.3247282608695652 0.12065217391304348 0.29891304347826086 0.10869565217391304 0.2703804347826087 0.10652173913043479 0.22690217391304346 0.11195652173913043 0.2010869565217391 0.13043478260869565 0.18342391304347824 0.16304347826086957 0.18342391304347824 0.1923913043478261