4 0.471875 0.7359375 0.5 0.7546875 0.5046875 0.7546875 0.5234375 0.7625 0.5296875 0.7625 0.534375 0.765625 0.540625 0.7765625 0.540625 0.79375 0.5328125 0.80625 0.50625 0.8328125 0.5 0.834375 0.4984375 0.8375 0.48125 0.846875 0.4515625 0.85 0.446875 0.853125 0.4390625 0.853125 0.396875 0.815625 0.396875 0.803125 0.390625 0.796875 0.390625 0.7765625 0.39375 0.765625 0.396875 0.7625 0.4328125 0.7546875 0.45 0.7421875 0.4703125 0.7359375
4 0.29375 0.5015625 0.3078125 0.5109375 0.321875 0.5140625 0.334375 0.5203125 0.3421875 0.51875 0.359375 0.521875 0.3984375 0.521875 0.4140625 0.5171875 0.4171875 0.5140625 0.4328125 0.5109375 0.45 0.5015625 0.4578125 0.5015625 0.4671875 0.5078125 0.48125 0.5265625 0.4875 0.53125 0.4984375 0.546875 0.4984375 0.5515625 0.49375 0.5546875 0.4890625 0.5625 0.4609375 0.5765625 0.44375 0.5796875 0.4390625 0.5828125 0.4078125 0.5828125 0.40625 0.584375 0.3703125 0.5828125 0.3640625 0.5796875 0.3546875 0.5796875 0.3515625 0.5765625 0.315625 0.5625 0.3015625 0.55 0.2921875 0.5453125 0.271875 0.5265625 0.271875 0.515625 0.2796875 0.5109375 0.2828125 0.5046875 0.2875 0.5015625 0.2921875 0.5015625
4 0.4953125 0.5640625 0.5 0.5703125 0.509375 0.575 0.51875 0.584375 0.528125 0.603125 0.5265625 0.6109375 0.496875 0.628125 0.48125 0.6296875 0.478125 0.6328125 0.471875 0.6328125 0.465625 0.6359375 0.4203125 0.6359375 0.4078125 0.6328125 0.396875 0.6328125 0.375 0.6265625 0.3734375 0.6234375 0.3578125 0.61875 0.340625 0.60625 0.3359375 0.60625 0.3140625 0.5921875 0.3109375 0.5859375 0.3125 0.571875 0.3171875 0.5671875 0.321875 0.5671875 0.3359375 0.575 0.3421875 0.575 0.34375 0.578125 0.3484375 0.578125 0.3515625 0.58125 0.359375 0.58125 0.365625 0.584375 0.375 0.584375 0.384375 0.5875 0.421875 0.5875 0.4453125 0.584375 0.4484375 0.58125 0.4546875 0.58125 0.4796875 0.5703125 0.4890625 0.5640625 0.49375 0.5640625
4 0.384375 0.3296875 0.4 0.3375 0.4328125 0.3734375 0.434375 0.3828125 0.4265625 0.3984375 0.4125 0.40625 0.375 0.4203125 0.3265625 0.421875 0.325 0.4234375 0.3046875 0.41875 0.29375 0.41875 0.290625 0.415625 0.2859375 0.415625 0.259375 0.4046875 0.25 0.3984375 0.2453125 0.3921875 0.2296875 0.3828125 0.2203125 0.3734375 0.21875 0.36875 0.2234375 0.359375 0.23125 0.35 0.25 0.3390625 0.28125 0.3453125 0.3140625 0.346875 0.3421875 0.34375 0.3453125 0.340625 0.353125 0.340625 0.3546875 0.3375 0.3609375 0.334375 0.371875 0.3328125 0.375 0.3296875 0.3828125 0.3296875
4 0.3109375 0.578125 0.315625 0.59375 0.35625 0.61875 0.371875 0.625 0.378125 0.63125 0.36875 0.634375 0.3546875 0.6328125 0.3390625 0.6234375 0.334375 0.6234375 0.3328125 0.6203125 0.3234375 0.615625 0.3234375 0.6109375 0.3125 0.5984375 0.3125 0.59375 0.3078125 0.584375 0.309375 0.5796875
4 0.2171875 0.5390625 0.228125 0.5421875 0.240625 0.5515625 0.246875 0.5515625 0.253125 0.5546875 0.265625 0.5546875 0.271875 0.5515625 0.2765625 0.540625 0.2796875 0.540625 0.2984375 0.5515625 0.309375 0.5609375 0.3109375 0.56875 0.3015625 0.575 0.2640625 0.5765625 0.2484375 0.5796875 0.2359375 0.5828125 0.21875 0.5921875 0.209375 0.59375 0.1859375 0.6078125 0.178125 0.6265625 0.1671875 0.61875 0.15625 0.5953125 0.15 0.5890625 0.1546875 0.5625 0.1703125 0.546875 0.1734375 0.546875 0.178125 0.5421875 0.1890625 0.5390625 0.215625 0.5390625
4 0.271875 0.578125 0.2734375 0.5796875 0.303125 0.578125 0.3109375 0.6 0.321875 0.6109375 0.321875 0.6140625 0.315625 0.61875 0.3046875 0.6203125 0.3015625 0.6234375 0.296875 0.6234375 0.2875 0.6296875 0.2734375 0.634375 0.2625 0.6453125 0.259375 0.6515625 0.2578125 0.6640625 0.259375 0.6921875 0.2375 0.69375 0.2265625 0.6890625 0.209375 0.6765625 0.1890625 0.653125 0.1859375 0.6375 0.18125 0.6296875 0.18125 0.6203125 0.1921875 0.6046875 0.2015625 0.6015625 0.203125 0.5984375 0.2078125 0.5984375 0.209375 0.5953125 0.21875 0.59375 0.2375 0.584375 0.2703125 0.5796875
4 0.23125 0.425 0.2484375 0.434375 0.259375 0.4484375 0.2671875 0.4546875 0.2609375 0.4703125 0.2609375 0.4765625 0.28125 0.496875 0.2796875 0.5046875 0.2671875 0.5171875 0.2671875 0.5234375 0.2703125 0.528125 0.2734375 0.5421875 0.265625 0.55 0.25 0.55 0.2375 0.5453125 0.2296875 0.5390625 0.184375 0.5328125 0.1703125 0.5265625 0.1421875 0.51875 0.1359375 0.509375 0.1359375 0.5046875 0.1296875 0.4953125 0.1296875 0.490625 0.125 0.48125 0.125 0.4640625 0.1359375 0.4421875 0.15 0.43125 0.1671875 0.4265625 0.1859375 0.4265625 0.2015625 0.4234375 0.228125 0.4234375 0.2296875 0.425
4 0.253125 0.4046875 0.2921875 0.4203125 0.3 0.4203125 0.315625 0.425 0.3703125 0.4234375 0.375 0.4203125 0.38125 0.4203125 0.39375 0.4140625 0.3984375 0.4140625 0.4078125 0.4078125 0.4265625 0.4046875 0.4359375 0.4125 0.4359375 0.415625 0.4390625 0.4171875 0.446875 0.4296875 0.44375 0.4421875 0.425 0.453125 0.4203125 0.453125 0.4109375 0.459375 0.40625 0.459375 0.3921875 0.46875 0.3859375 0.46875 0.384375 0.471875 0.3703125 0.475 0.36875 0.4734375 0.3375 0.475 0.3296875 0.471875 0.3125 0.471875 0.275 0.45625 0.265625 0.45 0.246875 0.4296875 0.2328125 0.421875 0.2328125 0.4171875 0.2375 0.4109375 0.2515625 0.4046875
4 0.384375 0.634375 0.428125 0.640625 0.4296875 0.6390625 0.453125 0.640625 0.46875 0.6453125 0.484375 0.6546875 0.4890625 0.659375 0.4890625 0.6625 0.4984375 0.6703125 0.5015625 0.678125 0.4984375 0.6859375 0.484375 0.69375 0.471875 0.7078125 0.4671875 0.715625 0.4671875 0.73125 0.465625 0.7328125 0.453125 0.7375 0.4296875 0.753125 0.415625 0.753125 0.409375 0.75625 0.3890625 0.75625 0.384375 0.759375 0.38125 0.759375 0.375 0.753125 0.35625 0.74375 0.3484375 0.7375 0.325 0.7296875 0.315625 0.715625 0.3125 0.6953125 0.3125 0.68125 0.31875 0.671875 0.3234375 0.65625 0.334375 0.6453125 0.35625 0.6375 0.371875 0.6375 0.3828125 0.634375
4 0.325 0.61875 0.3328125 0.621875 0.334375 0.625 0.35 0.628125 0.3546875 0.634375 0.334375 0.64375 0.321875 0.65625 0.315625 0.675 0.3109375 0.68125 0.3109375 0.70625 0.321875 0.73125 0.3125 0.73125 0.2953125 0.7234375 0.2640625 0.69375 0.259375 0.68125 0.259375 0.665625 0.2625 0.6484375 0.271875 0.6375 0.296875 0.625 0.3234375 0.61875
4 0.2796875 0.215625 0.3078125 0.21875 0.353125 0.240625 0.3546875 0.24375 0.3734375 0.25625 0.384375 0.2796875 0.3890625 0.3078125 0.38125 0.321875 0.3765625 0.3265625 0.3625 0.3328125 0.3296875 0.3421875 0.284375 0.3421875 0.2765625 0.3390625 0.2671875 0.3390625 0.2546875 0.3328125 0.24375 0.33125 0.2234375 0.321875 0.21875 0.321875 0.2171875 0.31875 0.2140625 0.31875 0.20625 0.3125 0.19375 0.3078125 0.1875 0.3015625 0.1828125 0.2921875 0.1828125 0.2765625 0.1875 0.2609375 0.1984375 0.24375 0.1984375 0.240625 0.20625 0.2359375 0.209375 0.23125 0.2140625 0.2296875 0.2203125 0.2234375 0.2375 0.2203125 0.2453125 0.215625 0.278125 0.215625
4 0.1375 0.4375 0.128125 0.459375 0.1234375 0.4640625 0.1234375 0.48125 0.128125 0.4890625 0.128125 0.4953125 0.134375 0.5046875 0.1359375 0.5140625 0.140625 0.5203125 0.1515625 0.525 0.159375 0.525 0.178125 0.534375 0.175 0.5390625 0.1625 0.540625 0.1328125 0.540625 0.13125 0.5390625 0.115625 0.5390625 0.1078125 0.5359375 0.09375 0.5234375 0.0765625 0.4984375 0.075 0.4921875 0.0765625 0.4671875 0.084375 0.453125 0.0875 0.45 0.1046875 0.44375 0.1125 0.44375 0.1171875 0.440625 0.1359375 0.4375
4 0.453125 0.453125 0.4578125 0.459375 0.4578125 0.4640625 0.4671875 0.4828125 0.4671875 0.4875 0.4640625 0.4921875 0.453125 0.5 0.4484375 0.5 0.4453125 0.503125 0.434375 0.50625 0.43125 0.509375 0.4171875 0.5125 0.4140625 0.515625 0.409375 0.515625 0.4046875 0.51875 0.3859375 0.51875 0.384375 0.5203125 0.3328125 0.5171875 0.303125 0.50625 0.296875 0.5 0.284375 0.4953125 0.2796875 0.4890625 0.265625 0.478125 0.2640625 0.4703125 0.26875 0.4609375 0.275 0.4578125 0.309375 0.4734375 0.3203125 0.4734375 0.3296875 0.4765625 0.3734375 0.4765625 0.378125 0.4734375 0.3921875 0.4703125 0.4078125 0.4609375 0.415625 0.4609375 0.4171875 0.4578125 0.440625 0.4453125 0.4453125 0.4453125 0.4515625 0.453125
52 0.6127717391304348 0.7176350662589195 0.625 0.7308868501529052 0.6942934782608695 0.7482161060142711 0.7472826086956521 0.7563710499490316 0.7703804347826086 0.7573904179408767 0.7758152173913043 0.7522935779816514 0.7907608695652174 0.7043832823649337 0.7894021739130435 0.6921508664627931 0.7771739130434783 0.6839959225280327 0.7282608695652174 0.6738022426095821 0.6956521739130435 0.671763506625892 0.6358695652173914 0.6809378185524975 0.6154891304347826 0.6952089704383282 0.6127717391304348 0.7176350662589195
52 0.7595108695652174 0.6411824668705404 0.7540760869565217 0.6615698267074415 0.763586956521739 0.6778797145769623 0.782608695652174 0.6839959225280327 0.8002717391304348 0.7033639143730887 0.8165760869565217 0.708460754332314 0.8328804347826086 0.7064220183486238 0.8777173913043479 0.654434250764526 0.8736413043478259 0.6422018348623854 0.8423913043478259 0.6187563710499491 0.8057065217391305 0.6055045871559633 0.7690217391304348 0.6055045871559633 0.7567934782608695 0.6106014271151886 0.7595108695652174 0.6411824668705404
52 0.6168478260869565 0.6646279306829765 0.625 0.6697247706422018 0.6657608695652174 0.672782874617737 0.7092391304347826 0.6615698267074415 0.7472826086956521 0.6605504587155964 0.7567934782608695 0.6513761467889909 0.7472826086956521 0.598369011213048 0.720108695652174 0.5891946992864424 0.6779891304347826 0.5891946992864424 0.65625 0.6197757390417941 0.6195652173913043 0.6299694189602446 0.6114130434782609 0.6371049949031601 0.6168478260869565 0.6646279306829765
52 0.6834239130434783 0.5718654434250765 0.688858695652174 0.582059123343527 0.7282608695652174 0.5881753312945974 0.7527173913043479 0.598369011213048 0.8043478260869564 0.5932721712538227 0.8274456521739131 0.582059123343527 0.84375 0.5606523955147809 0.8383152173913043 0.5219164118246687 0.8002717391304348 0.4974515800203874 0.7730978260869565 0.49439347604485223 0.751358695652174 0.4994903160040775 0.7527173913043479 0.5219164118246687 0.7418478260869565 0.5423037716615698 0.720108695652174 0.5555555555555556 0.6983695652173914 0.5575942915392457 0.6875 0.5647298674821611 0.6834239130434783 0.5718654434250765
52 0.563858695652174 0.5025484199796126 0.5964673913043479 0.527013251783894 0.6114130434782609 0.5300713557594292 0.6358695652173914 0.5239551478083588 0.7038043478260869 0.5178389398572885 0.7404891304347826 0.5076452599388379 0.7459239130434783 0.4994903160040775 0.7445652173913043 0.48929663608562696 0.7540760869565217 0.4852191641182467 0.7581521739130435 0.46992864424057085 0.7404891304347826 0.4525993883792049 0.717391304347826 0.44342507645259943 0.6440217391304348 0.436289500509684 0.6127717391304348 0.4454638124362895 0.5855978260869565 0.4597349643221203 0.563858695652174 0.4882772680937819 0.563858695652174 0.5025484199796126
52 0.6589673913043479 0.43527013251783897 0.6793478260869565 0.44036697247706424 0.7105978260869565 0.4393476044852192 0.7472826086956521 0.45565749235474007 0.7595108695652174 0.4689092762487258 0.7567934782608695 0.48725790010193687 0.8179347826086957 0.46381243628950053 0.8220108695652174 0.42201834862385323 0.8070652173913043 0.4046890927624872 0.779891304347826 0.3873598369011213 0.7282608695652174 0.3873598369011213 0.6766304347826086 0.40672782874617736 0.6603260869565217 0.41997961264016315 0.6589673913043479 0.43527013251783897
52 0.49728260869565216 0.5433231396534148 0.49864130434782605 0.562691131498471 0.529891304347826 0.6004077471967381 0.5434782608695652 0.601427115188583 0.5597826086956521 0.5963302752293578 0.592391304347826 0.5677879714576963 0.5978260869565217 0.5443425076452599 0.5883152173913043 0.5229357798165137 0.5652173913043479 0.5066258919469929 0.5448369565217391 0.49847094801223246 0.48641304347826086 0.4974515800203874 0.4728260869565217 0.5056065239551478 0.49728260869565216 0.5433231396534148
52 0.563858695652174 0.6156982670744139 0.5978260869565217 0.6299694189602446 0.6521739130434783 0.6197757390417941 0.6603260869565217 0.6156982670744139 0.6766304347826086 0.5861365953109072 0.6752717391304348 0.5606523955147809 0.6494565217391304 0.5433231396534148 0.6317934782608695 0.5392456676860347 0.6073369565217391 0.5402650356778798 0.6005434782608695 0.5433231396534148 0.5896739130434783 0.5759429153924567 0.561141304347826 0.598369011213048 0.563858695652174 0.6156982670744139
52 0.501358695652174 0.6289500509683996 0.48097826086956524 0.6330275229357798 0.5910326086956521 0.6768603465851173 0.6114130434782609 0.6707441386340469 0.6059782608695652 0.6422018348623854 0.5855978260869565 0.6248725790010193 0.532608695652174 0.6156982670744139 0.5163043478260869 0.6187563710499491 0.501358695652174 0.6289500509683996
52 0.46875 0.7166156982670745 0.4728260869565217 0.7319062181447503 0.49184782608695654 0.7471967380224261 0.5353260869565217 0.7604485219164119 0.5529891304347826 0.7543323139653415 0.577445652173913 0.7349643221202855 0.59375 0.6952089704383282 0.592391304347826 0.6809378185524975 0.5665760869565217 0.6676860346585117 0.5380434782608695 0.6636085626911316 0.5081521739130435 0.6799184505606524 0.4728260869565217 0.708460754332314 0.46875 0.7166156982670745
52 0.46059782608695654 0.4617737003058104 0.4741847826086956 0.4882772680937819 0.4850543478260869 0.49439347604485223 0.5475543478260869 0.4964322120285424 0.5597826086956521 0.4913353720693171 0.5692934782608695 0.4740061162079511 0.5910326086956521 0.45361875637105 0.592391304347826 0.4240570846075434 0.5733695652173914 0.41080530071355764 0.5529891304347826 0.40672782874617736 0.5203804347826086 0.41386340468909283 0.501358695652174 0.41386340468909283 0.4728260869565217 0.4281345565749236 0.4619565217391305 0.44648318042813456 0.46059782608695654 0.4617737003058104
52 0.6521739130434783 0.3251783893985729 0.6331521739130435 0.35881753312945974 0.6453804347826086 0.36595310907237516 0.6535326086956521 0.37920489296636084 0.6480978260869565 0.4250764525993884 0.6644021739130435 0.43527013251783897 0.6603260869565217 0.4240570846075434 0.6684782608695652 0.4097859327217125 0.6970108695652174 0.39551478083588176 0.717391304347826 0.3904179408766565 0.7282608695652174 0.382262996941896 0.748641304347826 0.34454638124362896 0.751358695652174 0.3282364933741081 0.7459239130434783 0.3119266055045872 0.6929347826086956 0.2854230377166157 0.6725543478260869 0.2884811416921509 0.65625 0.3068297655453619 0.6521739130434783 0.3251783893985729
52 0.5570652173913043 0.40366972477064217 0.5883152173913043 0.41794087665647306 0.595108695652174 0.45158002038735984 0.638586956521739 0.43119266055045874 0.6494565217391304 0.4077471967380224 0.6494565217391304 0.3730886850152905 0.6453804347826086 0.36799184505606525 0.6073369565217391 0.3608562691131499 0.5747282608695652 0.36595310907237516 0.5665760869565217 0.3761467889908257 0.5570652173913043 0.40366972477064217
52 0.5353260869565217 0.31804281345565755 0.5597826086956521 0.32415902140672787 0.5706521739130435 0.36187563710499493 0.626358695652174 0.35881753312945974 0.6494565217391304 0.32008154943934763 0.657608695652174 0.2782874617737003 0.654891304347826 0.24464831804281348 0.6331521739130435 0.22018348623853212 0.5978260869565217 0.21304791029561673 0.561141304347826 0.22222222222222224 0.5502717391304348 0.2324159021406728 0.5489130434782609 0.24974515800203875 0.5380434782608695 0.2691131498470948 0.5353260869565217 0.31804281345565755
52 0.4470108695652174 0.4128440366972478 0.45244565217391297 0.4281345565749236 0.4619565217391305 0.436289500509684 0.4891304347826087 0.4159021406727829 0.53125 0.41080530071355764 0.5529891304347826 0.40366972477064217 0.5679347826086956 0.3669724770642202 0.5570652173913043 0.32415902140672787 0.5054347826086956 0.3129459734964322 0.46603260869565216 0.33843017329255864 0.44972826086956524 0.35677879714576965 0.44565217391304346 0.37104994903160043 0.4470108695652174 0.4128440366972478
52 0.38858695652173914 0.24413863404689096 0.3804347826086957 0.26605504587155965 0.3953804347826087 0.31804281345565755 0.4171195652173913 0.345565749235474 0.4483695652173913 0.35474006116207957 0.4728260869565217 0.33231396534148827 0.5122282608695652 0.308868501529052 0.5258152173913043 0.2925586136595311 0.5203804347826086 0.24770642201834864 0.5081521739130435 0.20897043832823653 0.4945652173913043 0.1926605504587156 0.4741847826086956 0.19673802242609584 0.45244565217391297 0.19571865443425077 0.3967391304347826 0.21100917431192662 0.389945652173913 0.22120285423037717 0.38858695652173914 0.24413863404689096