42 0.6182065217391304 0.5851172273190622 0.638586956521739 0.6085626911314985 0.6630434782608695 0.6197757390417941 0.7391304347826086 0.6401630988786953 0.7445652173913043 0.6452599388379205 0.779891304347826 0.6523955147808359 0.7975543478260869 0.6523955147808359 0.8179347826086957 0.6391437308868502 0.8165760869565217 0.6228338430173292 0.796195652173913 0.6055045871559633 0.7771739130434783 0.5973496432212029 0.7092391304347826 0.582059123343527 0.6535326086956521 0.5555555555555556 0.6304347826086956 0.5586136595310907 0.6168478260869565 0.5708460754332314 0.6182065217391304 0.5851172273190622
42 0.6168478260869565 0.582059123343527 0.626358695652174 0.5953109072375128 0.6426630434782609 0.6116207951070336 0.6603260869565217 0.6187563710499491 0.7391304347826086 0.6401630988786953 0.7445652173913043 0.6462793068297656 0.7676630434782609 0.6472986748216106 0.779891304347826 0.6523955147808359 0.7975543478260869 0.6523955147808359 0.8165760869565217 0.6411824668705404 0.8152173913043479 0.6228338430173292 0.8002717391304348 0.6075433231396534 0.7744565217391304 0.5963302752293578 0.7350543478260869 0.5851172273190622 0.7119565217391304 0.5830784913353722 0.6535326086956521 0.5555555555555556 0.6317934782608695 0.5575942915392457 0.6168478260869565 0.5708460754332314 0.6168478260869565 0.582059123343527
42 0.6657608695652174 0.5361875637104995 0.671195652173913 0.5412844036697247 0.7078804347826086 0.5382262996941896 0.7975543478260869 0.5117227319062182 0.8410326086956521 0.5066258919469929 0.8763586956521738 0.4913353720693171 0.8804347826086957 0.4831804281345565 0.8736413043478259 0.47604485219164117 0.8274456521739131 0.46687054026503566 0.7853260869565217 0.4648318042813456 0.6983695652173914 0.4862385321100918 0.6779891304347826 0.5015290519877676 0.6671195652173914 0.5239551478083588 0.6657608695652174 0.5361875637104995
42 0.720108695652174 0.4281345565749236 0.7282608695652174 0.436289500509684 0.7758152173913043 0.44648318042813456 0.7989130434782609 0.4566768603465851 0.8559782608695652 0.47196738022426094 0.8763586956521738 0.4750254841997961 0.9076086956521738 0.472986748216106 0.9293478260869564 0.45769622833843016 0.9252717391304348 0.44954128440366975 0.892663043478261 0.436289500509684 0.794836956521739 0.4128440366972478 0.7445652173913043 0.39551478083588176 0.7214673913043479 0.41794087665647306 0.720108695652174 0.4281345565749236
42 0.7432065217391304 0.7054026503567787 0.7567934782608695 0.7196738022426097 0.7730978260869565 0.72782874617737 0.8315217391304348 0.6839959225280327 0.9211956521739131 0.601427115188583 0.923913043478261 0.5871559633027523 0.9184782608695652 0.580020387359837 0.8967391304347826 0.5677879714576963 0.8654891304347826 0.5718654434250765 0.8206521739130433 0.6085626911314985 0.8165760869565217 0.6442405708460754 0.7975543478260869 0.653414882772681 0.78125 0.654434250764526 0.75 0.6850152905198776 0.7432065217391304 0.7054026503567787
42 0.71875 0.5657492354740061 0.6997282608695652 0.5708460754332314 0.701086956521739 0.5739041794087666 0.764945652173913 0.5922528032619776 0.7839673913043478 0.5902140672782875 0.8220108695652174 0.5759429153924567 0.8899456521739131 0.5402650356778798 0.9035326086956521 0.5178389398572885 0.9035326086956521 0.4964322120285424 0.888586956521739 0.4913353720693171 0.8654891304347826 0.4974515800203874 0.8016304347826086 0.5249745158002039 0.71875 0.5657492354740061
42 0.6603260869565217 0.4566768603465851 0.6644021739130435 0.4597349643221203 0.6902173913043479 0.46381243628950053 0.720108695652174 0.4505606523955148 0.717391304347826 0.4209989806320082 0.7255434782608695 0.37512742099898067 0.7160326086956521 0.32619775739041795 0.7092391304347826 0.3190621814475026 0.6997282608695652 0.32008154943934763 0.6929347826086956 0.327217125382263 0.6834239130434783 0.35474006116207957 0.669836956521739 0.3649337410805301 0.6616847826086956 0.41997961264016315 0.6603260869565217 0.4566768603465851
42 0.7459239130434783 0.3577981651376147 0.7730978260869565 0.38022426095820594 0.8084239130434783 0.40061162079510704 0.8396739130434783 0.4016309887869521 0.8654891304347826 0.3873598369011213 0.8654891304347826 0.38022426095820594 0.8505434782608695 0.36799184505606525 0.764945652173913 0.31702344546381245 0.75 0.31702344546381245 0.7418478260869565 0.327217125382263 0.7459239130434783 0.3577981651376147
42 0.626358695652174 0.4954128440366973 0.626358695652174 0.5056065239551478 0.6358695652173914 0.5076452599388379 0.7119565217391304 0.48114169215086644 0.794836956521739 0.4597349643221203 0.7771739130434783 0.44954128440366975 0.7445652173913043 0.4444444444444445 0.671195652173913 0.4689092762487258 0.6603260869565217 0.47604485219164117 0.657608695652174 0.4852191641182467 0.6317934782608695 0.4913353720693171 0.626358695652174 0.4954128440366973
42 0.623641304347826 0.3486238532110092 0.6345108695652174 0.382262996941896 0.639945652173913 0.3934760448521917 0.65625 0.4016309887869521 0.6671195652173914 0.37512742099898067 0.65625 0.34454638124362896 0.657608695652174 0.327217125382263 0.639945652173913 0.3251783893985729 0.6277173913043479 0.33333333333333337 0.623641304347826 0.3486238532110092
42 0.6467391304347826 0.6442405708460754 0.6603260869565217 0.6585117227319063 0.6807065217391304 0.6656472986748216 0.6956521739130435 0.6646279306829765 0.7445652173913043 0.6472986748216106 0.7241847826086956 0.6371049949031601 0.6902173913043479 0.6279306829765545 0.6766304347826086 0.6279306829765545 0.6494565217391304 0.6381243628950052 0.6467391304347826 0.6442405708460754
42 0.7364130434782609 0.40061162079510704 0.75 0.39653414882772686 0.8165760869565217 0.4189602446483181 0.8845108695652174 0.436289500509684 0.8967391304347826 0.43527013251783897 0.8858695652173912 0.42609582059123347 0.8695652173913043 0.42303771661569833 0.8233695652173912 0.4026503567787971 0.8125 0.4026503567787971 0.7921195652173914 0.39245667686034663 0.7785326086956521 0.3934760448521917 0.7608695652173914 0.3853211009174312 0.7377717391304348 0.39143730886850153 0.7364130434782609 0.40061162079510704
31 0.4741847826086956 0.3700305810397554 0.4850543478260869 0.382262996941896 0.48777173913043476 0.3934760448521917 0.5027173913043479 0.3934760448521917 0.5529891304347826 0.381243628950051 0.595108695652174 0.3649337410805301 0.6019021739130435 0.3557594291539246 0.6032608695652174 0.3435270132517839 0.592391304347826 0.33333333333333337 0.5353260869565217 0.3109072375127421 0.4959239130434782 0.3149847094801223 0.47146739130434784 0.3312945973496432 0.4741847826086956 0.3700305810397554
31 0.16304347826086957 0.31396534148827726 0.14130434782608697 0.33231396534148827 0.13722826086956522 0.3577981651376147 0.19429347826086957 0.39551478083588176 0.19157608695652173 0.41080530071355764 0.24184782608695649 0.4281345565749236 0.3152173913043478 0.4250764525993884 0.43614130434782605 0.436289500509684 0.4619565217391305 0.4342507645259939 0.5407608695652174 0.45871559633027525 0.5570652173913043 0.4740061162079511 0.5760869565217391 0.4831804281345565 0.6019021739130435 0.47910295616717635 0.6073369565217391 0.49235474006116214 0.6209239130434783 0.4862385321100918 0.6494565217391304 0.4831804281345565 0.6657608695652174 0.4658511722731906 0.6793478260869565 0.46279306829765543 0.6793478260869565 0.45871559633027525 0.657608695652174 0.44342507645259943 0.6589673913043479 0.43119266055045874 0.6535326086956521 0.43119266055045874 0.638586956521739 0.41386340468909283 0.6480978260869565 0.40061162079510704 0.7228260869565217 0.382262996941896 0.733695652173913 0.38634046890927626 0.7418478260869565 0.37716615698267075 0.7364130434782609 0.3302752293577982 0.7228260869565217 0.2996941896024465 0.6956521739130435 0.28236493374108057 0.6827445652173914 0.27879714576962283 0.6644021739130435 0.2640163098878695 0.6019021739130435 0.20693170234454641 0.6059782608695652 0.20081549439347604 0.6019021739130435 0.19571865443425077 0.5842391304347826 0.20591233435270134 0.546195652173913 0.2161060142711519 0.532608695652174 0.21100917431192662 0.5067934782608695 0.20998980632008157 0.49728260869565216 0.19367991845056065 0.4646739130434782 0.18450560652395515 0.45652173913043476 0.17737003058103978 0.4442934782608695 0.17838939857288483 0.4021739130434782 0.19571865443425077 0.3858695652173913 0.19367991845056065 0.3804347826086957 0.18858307849133538 0.36277173913043476 0.18960244648318042 0.3505434782608695 0.19775739041794088 0.1644021739130435 0.2609582059123344 0.16304347826086957 0.31396534148827726
7 0.016304347826086956 0.5310907237512742 0.024456521739130436 0.562691131498471 0.05298913043478261 0.580020387359837 0.06793478260869565 0.5953109072375128 0.1358695652173913 0.6156982670744139 0.1983695652173913 0.6279306829765545 0.24184782608695649 0.6289500509683996 0.2699279891304348 0.6248725790010193 0.34510869565217395 0.6523955147808359 0.4116847826086956 0.6605504587155964 0.42934782608695654 0.6523955147808359 0.45244565217391297 0.6248725790010193 0.49864130434782605 0.6065239551478083 0.5122282608695652 0.617737003058104 0.5176630434782609 0.6340468909276249 0.5394021739130435 0.6381243628950052 0.6209239130434783 0.6707441386340469 0.6440217391304348 0.6615698267074415 0.6440217391304348 0.654434250764526 0.6372282608695652 0.6503567787971458 0.639945652173913 0.6187563710499491 0.6358695652173914 0.6116207951070336 0.6195652173913043 0.5963302752293578 0.5883152173913043 0.5861365953109072 0.5842391304347826 0.5759429153924567 0.6100543478260869 0.5708460754332314 0.6277173913043479 0.5565749235474006 0.6331521739130435 0.5290519877675841 0.626358695652174 0.5188583078491336 0.529891304347826 0.45769622833843016 0.48777173913043476 0.4444444444444445 0.46603260869565216 0.4393476044852192 0.37228260869565216 0.4322120285423038 0.34510869565217395 0.436289500509684 0.3029891304347826 0.4281345565749236 0.24456521739130435 0.4322120285423038 0.20516304347826084 0.41692150866462796 0.17527173913043476 0.41080530071355764 0.13994565217391303 0.41080530071355764 0.11413043478260869 0.4148827726809379 0.10190217391304349 0.42201834862385323 0.043478260869565216 0.46992864424057085 0.024456521739130436 0.5005096839959225 0.016304347826086956 0.5310907237512742