11 0.6453125 0.284375 0.6578125 0.2859375 0.6609375 0.2828125 0.671875 0.2828125 0.675 0.2859375 0.696875 0.2859375 0.721875 0.290625 0.728125 0.3 0.728125 0.3078125 0.7375 0.3171875 0.734375 0.3234375 0.734375 0.3328125 0.7265625 0.334375 0.71875 0.3328125 0.7171875 0.334375 0.7203125 0.340625 0.7203125 0.3515625 0.7140625 0.35625 0.7078125 0.35625 0.703125 0.3625 0.703125 0.36875 0.7109375 0.3765625 0.715625 0.3765625 0.7203125 0.3796875 0.73125 0.38125 0.7546875 0.3796875 0.7609375 0.38125 0.76875 0.3875 0.76875 0.396875 0.759375 0.4078125 0.759375 0.4125 0.753125 0.425 0.7453125 0.4328125 0.7046875 0.4453125 0.6796875 0.4453125 0.6640625 0.4359375 0.6359375 0.4296875 0.634375 0.43125 0.596875 0.4328125 0.590625 0.4359375 0.578125 0.4375 0.5515625 0.4359375 0.5484375 0.4390625 0.5359375 0.440625 0.5234375 0.4390625 0.5171875 0.4359375 0.5140625 0.43125 0.5140625 0.4140625 0.5125 0.4125 0.5140625 0.396875 0.521875 0.3875 0.521875 0.3796875 0.53125 0.378125 0.53125 0.36875 0.534375 0.365625 0.5328125 0.3578125 0.521875 0.3484375 0.521875 0.3328125 0.528125 0.3265625 0.540625 0.3203125 0.5484375 0.309375 0.5578125 0.303125 0.5640625 0.303125 0.5734375 0.2953125 0.590625 0.29375 0.5984375 0.2875 0.6078125 0.2859375 0.64375 0.284375
11 0.809375 0.61875 0.81875 0.625 0.8234375 0.63125 0.8328125 0.63125 0.8390625 0.625 0.8484375 0.6203125 0.85625 0.621875 0.853125 0.628125 0.8515625 0.646875 0.8578125 0.6546875 0.8578125 0.6578125 0.853125 0.6625 0.8421875 0.6625 0.8296875 0.665625 0.821875 0.6734375 0.80625 0.6796875 0.784375 0.6796875 0.7796875 0.671875 0.7734375 0.6671875 0.7484375 0.6765625 0.7375 0.6703125 0.715625 0.6703125 0.70625 0.6671875 0.6875 0.665625 0.6828125 0.6625 0.6828125 0.6578125 0.7 0.640625 0.734375 0.621875 0.746875 0.621875 0.7640625 0.628125 0.775 0.628125 0.7890625 0.6171875 0.80625 0.6171875 0.8078125 0.61875
11 0.3984375 0.3109375 0.4125 0.315625 0.4328125 0.3171875 0.4515625 0.3265625 0.4640625 0.3265625 0.4671875 0.3234375 0.475 0.3234375 0.4796875 0.3203125 0.5078125 0.3203125 0.509375 0.321875 0.5125 0.328125 0.5109375 0.3296875 0.5125 0.3359375 0.5203125 0.340625 0.5203125 0.34375 0.5296875 0.3515625 0.534375 0.3609375 0.5359375 0.365625 0.5328125 0.378125 0.528125 0.3828125 0.525 0.3828125 0.5203125 0.3875 0.5203125 0.390625 0.5109375 0.3953125 0.5046875 0.4015625 0.4921875 0.40625 0.4875 0.4125 0.484375 0.4125 0.478125 0.41875 0.45 0.415625 0.446875 0.4125 0.440625 0.4125 0.4359375 0.409375 0.4234375 0.409375 0.403125 0.3984375 0.4 0.390625 0.4046875 0.3828125 0.4078125 0.3703125 0.40625 0.3578125 0.3671875 0.325 0.36875 0.3203125 0.371875 0.3203125 0.3796875 0.3140625 0.396875 0.3109375
11 0.3859375 0.5421875 0.4125 0.5484375 0.41875 0.5546875 0.4265625 0.5578125 0.43125 0.5640625 0.434375 0.5640625 0.4453125 0.575 0.446875 0.5921875 0.4609375 0.6015625 0.45625 0.609375 0.4625 0.625 0.4625 0.634375 0.44375 0.6375 0.4359375 0.64375 0.4359375 0.65 0.428125 0.6484375 0.421875 0.653125 0.396875 0.6515625 0.3890625 0.6578125 0.3890625 0.6640625 0.378125 0.6765625 0.375 0.6765625 0.3734375 0.6796875 0.3671875 0.6828125 0.359375 0.6828125 0.35625 0.6859375 0.3453125 0.6890625 0.3390625 0.6890625 0.328125 0.6828125 0.3234375 0.6796875 0.3203125 0.6734375 0.303125 0.66875 0.296875 0.6625 0.290625 0.6484375 0.2828125 0.6421875 0.2828125 0.6375 0.2921875 0.6265625 0.2921875 0.6109375 0.290625 0.609375 0.2921875 0.5984375 0.2984375 0.5921875 0.303125 0.58125 0.3125 0.571875 0.3171875 0.5625 0.321875 0.5609375 0.328125 0.5546875 0.33125 0.5546875 0.334375 0.55 0.340625 0.546875 0.3484375 0.546875 0.3703125 0.5515625 0.384375 0.5421875
11 0.8453125 0.4296875 0.853125 0.4328125 0.865625 0.43125 0.8703125 0.434375 0.8765625 0.4421875 0.86875 0.453125 0.8734375 0.4625 0.884375 0.4671875 0.8953125 0.4671875 0.903125 0.4703125 0.90625 0.478125 0.915625 0.4875 0.915625 0.490625 0.925 0.503125 0.9125 0.5140625 0.9109375 0.5171875 0.9125 0.5265625 0.9046875 0.53125 0.903125 0.5390625 0.896875 0.5453125 0.875 0.55625 0.8640625 0.565625 0.8546875 0.565625 0.8515625 0.56875 0.840625 0.5703125 0.8328125 0.578125 0.8328125 0.5828125 0.8296875 0.5859375 0.8234375 0.5890625 0.8046875 0.5921875 0.8015625 0.596875 0.7953125 0.6 0.771875 0.596875 0.7671875 0.59375 0.7515625 0.59375 0.75 0.584375 0.7453125 0.5796875 0.7296875 0.5734375 0.728125 0.5703125 0.7109375 0.565625 0.70625 0.559375 0.703125 0.559375 0.6984375 0.5546875 0.6953125 0.5484375 0.684375 0.5375 0.6609375 0.53125 0.6546875 0.5328125 0.6484375 0.5296875 0.6359375 0.5203125 0.6328125 0.5078125 0.621875 0.4953125 0.61875 0.4875 0.6234375 0.4828125 0.64375 0.478125 0.6515625 0.4703125 0.6625 0.4703125 0.678125 0.4640625 0.684375 0.4609375 0.6875 0.45625 0.696875 0.45625 0.7078125 0.4609375 0.7109375 0.4578125 0.721875 0.4546875 0.7296875 0.440625 0.7359375 0.440625 0.740625 0.4375 0.7625 0.4328125 0.7984375 0.434375 0.80625 0.440625 0.815625 0.4546875 0.821875 0.4578125 0.8328125 0.4578125 0.834375 0.4546875 0.8421875 0.4515625 0.8453125 0.4421875 0.8453125 0.4375 0.834375 0.43125 0.84375 0.4296875
11 0.321875 0.3984375 0.334375 0.4 0.3359375 0.4046875 0.3328125 0.4078125 0.3078125 0.415625 0.290625 0.415625 0.2734375 0.421875 0.25625 0.4390625 0.253125 0.4390625 0.2484375 0.44375 0.2484375 0.4609375 0.2375 0.459375 0.2328125 0.453125 0.2265625 0.453125 0.221875 0.4578125 0.2171875 0.46875 0.2171875 0.50625 0.228125 0.53125 0.23125 0.546875 0.2390625 0.5609375 0.2390625 0.5703125 0.2421875 0.578125 0.240625 0.5890625 0.2421875 0.596875 0.2453125 0.5984375 0.2484375 0.6078125 0.2703125 0.6375 0.2796875 0.64375 0.28125 0.6484375 0.2890625 0.6515625 0.290625 0.65625 0.303125 0.6703125 0.3078125 0.6703125 0.3140625 0.675 0.3203125 0.696875 0.328125 0.7078125 0.328125 0.7140625 0.3203125 0.7234375 0.3046875 0.7265625 0.29375 0.7328125 0.2828125 0.7328125 0.271875 0.7421875 0.2296875 0.740625 0.21875 0.74375 0.215625 0.746875 0.2046875 0.746875 0.2 0.75 0.190625 0.75 0.178125 0.74375 0.1671875 0.7296875 0.1609375 0.7265625 0.159375 0.7234375 0.159375 0.7046875 0.1625 0.7 0.1625 0.684375 0.159375 0.678125 0.1625 0.671875 0.171875 0.671875 0.178125 0.6625 0.178125 0.6546875 0.1828125 0.640625 0.1859375 0.6078125 0.178125 0.5890625 0.178125 0.58125 0.1703125 0.5671875 0.1671875 0.553125 0.1609375 0.5421875 0.15625 0.5265625 0.15 0.5171875 0.134375 0.5046875 0.134375 0.49375 0.1375 0.4875 0.15 0.4765625 0.1671875 0.465625 0.16875 0.4609375 0.184375 0.4421875 0.1875 0.434375 0.209375 0.4203125 0.2140625 0.4203125 0.25 0.40625 0.259375 0.40625 0.284375 0.4 0.3203125 0.3984375
11 0.5015625 0.240625 0.50625 0.24375 0.5140625 0.259375 0.5203125 0.259375 0.5234375 0.25625 0.5296875 0.259375 0.5296875 0.2625 0.534375 0.2671875 0.55 0.2671875 0.5546875 0.2703125 0.5546875 0.2765625 0.5515625 0.2828125 0.5453125 0.2859375 0.540625 0.3015625 0.5375 0.3046875 0.5328125 0.3046875 0.5296875 0.309375 0.5234375 0.3125 0.5171875 0.3125 0.50625 0.30625 0.4984375 0.3046875 0.4953125 0.3078125 0.496875 0.3109375 0.49375 0.309375 0.49375 0.271875 0.4953125 0.2703125 0.49375 0.2546875 0.5 0.2421875
11 0.4015625 0.4421875 0.409375 0.446875 0.434375 0.4515625 0.4359375 0.4625 0.44375 0.475 0.446875 0.5078125 0.453125 0.5171875 0.46875 0.5125 0.46875 0.5046875 0.4625 0.490625 0.4640625 0.484375 0.4671875 0.4828125 0.478125 0.484375 0.4890625 0.5125 0.4984375 0.5234375 0.5015625 0.5359375 0.509375 0.5515625 0.5171875 0.559375 0.5390625 0.603125 0.5375 0.609375 0.534375 0.609375 0.5140625 0.6234375 0.4984375 0.6234375 0.4921875 0.6203125 0.4703125 0.6 0.46875 0.5953125 0.4359375 0.5625 0.4171875 0.55 0.415625 0.546875 0.4078125 0.5453125 0.403125 0.540625 0.3984375 0.540625 0.3890625 0.5359375 0.3796875 0.5359375 0.375 0.540625 0.371875 0.5484375 0.3640625 0.5484375 0.3453125 0.5421875 0.3203125 0.54375 0.2984375 0.534375 0.2921875 0.5265625 0.290625 0.51875 0.2875 0.515625 0.2828125 0.515625 0.2921875 0.4984375 0.2921875 0.49375 0.296875 0.484375 0.3 0.4828125 0.3125 0.4640625 0.3125 0.4609375 0.3234375 0.45 0.3390625 0.4484375 0.34375 0.44375 0.35 0.4421875 0.3796875 0.4421875 0.38125 0.440625 0.3984375 0.440625 0.4 0.4421875
11 0.4921875 0.5109375 0.5234375 0.509375 0.5328125 0.5171875 0.55 0.51875 0.55 0.5234375 0.540625 0.534375 0.540625 0.5390625 0.528125 0.546875 0.5203125 0.5578125 0.5125 0.553125 0.503125 0.5359375 0.5 0.5234375 0.4921875 0.5125
50 0.360054347826087 0.6962283384301733 0.3342391304347826 0.6952089704383282 0.3342391304347826 0.7023445463812437 0.36141304347826086 0.7308868501529052 0.375 0.7329255861365953 0.4008152173913043 0.7512742099898063 0.40625 0.7655453618756372 0.43614130434782605 0.7920489296636086 0.4592391304347826 0.8236493374108054 0.47146739130434784 0.8267074413863404 0.4959239130434782 0.8236493374108054 0.5366847826086956 0.8379204892966362 0.5706521739130435 0.8440366972477065 0.623641304347826 0.8226299694189603 0.6277173913043479 0.8134556574923547 0.625 0.7971457696228339 0.6100543478260869 0.763506625891947 0.4633152173913043 0.72579001019368 0.4157608695652174 0.6982670744138634 0.40625 0.6962283384301733 0.3967391304347826 0.7013251783893986 0.3845108695652174 0.7013251783893986 0.3804347826086957 0.6890927624872579 0.375 0.6880733944954128 0.360054347826087 0.6962283384301733
50 0.22690217391304346 0.527013251783894 0.24184782608695649 0.5667686034658512 0.24320652173913043 0.5922528032619776 0.25135869565217395 0.6055045871559633 0.26358695652173914 0.6085626911314985 0.27989130434782605 0.6024464831804281 0.29483695652173914 0.5790010193679919 0.28260869565217395 0.5290519877675841 0.266304347826087 0.5178389398572885 0.2323369565217391 0.5198776758409787 0.22690217391304346 0.527013251783894
50 0.10869565217391304 0.5474006116207951 0.11548913043478262 0.582059123343527 0.1467391304347826 0.6187563710499491 0.1779891304347826 0.6340468909276249 0.18206521739130435 0.6055045871559633 0.15081521739130435 0.5249745158002039 0.11684782608695651 0.5412844036697247 0.10869565217391304 0.5474006116207951
50 0.22282608695652173 0.5107033639143731 0.2622282608695652 0.5158002038735984 0.2758152173913043 0.4964322120285424 0.2622282608695652 0.4597349643221203 0.25815217391304346 0.4566768603465851 0.2554347826086957 0.4597349643221203 0.23369565217391303 0.4597349643221203 0.22690217391304346 0.45565749235474007 0.22010869565217392 0.4678899082568807 0.22282608695652173 0.5107033639143731
50 0.14402173913043478 0.3486238532110092 0.14402173913043478 0.35372069317023447 0.2078804347826087 0.41692150866462796 0.23505434782608697 0.4046890927624872 0.2214673913043478 0.382262996941896 0.2323369565217391 0.37716615698267075 0.24592391304347827 0.3761467889908257 0.26902173913043476 0.3975535168195719 0.27445652173913043 0.3944954128440367 0.3355978260869565 0.3944954128440367 0.34239130434782605 0.4077471967380224 0.3546195652173913 0.40876656472986744 0.3967391304347826 0.3843017329255861 0.40353260869565216 0.36799184505606525 0.39945652173913043 0.35474006116207957 0.3641304347826087 0.32415902140672787 0.36820652173913043 0.31702344546381245 0.3804347826086957 0.3109072375127421 0.37907608695652173 0.30479102956167176 0.36820652173913043 0.29867482161060144 0.27717391304347827 0.3017329255861366 0.19429347826086957 0.3211009174311927 0.1644021739130435 0.33333333333333337 0.14402173913043478 0.3486238532110092
50 0.4483695652173913 0.4740061162079511 0.44972826086956524 0.4841997961264016 0.5285326086956521 0.5474006116207951 0.5285326086956521 0.561671763506626 0.5869565217391304 0.5535168195718654 0.6290760869565217 0.5229357798165137 0.6304347826086956 0.5147808358817534 0.608695652173913 0.47910295616717635 0.5244565217391304 0.4475025484199796 0.5027173913043479 0.4505606523955148 0.46603260869565216 0.44342507645259943 0.4578804347826087 0.44954128440366975 0.4483695652173913 0.4740061162079511
50 0.5842391304347826 0.5667686034658512 0.5842391304347826 0.5881753312945974 0.5978260869565217 0.5932721712538227 0.625 0.5963302752293578 0.6413043478260869 0.5932721712538227 0.6671195652173914 0.5739041794087666 0.6467391304347826 0.5351681957186545 0.6372282608695652 0.528032619775739 0.6100543478260869 0.5412844036697247 0.5896739130434783 0.5586136595310907 0.5842391304347826 0.5667686034658512
50 0.5828804347826086 0.6788990825688074 0.6222826086956521 0.7094801223241591 0.6793478260869565 0.7104994903160041 0.6766304347826086 0.6952089704383282 0.7065217391304348 0.6921508664627931 0.6942934782608695 0.6799184505606524 0.625 0.6574923547400612 0.6100543478260869 0.6636085626911316 0.595108695652174 0.6595310907237513 0.5910326086956521 0.6625891946992865 0.5828804347826086 0.6788990825688074
50 0.6906698369565218 0.6051651376146789 0.6766304347826086 0.6167176350662589 0.6752717391304348 0.6381243628950052 0.657608695652174 0.6411824668705404 0.638586956521739 0.6513761467889909 0.638586956521739 0.6574923547400612 0.6467391304347826 0.6636085626911316 0.671195652173913 0.6687054026503568 0.6929347826086956 0.6442405708460754 0.7228260869565217 0.6248725790010193 0.7459239130434783 0.6207951070336392 0.7717391304347826 0.6258919469928644 0.7921195652173914 0.6136595310907238 0.8097826086956521 0.6146788990825688 0.8179347826086957 0.6055045871559633 0.8179347826086957 0.5922528032619776 0.7880434782608695 0.6024464831804281 0.7567934782608695 0.5973496432212029 0.748641304347826 0.5953109072375128 0.7404891304347826 0.580020387359837 0.720108695652174 0.5708460754332314 0.7092391304347826 0.5718654434250765 0.6906698369565218 0.6051651376146789
50 0.5869565217391304 0.4678899082568807 0.6073369565217391 0.4770642201834862 0.626358695652174 0.4678899082568807 0.639945652173913 0.472986748216106 0.639945652173913 0.4658511722731906 0.6616847826086956 0.4658511722731906 0.6834239130434783 0.4525993883792049 0.65625 0.436289500509684 0.6372282608695652 0.4332313965341489 0.6046195652173914 0.4342507645259939 0.577445652173913 0.44036697247706424 0.5869565217391304 0.4678899082568807