44 0.046875 0.83125 0.053125 0.8484375 0.0625 0.8578125 0.071875 0.8625 0.065625 0.8703125 0.0671875 0.8765625 0.0765625 0.8875 0.0859375 0.8921875 0.1171875 0.8984375 0.1421875 0.8984375 0.1484375 0.8953125 0.175 0.890625 0.1859375 0.8953125 0.1859375 0.90625 0.1921875 0.9203125 0.1921875 0.9484375 0.1953125 0.95625 0.19375 0.9609375 0.1734375 0.9765625 0.1625 0.98125 0.146875 0.98125 0.13125 0.9890625 0.1109375 0.9921875 0.09375 0.9921875 0.078125 0.9875 0.05625 0.9859375 0.040625 0.9734375 0.01875 0.9640625 0.0125 0.9640625 0 0.9546875 0 0.8390625 0.0125 0.83125 0.021875 0.83125 0.03125 0.828125 0.0421875 0.828125 0.0453125 0.83125
44 0.415625 0.3234375 0.4328125 0.328125 0.4703125 0.3296875 0.4859375 0.334375 0.4921875 0.340625 0.49375 0.3453125 0.4921875 0.35625 0.4953125 0.3609375 0.49375 0.3703125 0.4890625 0.3796875 0.4859375 0.38125 0.475 0.384375 0.4703125 0.3828125 0.4625 0.3875 0.425 0.3859375 0.41875 0.3890625 0.4 0.384375 0.3859375 0.3671875 0.3859375 0.3640625 0.375 0.353125 0.375 0.346875 0.3859375 0.3390625 0.3859375 0.33125 0.390625 0.3265625 0.396875 0.3234375 0.4140625 0.3234375
44 0.14375 0.51875 0.1515625 0.521875 0.184375 0.525 0.1953125 0.53125 0.2078125 0.534375 0.2140625 0.5390625 0.2171875 0.546875 0.23125 0.5609375 0.2453125 0.5671875 0.253125 0.5671875 0.265625 0.571875 0.2765625 0.584375 0.278125 0.590625 0.2703125 0.60625 0.2640625 0.6078125 0.259375 0.6140625 0.2484375 0.6203125 0.240625 0.6203125 0.2234375 0.6265625 0.196875 0.628125 0.1859375 0.634375 0.175 0.6375 0.159375 0.6375 0.140625 0.6421875 0.1078125 0.6421875 0.10625 0.64375 0.0546875 0.6421875 0.0515625 0.6390625 0.0328125 0.6328125 0.0265625 0.628125 0.0234375 0.621875 0.0125 0.615625 0.015625 0.6046875 0.028125 0.5921875 0.03125 0.5859375 0.03125 0.5734375 0.0359375 0.5609375 0.040625 0.5578125 0.040625 0.5546875 0.0359375 0.55 0.034375 0.5359375 0.0546875 0.521875 0.0625 0.5203125 0.08125 0.521875 0.0984375 0.5171875 0.1421875 0.51875
44 0.2453125 0.771875 0.2515625 0.775 0.2734375 0.778125 0.29375 0.7875 0.3109375 0.7875 0.325 0.79375 0.3375 0.79375 0.384375 0.8140625 0.3859375 0.821875 0.384375 0.834375 0.3765625 0.8421875 0.3765625 0.859375 0.3703125 0.8703125 0.3625 0.875 0.346875 0.878125 0.3359375 0.884375 0.303125 0.8859375 0.3015625 0.8875 0.275 0.8875 0.259375 0.8828125 0.25 0.8828125 0.234375 0.8765625 0.2328125 0.86875 0.24375 0.8609375 0.25 0.853125 0.25 0.8265625 0.2484375 0.821875 0.2328125 0.8046875 0.2296875 0.796875 0.2109375 0.7796875 0.2109375 0.7765625 0.21875 0.7734375 0.24375 0.771875
44 0.39375 0.496875 0.4265625 0.503125 0.428125 0.50625 0.446875 0.5140625 0.4546875 0.521875 0.4578125 0.53125 0.45625 0.5578125 0.4625 0.5703125 0.4578125 0.5875 0.446875 0.603125 0.4453125 0.6203125 0.4328125 0.6390625 0.4203125 0.64375 0.409375 0.64375 0.39375 0.6484375 0.375 0.6484375 0.3609375 0.6421875 0.34375 0.6421875 0.3375 0.6390625 0.3203125 0.621875 0.2875 0.603125 0.28125 0.5875 0.28125 0.5796875 0.2765625 0.575 0.2765625 0.571875 0.28125 0.56875 0.3203125 0.5671875 0.325 0.5640625 0.35 0.5375 0.3546875 0.5296875 0.3546875 0.5234375 0.365625 0.5078125 0.3796875 0.4984375 0.3921875 0.496875
44 0 0.759375 0.015625 0.7609375 0.0265625 0.765625 0.0390625 0.765625 0.053125 0.775 0.0765625 0.775 0.084375 0.771875 0.103125 0.771875 0.08125 0.784375 0.0703125 0.7875 0.0609375 0.7953125 0.0609375 0.7984375 0.053125 0.8015625 0.04375 0.8109375 0.0390625 0.8203125 0.03125 0.825 0.0171875 0.8265625 0 0.8328125 0 0.7609375
44 0.54375 0.8453125 0.553125 0.8515625 0.571875 0.8578125 0.575 0.8640625 0.5984375 0.8796875 0.5984375 0.8890625 0.5953125 0.89375 0.596875 0.9078125 0.5921875 0.9140625 0.5828125 0.9203125 0.5796875 0.9265625 0.5703125 0.93125 0.5609375 0.9328125 0.534375 0.9296875 0.5 0.93125 0.4828125 0.928125 0.475 0.9203125 0.4703125 0.91875 0.459375 0.90625 0.45625 0.9 0.45625 0.8875 0.4484375 0.884375 0.4421875 0.8734375 0.45 0.865625 0.4578125 0.8640625 0.465625 0.859375 0.4859375 0.859375 0.4875 0.8578125 0.5015625 0.859375 0.515625 0.8546875 0.53125 0.8453125 0.5421875 0.8453125
44 0.509375 0.653125 0.5203125 0.6578125 0.5359375 0.6734375 0.540625 0.6828125 0.540625 0.7140625 0.5359375 0.725 0.5265625 0.734375 0.521875 0.7484375 0.509375 0.7625 0.4921875 0.7765625 0.478125 0.78125 0.4640625 0.7796875 0.459375 0.7609375 0.45 0.7546875 0.453125 0.740625 0.446875 0.73125 0.425 0.7203125 0.4109375 0.7171875 0.403125 0.7109375 0.3671875 0.7046875 0.359375 0.7015625 0.35625 0.69375 0.35625 0.68125 0.3640625 0.671875 0.3875 0.6625 0.3890625 0.6640625 0.4046875 0.6625 0.43125 0.665625 0.4390625 0.6609375 0.4578125 0.6578125 0.46875 0.653125 0.5078125 0.653125
44 0.3015625 0.3296875 0.3296875 0.3375 0.3609375 0.35625 0.371875 0.3578125 0.3875 0.3765625 0.3875 0.3890625 0.384375 0.3953125 0.3640625 0.4125 0.3640625 0.415625 0.346875 0.428125 0.3265625 0.4296875 0.321875 0.4328125 0.2953125 0.4328125 0.2890625 0.4359375 0.2703125 0.4390625 0.2375 0.434375 0.240625 0.421875 0.25 0.4125 0.253125 0.4046875 0.246875 0.396875 0.240625 0.39375 0.2390625 0.3796875 0.2328125 0.3734375 0.221875 0.36875 0.209375 0.3671875 0.2046875 0.3625 0.209375 0.35625 0.209375 0.346875 0.2234375 0.334375 0.240625 0.3296875 0.2671875 0.3296875 0.26875 0.328125 0.3 0.3296875
44 0 0.4296875 0.009375 0.4328125 0.0203125 0.4421875 0.0171875 0.45 0.00625 0.4609375 0 0.4625 0 0.43125
44 0.1609375 0.76875 0.1703125 0.7703125 0.184375 0.7765625 0.203125 0.778125 0.2234375 0.7921875 0.2328125 0.8078125 0.2484375 0.821875 0.246875 0.85625 0.23125 0.8703125 0.2234375 0.871875 0.2109375 0.88125 0.1984375 0.884375 0.1875 0.890625 0.1640625 0.8890625 0.146875 0.89375 0.11875 0.8953125 0.09375 0.8921875 0.075 0.884375 0.065625 0.875 0.065625 0.8703125 0.071875 0.8625 0.0546875 0.8453125 0.053125 0.834375 0.04375 0.825 0.0453125 0.8125 0.0609375 0.8015625 0.0671875 0.7921875 0.075 0.7875 0.0828125 0.7859375 0.09375 0.778125 0.14375 0.76875 0.159375 0.7703125
44 0.159375 0.4359375 0.178125 0.440625 0.203125 0.4421875 0.2140625 0.4515625 0.215625 0.465625 0.2078125 0.4890625 0.2078125 0.4953125 0.203125 0.503125 0.2078125 0.5125 0.215625 0.51875 0.2125 0.5296875 0.1859375 0.521875 0.146875 0.5171875 0.1359375 0.5125 0.1375 0.4984375 0.146875 0.490625 0.146875 0.48125 0.140625 0.475 0.1390625 0.4703125 0.1296875 0.4625 0.125 0.446875 0.11875 0.4421875 0.11875 0.4390625 0.128125 0.4359375 0.1578125 0.4359375
44 0.009375 0.6203125 0.0203125 0.625 0.03125 0.6359375 0.0390625 0.6375 0.05 0.64375 0.0265625 0.6515625 0.0015625 0.665625 0 0.665625 0 0.621875 0.0078125 0.6203125
44 0.3875 0.8546875 0.4015625 0.8578125 0.4171875 0.865625 0.4265625 0.865625 0.4359375 0.86875 0.4390625 0.8734375 0.4390625 0.8796875 0.4515625 0.890625 0.453125 0.9 0.4578125 0.909375 0.4671875 0.91875 0.471875 0.928125 0.465625 0.934375 0.4359375 0.95 0.40625 0.9515625 0.4015625 0.9546875 0.3859375 0.9578125 0.3828125 0.9609375 0.375 0.9609375 0.3453125 0.96875 0.2859375 0.971875 0.284375 0.9734375 0.25 0.9734375 0.2296875 0.9640625 0.2203125 0.9625 0.209375 0.9546875 0.20625 0.95 0.2078125 0.9375 0.20625 0.9265625 0.2 0.9140625 0.2015625 0.90625 0.209375 0.896875 0.2171875 0.890625 0.2234375 0.8890625 0.2265625 0.890625 0.2296875 0.8890625 0.2484375 0.890625 0.2609375 0.8875 0.2796875 0.890625 0.3328125 0.8890625 0.3703125 0.8734375 0.378125 0.865625 0.3796875 0.859375 0.3859375 0.8546875
44 0.3515625 0.7015625 0.359375 0.7078125 0.390625 0.7109375 0.4203125 0.7234375 0.4265625 0.7234375 0.4421875 0.73125 0.45 0.7390625 0.45 0.7484375 0.446875 0.7546875 0.4578125 0.7625 0.4578125 0.7875 0.4453125 0.7984375 0.425 0.803125 0.415625 0.8078125 0.3984375 0.8078125 0.3953125 0.8109375 0.3796875 0.809375 0.3625 0.7984375 0.35625 0.7984375 0.3421875 0.7921875 0.321875 0.790625 0.3078125 0.7828125 0.2921875 0.784375 0.2765625 0.775 0.2609375 0.7734375 0.2453125 0.765625 0.2453125 0.7578125 0.25 0.75 0.25 0.7453125 0.2609375 0.7375 0.275 0.734375 0.2828125 0.7265625 0.284375 0.721875 0.2921875 0.715625 0.309375 0.7078125 0.325 0.70625 0.3296875 0.703125 0.35 0.7015625
44 0.16875 0.4375 0.1875 0.4421875 0.203125 0.4421875 0.215625 0.453125 0.215625 0.4671875 0.2078125 0.4890625 0.2078125 0.496875 0.203125 0.5015625 0.1890625 0.4984375 0.1859375 0.49375 0.1828125 0.49375 0.18125 0.4984375 0.1765625 0.5015625 0.16875 0.5015625 0.165625 0.5046875 0.15625 0.5015625 0.1625 0.4984375 0.1640625 0.4953125 0.1625 0.49375 0.1578125 0.49375 0.146875 0.503125 0.1421875 0.5 0.146875 0.49375 0.146875 0.48125 0.140625 0.475 0.1359375 0.465625 0.1296875 0.4625 0.125 0.446875 0.11875 0.44375 0.1171875 0.4390625 0.140625 0.434375 0.1671875 0.4375
44 0 0.7609375 0.0140625 0.7609375 0.025 0.765625 0.0359375 0.765625 0.0578125 0.7765625 0.075 0.7765625 0.0796875 0.7796875 0.0671875 0.7875 0.05625 0.8 0.0484375 0.8046875 0.040625 0.8140625 0.0390625 0.8203125 0.0296875 0.825 0.015625 0.8265625 0 0.8328125 0 0.7625
44 0.084375 0.4375 0.090625 0.440625 0.109375 0.440625 0.1203125 0.4453125 0.1234375 0.4484375 0.1265625 0.4625 0.1328125 0.465625 0.1390625 0.4765625 0.1453125 0.48125 0.1453125 0.490625 0.1359375 0.496875 0.1328125 0.5078125 0.121875 0.5125 0.1125 0.5140625 0.1109375 0.5125 0.090625 0.5125 0.071875 0.515625 0.0578125 0.515625 0.0328125 0.5078125 0.0265625 0.509375 0.01875 0.5078125 0 0.4921875 0 0.465625 0.0078125 0.4625 0.01875 0.4515625 0.021875 0.44375 0.0265625 0.440625 0.03125 0.4390625 0.046875 0.440625 0.0578125 0.4359375 0.0828125 0.4375
44 0.603125 0.625 0.6203125 0.628125 0.6359375 0.634375 0.6546875 0.634375 0.6671875 0.628125 0.696875 0.625 0.70625 0.6296875 0.7125 0.6375 0.728125 0.6484375 0.7296875 0.66875 0.7359375 0.678125 0.7328125 0.6890625 0.728125 0.69375 0.715625 0.6953125 0.7 0.6921875 0.690625 0.69375 0.68125 0.6984375 0.6765625 0.7046875 0.6640625 0.7078125 0.653125 0.7140625 0.6390625 0.7171875 0.59375 0.7140625 0.5828125 0.70625 0.5703125 0.7015625 0.546875 0.6984375 0.54375 0.6921875 0.54375 0.684375 0.5375 0.6609375 0.559375 0.6546875 0.56875 0.64375 0.58125 0.640625 0.5953125 0.6265625 0.6015625 0.6265625
44 0.26875 0.6296875 0.284375 0.634375 0.2921875 0.6390625 0.3078125 0.640625 0.328125 0.65 0.3421875 0.66875 0.3484375 0.6953125 0.3359375 0.7 0.328125 0.7 0.321875 0.703125 0.303125 0.70625 0.284375 0.7171875 0.278125 0.728125 0.2703125 0.7328125 0.2609375 0.734375 0.2484375 0.7421875 0.240625 0.7578125 0.2390625 0.765625 0.2265625 0.76875 0.2171875 0.76875 0.196875 0.7625 0.1828125 0.7609375 0.171875 0.7578125 0.16875 0.7546875 0.1671875 0.7375 0.178125 0.715625 0.178125 0.696875 0.1671875 0.6828125 0.1625 0.665625 0.1671875 0.653125 0.175 0.64375 0.196875 0.6375 0.203125 0.6328125 0.2171875 0.6328125 0.2375 0.6265625 0.2578125 0.6265625 0.2671875 0.6296875
44 0.209375 0.36875 0.23125 0.375 0.2359375 0.3796875 0.2359375 0.3921875 0.240625 0.396875 0.2484375 0.4 0.25 0.4046875 0.25 0.4078125 0.2390625 0.4234375 0.228125 0.4328125 0.215625 0.4390625 0.2109375 0.4375 0.190625 0.4390625 0.165625 0.43125 0.1578125 0.4328125 0.1515625 0.43125 0.146875 0.428125 0.1328125 0.425 0.1265625 0.4140625 0.1265625 0.40625 0.13125 0.3984375 0.1296875 0.3859375 0.1359375 0.3796875 0.1484375 0.3734375 0.1671875 0.371875 0.1875 0.365625 0.2015625 0.365625 0.2078125 0.36875
44 0 0.5078125 0.0203125 0.515625 0.0265625 0.5234375 0.0296875 0.53125 0.028125 0.5453125 0.03125 0.559375 0.0265625 0.5875 0.0109375 0.6078125 0.009375 0.6140625 0.0046875 0.6171875 0 0.6171875 0 0.509375
44 0.059375 0.646875 0.0953125 0.6515625 0.115625 0.646875 0.134375 0.6484375 0.140625 0.653125 0.1453125 0.6625 0.159375 0.6734375 0.175 0.6984375 0.1734375 0.7171875 0.165625 0.728125 0.1625 0.7421875 0.1578125 0.746875 0.1375 0.7546875 0.1234375 0.7640625 0.1171875 0.7640625 0.1109375 0.7671875 0.0921875 0.7671875 0.071875 0.7734375 0.05625 0.7734375 0.0484375 0.7703125 0.0421875 0.7640625 0.025 0.7625 0 0.753125 0 0.6671875 0.0328125 0.6515625 0.046875 0.646875 0.0578125 0.646875
44 0.21603260869565216 0.5344036697247707 0.22418478260869565 0.5489296636085628 0.23777173913043476 0.5603975535168195 0.26358695652173914 0.5657492354740061 0.31385869565217395 0.5649847094801224 0.3247282608695652 0.5611620795107034 0.34782608695652173 0.5359327217125383 0.358695652173913 0.5076452599388379 0.34782608695652173 0.5007645259938838 0.3464673913043478 0.49159021406727826 0.33695652173913043 0.4847094801223242 0.28804347826086957 0.4900611620795107 0.25679347826086957 0.4900611620795107 0.23641304347826084 0.4954128440366972 0.21875 0.5206422018348624 0.21603260869565216 0.5344036697247707
44 0.22418478260869565 0.5053516819571866 0.2323369565217391 0.4977064220183486 0.24728260869565216 0.49159021406727826 0.2758152173913043 0.48853211009174313 0.28125 0.49159021406727826 0.30027173913043476 0.4908256880733945 0.3192934782608695 0.4862385321100917 0.3505434782608695 0.4954128440366972 0.34782608695652173 0.5015290519877675 0.3559782608695652 0.5129969418960244 0.37228260869565216 0.5007645259938838 0.3804347826086957 0.4870030581039755 0.3804347826086957 0.4663608562691131 0.3491847826086957 0.44036697247706424 0.2717391304347826 0.44266055045871555 0.2527173913043478 0.44954128440366975 0.22690217391304346 0.46559633027522934 0.21875 0.4831804281345565 0.22418478260869565 0.5053516819571866
44 0 0.33027522935779813 0 0.40214067278287463 0.020380434782608696 0.40366972477064217 0.028532608695652172 0.4090214067278287 0.05163043478260869 0.41360856269113155 0.07472826086956522 0.4151376146788991 0.08288043478260869 0.4090214067278287 0.10869565217391304 0.40366972477064217 0.12228260869565218 0.39755351681957185 0.13179347826086957 0.35856269113149847 0.12092391304347824 0.3409785932721713 0.06385869565217392 0.32186544342507645 0.006793478260869565 0.32798165137614677 0 0.33027522935779813
44 0.09918478260869565 0.33103975535168195 0.11277173913043478 0.3348623853211009 0.12364130434782608 0.3432721712538226 0.13451086956521738 0.3662079510703364 0.14130434782608697 0.37079510703363916 0.17119565217391303 0.36926605504587157 0.2010869565217391 0.36009174311926606 0.20652173913043476 0.3409785932721713 0.18614130434782608 0.3264525993883792 0.1671195652173913 0.3226299694189602 0.1467391304347826 0.3226299694189602 0.10190217391304349 0.32874617737003053 0.09918478260869565 0.33103975535168195
44 0.4578804347826087 0.5229357798165137 0.46739130434782605 0.5527522935779816 0.48097826086956524 0.5672782874617737 0.501358695652174 0.5756880733944955 0.5217391304347826 0.5749235474006116 0.5353260869565217 0.5795107033639144 0.5788043478260869 0.5825688073394495 0.595108695652174 0.5741590214067278 0.6141304347826086 0.5481651376146789 0.6304347826086956 0.5428134556574923 0.6290760869565217 0.5214067278287462 0.5883152173913043 0.5 0.5244565217391304 0.5198776758409787 0.48369565217391297 0.5114678899082569 0.47010869565217395 0.5045871559633027 0.4619565217391305 0.5084097859327217 0.4578804347826087 0.5229357798165137
44 0.3559782608695652 0.4319571865443425 0.3668478260869565 0.45336391437308865 0.375 0.4579510703363915 0.3872282608695652 0.48241590214067276 0.40353260869565216 0.4938837920489297 0.41983695652173914 0.48853211009174313 0.4320652173913043 0.49235474006116203 0.4415760869565217 0.4892966360856269 0.4538043478260869 0.48241590214067276 0.4728260869565217 0.4579510703363915 0.5027173913043479 0.4441896024464832 0.5217391304347826 0.4418960244648318 0.5285326086956521 0.43577981651376146 0.5190217391304348 0.4143730886850153 0.5081521739130435 0.40825688073394495 0.5 0.39602446483180426 0.46875 0.386085626911315 0.39266304347826086 0.39143730886850153 0.358695652173913 0.4250764525993883 0.3559782608695652 0.4319571865443425
44 0.4578804347826087 0.48547400611620795 0.46739130434782605 0.4900611620795107 0.47690217391304346 0.5061162079510704 0.48777173913043476 0.5107033639143731 0.5040760869565217 0.5091743119266054 0.514945652173913 0.518348623853211 0.5475543478260869 0.5122324159021406 0.5855978260869565 0.49464831804281345 0.5869565217391304 0.47247706422018354 0.5801630434782609 0.4617737003058104 0.5665760869565217 0.4541284403669724 0.5584239130434783 0.45336391437308865 0.5570652173913043 0.44954128440366975 0.5353260869565217 0.4441896024464832 0.5067934782608695 0.4441896024464832 0.49864130434782605 0.44724770642201833 0.4782608695652174 0.4571865443425076 0.4592391304347826 0.47477064220183485 0.4578804347826087 0.48547400611620795
44 0.5095108695652174 0.3837920489296636 0.5190217391304348 0.40443425076452594 0.5366847826086956 0.4342507645259939 0.5448369565217391 0.44036697247706424 0.5760869565217391 0.4541284403669724 0.6168478260869565 0.43960244648318036 0.625 0.4304281345565749 0.6290760869565217 0.3983180428134557 0.6182065217391304 0.3837920489296636 0.577445652173913 0.37155963302752293 0.5380434782608695 0.3723241590214067 0.5163043478260869 0.3799694189602446 0.5095108695652174 0.3837920489296636
44 0.6154891304347826 0.503822629969419 0.6535326086956521 0.5275229357798165 0.6929347826086956 0.5298165137614679 0.7241847826086956 0.5152905198776758 0.7527173913043479 0.5129969418960244 0.7622282608695652 0.5084097859327217 0.7622282608695652 0.4839449541284403 0.7472826086956521 0.47477064220183485 0.7133152173913043 0.4633027522935779 0.6725543478260869 0.4617737003058104 0.6467391304347826 0.4648318042813456 0.626358695652174 0.4770642201834862 0.623641304347826 0.4839449541284403 0.6114130434782609 0.4892966360856269 0.6154891304347826 0.503822629969419
44 0.45244565217391297 0.6238532110091743 0.4904891304347826 0.6483180428134556 0.5285326086956521 0.6559633027522935 0.5475543478260869 0.6551987767584098 0.5842391304347826 0.6337920489296636 0.595108695652174 0.6131498470948011 0.59375 0.6047400611620795 0.5665760869565217 0.584097859327217 0.5230978260869565 0.5787461773700306 0.4796195652173913 0.5802752293577982 0.4646739130434782 0.5863914373088684 0.45652173913043476 0.5940366972477065 0.45244565217391297 0.6238532110091743
44 0.5991847826086956 0.6192660550458715 0.638586956521739 0.632262996941896 0.6508152173913043 0.632262996941896 0.6630434782608695 0.6269113149847094 0.6956521739130435 0.6215596330275229 0.7282608695652174 0.6009174311926605 0.7255434782608695 0.5963302752293578 0.6942934782608695 0.5902140672782875 0.6766304347826086 0.5749235474006116 0.6644021739130435 0.5519877675840978 0.6304347826086956 0.5527522935779816 0.6154891304347826 0.5565749235474006 0.5842391304347826 0.5848623853211009 0.5991847826086956 0.6192660550458715
44 0.6725543478260869 0.5512232415902141 0.6766304347826086 0.5672782874617737 0.6983695652173914 0.5886850152905199 0.7092391304347826 0.5925076452599388 0.75 0.5970948012232415 0.7894021739130435 0.5932721712538227 0.8111413043478259 0.5833333333333333 0.8233695652173912 0.5642201834862386 0.8247282608695652 0.5496941896024465 0.796195652173913 0.52217125382263 0.733695652173913 0.514525993883792 0.6793478260869565 0.5359327217125383 0.6725543478260869 0.5512232415902141
44 0.6345108695652174 0.7584097859327217 0.638586956521739 0.7691131498470948 0.6467391304347826 0.7759938837920489 0.6807065217391304 0.7882262996941896 0.6956521739130435 0.7897553516819571 0.7350543478260869 0.7828746177370031 0.7676630434782609 0.7614678899082569 0.7730978260869565 0.7339449541284403 0.7622282608695652 0.7240061162079511 0.7595108695652174 0.7125382262996942 0.7445652173913043 0.7064220183486238 0.733695652173913 0.7064220183486238 0.71875 0.6972477064220184 0.6915760869565217 0.6957186544342507 0.671195652173913 0.709480122324159 0.6453804347826086 0.7194189602446482 0.638586956521739 0.7293577981651376 0.6345108695652174 0.7584097859327217
44 0.546195652173913 0.831039755351682 0.5543478260869565 0.8356269113149846 0.5543478260869565 0.8448012232415902 0.5991847826086956 0.8761467889908257 0.6304347826086956 0.8700305810397554 0.671195652173913 0.8715596330275229 0.7051630434782609 0.8547400611620795 0.717391304347826 0.8348623853211009 0.720108695652174 0.8165137614678899 0.702445652173913 0.7981651376146789 0.6915760869565217 0.7928134556574923 0.6603260869565217 0.786697247706422 0.6440217391304348 0.7782874617737002 0.6168478260869565 0.775229357798165 0.5869565217391304 0.7790519877675841 0.5706521739130435 0.7851681957186545 0.5625 0.7920489296636085 0.5557065217391304 0.7928134556574923 0.5570652173913043 0.7966360856269113 0.5489130434782609 0.8019877675840978 0.546195652173913 0.831039755351682
44 0.4320652173913043 0.8295107033639143 0.44565217391304346 0.8585626911314984 0.4592391304347826 0.8600917431192661 0.49728260869565216 0.856269113149847 0.5258152173913043 0.8417431192660552 0.5244565217391304 0.8371559633027523 0.5353260869565217 0.8241590214067278 0.5366847826086956 0.8088685015290519 0.5258152173913043 0.7828746177370031 0.49728260869565216 0.775229357798165 0.49184782608695654 0.7798165137614679 0.46739130434782605 0.7851681957186545 0.4375 0.8103975535168196 0.43478260869565216 0.8180428134556574 0.4320652173913043 0.8295107033639143
44 0.5217391304347826 0.7622324159021406 0.5366847826086956 0.7798165137614679 0.5706521739130435 0.7821100917431193 0.5760869565217391 0.7775229357798165 0.6222826086956521 0.7652905198776758 0.623641304347826 0.7515290519877675 0.6304347826086956 0.7438837920489296 0.6304347826086956 0.7232415902140673 0.592391304347826 0.7155963302752293 0.5801630434782609 0.7102446483180428 0.5502717391304348 0.7064220183486238 0.5217391304347826 0.7545871559633027 0.5217391304347826 0.7622324159021406
44 0.7065217391304348 0.6292048929663608 0.7296195652173914 0.650611620795107 0.7391304347826086 0.6827217125382263 0.733695652173913 0.6941896024464832 0.7432065217391304 0.6957186544342507 0.7703804347826086 0.6781345565749235 0.779891304347826 0.6605504587155963 0.7785326086956521 0.6536697247706422 0.7595108695652174 0.6376146788990826 0.7377717391304348 0.6292048929663608 0.7296195652173914 0.6223241590214067 0.720108695652174 0.6207951070336392 0.7065217391304348 0.6246177370030581 0.7065217391304348 0.6292048929663608
44 0.5869565217391304 0.4686544342507645 0.5883152173913043 0.4870030581039755 0.592391304347826 0.4931192660550459 0.6019021739130435 0.4954128440366972 0.6127717391304348 0.481651376146789 0.6440217391304348 0.4633027522935779 0.6644021739130435 0.4579510703363915 0.6644021739130435 0.4518348623853211 0.6426630434782609 0.4319571865443425 0.6358695652173914 0.43119266055045874 0.623641304347826 0.43960244648318036 0.626358695652174 0.4503058103975535 0.6222826086956521 0.4525993883792049 0.6019021739130435 0.4510703363914373 0.5801630434782609 0.4571865443425076 0.5869565217391304 0.4686544342507645