1 0.6453125 0.4421875 0.6453125 0.4484375 0.640625 0.45625 0.6140625 0.48125 0.6140625 0.484375 0.6078125 0.490625 0.60625 0.4953125 0.596875 0.5046875 0.5921875 0.5125 0.5921875 0.51875 0.5859375 0.5265625 0.5828125 0.5375 0.575 0.5484375 0.5703125 0.5609375 0.559375 0.571875 0.5546875 0.5734375 0.5375 0.5921875 0.5234375 0.6015625 0.5109375 0.5984375 0.5 0.5921875 0.4984375 0.5890625 0.4953125 0.5890625 0.4890625 0.5828125 0.4671875 0.5859375 0.46875 0.58125 0.5078125 0.5515625 0.5484375 0.5171875 0.553125 0.5109375 0.559375 0.5078125 0.5640625 0.5015625 0.5796875 0.490625 0.5890625 0.478125 0.6109375 0.4671875 0.615625 0.4609375 0.63125 0.45 0.634375 0.45 0.640625 0.44375 0.64375 0.44375
1 0.8875 0.0640625 0.8890625 0.065625 0.89375 0.0640625 0.915625 0.065625 0.9234375 0.0734375 0.9265625 0.08125 0.9359375 0.0890625 0.9390625 0.0953125 0.9390625 0.1015625 0.934375 0.13125 0.93125 0.1390625 0.934375 0.15 0.9328125 0.1546875 0.9359375 0.1609375 0.9328125 0.1578125 0.9265625 0.1640625 0.9265625 0.16875 0.9203125 0.178125 0.9203125 0.184375 0.915625 0.19375 0.915625 0.2046875 0.909375 0.2203125 0.909375 0.23125 0.8953125 0.2671875 0.8953125 0.2765625 0.8875 0.2890625 0.8828125 0.303125 0.865625 0.33125 0.85625 0.3359375 0.85 0.34375 0.8453125 0.334375 0.8453125 0.31875 0.8484375 0.3125 0.8546875 0.25625 0.86875 0.221875 0.86875 0.2125 0.875 0.190625 0.8796875 0.184375 0.8859375 0.1671875 0.8875 0.15625 0.896875 0.1375 0.9046875 0.1140625 0.9046875 0.109375 0.8921875 0.0890625 0.8984375 0.078125 0.89375 0.06875 0.890625 0.065625 0.8859375 0.06875 0.884375 0.0734375 0.88125 0.071875 0.8765625 0.0796875 0.8734375 0.078125 0.8734375 0.075 0.8859375 0.065625
1 0.834375 0.159375 0.8453125 0.159375 0.8484375 0.165625 0.8453125 0.2046875 0.85 0.2140625 0.85 0.228125 0.8453125 0.2453125 0.846875 0.246875 0.846875 0.3 0.8421875 0.3203125 0.8421875 0.34375 0.8453125 0.3515625 0.8453125 0.378125 0.8421875 0.3875 0.8421875 0.4765625 0.840625 0.478125 0.840625 0.5203125 0.8421875 0.521875 0.840625 0.5796875 0.8421875 0.5890625 0.8390625 0.6046875 0.8390625 0.63125 0.8421875 0.64375 0.8421875 0.6625 0.8453125 0.6671875 0.8453125 0.6734375 0.8359375 0.6796875 0.8203125 0.6796875 0.8125 0.6828125 0.8015625 0.68125 0.790625 0.6828125 0.78125 0.6734375 0.7828125 0.5875 0.7890625 0.5265625 0.7875 0.49375 0.7890625 0.4921875 0.7890625 0.4734375 0.7921875 0.4640625 0.7921875 0.428125 0.796875 0.3890625 0.7953125 0.3328125 0.803125 0.3203125 0.80625 0.3046875 0.8125 0.246875 0.8171875 0.2359375 0.815625 0.2125 0.8234375 0.1875 0.8234375 0.1765625 0.83125 0.1625 0.834375 0.1609375
1 0.803125 0.221875 0.8078125 0.2203125 0.8109375 0.2265625 0.8109375 0.2390625 0.80625 0.25 0.803125 0.2796875 0.796875 0.3078125 0.79375 0.3078125 0.790625 0.3125 0.790625 0.328125 0.7828125 0.3359375 0.7796875 0.3515625 0.7609375 0.3734375 0.759375 0.3796875 0.75625 0.38125 0.7484375 0.39375 0.7390625 0.415625 0.7171875 0.4484375 0.7171875 0.453125 0.709375 0.4625 0.7 0.4875 0.696875 0.490625 0.696875 0.4953125 0.690625 0.5 0.6828125 0.51875 0.6546875 0.5546875 0.6546875 0.559375 0.640625 0.58125 0.6328125 0.5890625 0.625 0.590625 0.6046875 0.5890625 0.603125 0.5859375 0.584375 0.5765625 0.5734375 0.5640625 0.5734375 0.559375 0.584375 0.5390625 0.584375 0.534375 0.59375 0.5203125 0.59375 0.515625 0.5984375 0.5078125 0.6203125 0.478125 0.6453125 0.453125 0.6484375 0.4421875 0.6765625 0.4046875 0.678125 0.396875 0.690625 0.378125 0.6984375 0.359375 0.709375 0.34375 0.71875 0.3359375 0.71875 0.3328125 0.7375 0.30625 0.740625 0.3046875 0.75 0.2828125 0.775 0.2578125 0.7921875 0.2359375 0.7921875 0.2328125 0.803125 0.2234375
1 0.7296875 0.5140625 0.734375 0.5109375 0.740625 0.4984375 0.765625 0.475 0.771875 0.4640625 0.7828125 0.453125 0.7875 0.453125 0.7859375 0.471875 0.7734375 0.484375 0.7734375 0.4875 0.765625 0.496875 0.765625 0.5 0.753125 0.51875 0.74375 0.525 0.7390625 0.534375 0.7390625 0.5390625 0.7296875 0.5515625 0.728125 0.5609375 0.7203125 0.571875 0.703125 0.609375 0.696875 0.625 0.69375 0.6421875 0.6796875 0.665625 0.665625 0.678125 0.6640625 0.6828125 0.6609375 0.6828125 0.6609375 0.6765625 0.6546875 0.6703125 0.65 0.6703125 0.6359375 0.6640625 0.634375 0.665625 0.6296875 0.6625 0.6234375 0.6640625 0.6203125 0.671875 0.6265625 0.678125 0.628125 0.6859375 0.61875 0.6859375 0.6140625 0.6828125 0.6078125 0.6765625 0.609375 0.671875 0.60625 0.66875 0.6203125 0.6515625 0.625 0.6421875 0.634375 0.6328125 0.6359375 0.628125 0.653125 0.6125 0.6625 0.5953125 0.678125 0.5796875 0.6890625 0.5609375 0.6953125 0.55625 0.7046875 0.54375 0.71875 0.5328125 0.7203125 0.5265625 0.7296875 0.515625
1 0.9078125 0.071875 0.921875 0.0734375 0.9328125 0.0953125 0.93125 0.0984375 0.9328125 0.1140625 0.928125 0.1203125 0.9328125 0.1296875 0.9296875 0.1359375 0.9328125 0.1546875 0.9265625 0.1625 0.9265625 0.1671875 0.915625 0.1890625 0.9140625 0.1984375 0.915625 0.2109375 0.9046875 0.2296875 0.903125 0.2515625 0.89375 0.2703125 0.8875 0.2703125 0.884375 0.2734375 0.884375 0.2921875 0.8703125 0.3125 0.8703125 0.3171875 0.865625 0.325 0.865625 0.33125 0.859375 0.3453125 0.8515625 0.353125 0.8484375 0.353125 0.8453125 0.346875 0.8453125 0.3203125 0.85 0.315625 0.8515625 0.2828125 0.8546875 0.278125 0.8578125 0.25 0.8671875 0.2359375 0.8734375 0.2328125 0.884375 0.2328125 0.896875 0.2265625 0.9046875 0.2171875 0.9 0.2125 0.8875 0.2109375 0.8828125 0.21875 0.878125 0.2203125 0.8765625 0.225 0.8734375 0.21875 0.8734375 0.2046875 0.8703125 0.2015625 0.8640625 0.20625 0.8625 0.2109375 0.8546875 0.2140625 0.8515625 0.2 0.853125 0.1890625 0.8515625 0.18125 0.8546875 0.165625 0.865625 0.153125 0.896875 0.1375 0.9046875 0.11875 0.9046875 0.10625 0.8984375 0.0953125 0.9015625 0.0875 0.903125 0.0890625 0.90625 0.0875 0.9078125 0.0734375
1 0.5796875 0.5765625 0.590625 0.58125 0.596875 0.5875 0.615625 0.5953125 0.6265625 0.6109375 0.6234375 0.6203125 0.615625 0.6265625 0.603125 0.6265625 0.590625 0.6203125 0.5859375 0.6203125 0.5640625 0.609375 0.559375 0.603125 0.5546875 0.603125 0.546875 0.6078125 0.5421875 0.60625 0.5453125 0.6015625 0.565625 0.5875 0.5734375 0.578125 0.578125 0.5765625
1 0.9640625 0.2875 0.9671875 0.2859375 0.971875 0.2734375 0.9859375 0.2515625 0.9859375 0.24375 0.99375 0.2359375 0.9984375 0.2359375 0.9984375 0.315625 0.9890625 0.328125 0.9890625 0.33125 0.978125 0.34375 0.978125 0.346875 0.9671875 0.359375 0.9671875 0.3640625 0.9578125 0.375 0.9578125 0.378125 0.946875 0.39375 0.9453125 0.4015625 0.9359375 0.4125 0.934375 0.4234375 0.9265625 0.4359375 0.9234375 0.446875 0.909375 0.4640625 0.903125 0.4796875 0.884375 0.5078125 0.884375 0.5125 0.875 0.525 0.8640625 0.546875 0.8640625 0.553125 0.853125 0.56875 0.853125 0.571875 0.8484375 0.5796875 0.8453125 0.58125 0.84375 0.5796875 0.84375 0.4734375 0.8546875 0.4515625 0.8734375 0.4265625 0.875 0.4203125 0.8859375 0.4046875 0.8875 0.396875 0.90625 0.371875 0.925 0.3515625 0.9421875 0.325 0.9484375 0.3109375 0.953125 0.3078125 0.9640625 0.2890625
1 0.9984375 0.325 0.9984375 0.3703125 0.984375 0.41875 0.9796875 0.4265625 0.978125 0.434375 0.9671875 0.45 0.9640625 0.4625 0.946875 0.496875 0.9421875 0.5125 0.9390625 0.515625 0.925 0.5546875 0.915625 0.5703125 0.9109375 0.5859375 0.8859375 0.6296875 0.884375 0.64375 0.8796875 0.6625 0.8734375 0.6765625 0.865625 0.7125 0.8640625 0.7171875 0.859375 0.7203125 0.81875 0.7203125 0.796875 0.7140625 0.7921875 0.7109375 0.790625 0.70625 0.7921875 0.690625 0.79375 0.6875 0.7984375 0.6859375 0.834375 0.684375 0.84375 0.68125 0.8484375 0.6765625 0.85 0.671875 0.84375 0.6421875 0.84375 0.596875 0.8546875 0.5734375 0.865625 0.5578125 0.865625 0.5515625 0.8828125 0.521875 0.8859375 0.5109375 0.896875 0.4953125 0.896875 0.4921875 0.90625 0.48125 0.90625 0.4765625 0.9109375 0.4671875 0.9265625 0.4484375 0.928125 0.4390625 0.9375 0.421875 0.9375 0.4171875 0.946875 0.403125 0.9484375 0.396875 0.953125 0.3921875 0.959375 0.3765625 0.9625 0.375 0.984375 0.3390625 0.996875 0.325
1 0.9953125 0.1328125 0.9984375 0.1359375 0.996875 0.2 0.990625 0.209375 0.9890625 0.21875 0.98125 0.2296875 0.978125 0.2421875 0.9671875 0.259375 0.965625 0.2734375 0.946875 0.3015625 0.940625 0.30625 0.9328125 0.321875 0.928125 0.3265625 0.925 0.3359375 0.91875 0.340625 0.915625 0.3484375 0.9046875 0.3625 0.9046875 0.365625 0.884375 0.39375 0.884375 0.3984375 0.8796875 0.4078125 0.8640625 0.43125 0.8640625 0.434375 0.853125 0.4484375 0.853125 0.4515625 0.8453125 0.4578125 0.8453125 0.4265625 0.846875 0.425 0.8453125 0.4078125 0.85 0.3640625 0.8671875 0.3375 0.8734375 0.33125 0.8796875 0.3171875 0.890625 0.3046875 0.896875 0.2890625 0.928125 0.25625 0.93125 0.2453125 0.9375 0.2375 0.9375 0.2328125 0.946875 0.2203125 0.9484375 0.203125 0.953125 0.196875 0.9578125 0.1953125 0.9671875 0.1859375 0.9703125 0.1765625 0.9796875 0.1640625 0.9796875 0.159375 0.984375 0.1546875 0.984375 0.15 0.99375 0.134375
1 0.9984375 0.109375 0.9984375 0.1265625 0.990625 0.1375 0.9671875 0.184375 0.95 0.2 0.946875 0.2171875 0.9296875 0.2453125 0.9265625 0.25625 0.9015625 0.28125 0.896875 0.2828125 0.896875 0.2765625 0.9 0.271875 0.9 0.265625 0.9171875 0.2390625 0.9234375 0.2125 0.9375 0.184375 0.9375 0.1796875 0.9484375 0.1640625 0.9484375 0.1609375 0.971875 0.1375 0.9765625 0.1265625 0.9921875 0.1125 0.996875 0.1109375
7 0 0.18144750254842 0 0.4617737003058104 0.05163043478260869 0.4821610601427115 0.08423913043478261 0.472986748216106 0.28940217391304346 0.54638124362895 0.358695652173913 0.5545361875637105 0.37907608695652173 0.5524974515800204 0.45108695652173914 0.5290519877675841 0.5190217391304348 0.49439347604485223 0.5652173913043479 0.4770642201834862 0.5760869565217391 0.46687054026503566 0.5883152173913043 0.46279306829765543 0.6032608695652174 0.43730886850152906 0.625 0.42915392456676865 0.6345108695652174 0.4301732925586137 0.6372282608695652 0.4250764525993884 0.657608695652174 0.42303771661569833 0.71875 0.33843017329255864 0.71875 0.3302752293577982 0.7472826086956521 0.2833843017329256 0.7853260869565217 0.24159021406727826 0.8029891304347826 0.2140672782874618 0.8138586956521738 0.14373088685015292 0.830163043478261 0.13149847094801223 0.8532608695652174 0.12640163098878696 0.8641304347826086 0.09887869520897044 0.8586956521739131 0.0835881753312946 0.8478260869565217 0.07237512742099898 0.8274456521739131 0.06422018348623854 0.7907608695652174 0.03669724770642202 0.7527173913043479 0.0254841997961264 0.748641304347826 0.045871559633027525 0.7105978260869565 0.0672782874617737 0.6929347826086956 0.09276248725790011 0.6494565217391304 0.13761467889908258 0.6195652173913043 0.12945973496432212 0.6114130434782609 0.12028542303771661 0.5855978260869565 0.12028542303771661 0.5040760869565217 0.13557594291539246 0.39945652173913043 0.14067278287461776 0.37228260869565216 0.1529051987767584 0.34103260869565216 0.14576962283384304 0.3125 0.12844036697247707 0.296195652173913 0.1253822629969419 0.2527173913043478 0.1365953109072375 0.24048913043478262 0.1488277268093782 0.1875 0.16207951070336393 0.15625 0.16411824668705405 0.1331521739130435 0.16106014271151886 0.12228260869565218 0.1559633027522936 0.10869565217391304 0.1559633027522936 0.09646739130434782 0.1488277268093782 0.0733695652173913 0.14678899082568808 0.02309782608695652 0.16309887869520898 0 0.18144750254842
34 0.04076086956521739 0.5137614678899083 0.04076086956521739 0.5372069317023446 0.02309782608695652 0.5443425076452599 0 0.5402650356778798 0 0.5912334352701325 0.020380434782608696 0.6809378185524975 0.021739130434782608 0.7135575942915393 0.03532608695652174 0.72579001019368 0.05163043478260869 0.7308868501529052 0.06929347826086957 0.7482161060142711 0.09918478260869565 0.7563710499490316 0.11548913043478262 0.7787971457696228 0.15217391304347824 0.8073394495412843 0.17527173913043476 0.8144750254841998 0.19429347826086957 0.8318042813455658 0.2214673913043478 0.8470948012232415 0.24456521739130435 0.8470948012232415 0.26766304347826086 0.8399592252803263 0.296195652173913 0.8521916411824669 0.3179347826086957 0.8409785932721713 0.4755434782608695 0.8053007135575942 0.48369565217391297 0.8083588175331295 0.5271739130434783 0.8053007135575942 0.5380434782608695 0.8134556574923547 0.5597826086956521 0.8175331294597349 0.5788043478260869 0.8124362895005097 0.6005434782608695 0.798165137614679 0.6032608695652174 0.7828746177370031 0.5964673913043479 0.764525993883792 0.6277173913043479 0.7522935779816514 0.6290760869565217 0.7420998980632009 0.5665760869565217 0.654434250764526 0.5489130434782609 0.6432212028542305 0.5190217391304348 0.6055045871559633 0.4904891304347826 0.5912334352701325 0.47146739130434784 0.5912334352701325 0.41847826086956524 0.5718654434250765 0.391304347826087 0.5575942915392457 0.3641304347826087 0.562691131498471 0.32065217391304346 0.5565749235474006 0.29483695652173914 0.5667686034658512 0.2717391304347826 0.562691131498471 0.266304347826087 0.5555555555555556 0.2730978260869565 0.54638124362895 0.26902173913043476 0.5290519877675841 0.24320652173913043 0.5249745158002039 0.21603260869565216 0.5137614678899083 0.19972826086956522 0.5137614678899083 0.1888586956521739 0.5066258919469929 0.1793478260869565 0.5076452599388379 0.14945652173913043 0.4821610601427115 0.15625 0.47196738022426094 0.17527173913043476 0.46687054026503566 0.1793478260869565 0.46075433231396534 0.18070652173913043 0.45565749235474007 0.17255434782608697 0.4454638124362895 0.11005434782608696 0.44342507645259943 0.09239130434782608 0.472986748216106 0.07065217391304349 0.4801223241590214 0.04891304347826087 0.49439347604485223 0.04076086956521739 0.5137614678899083