50 0.728125 0.39375 0.746875 0.403125 0.7765625 0.425 0.8046875 0.43125 0.83125 0.4328125 0.8359375 0.4359375 0.8421875 0.4421875 0.84375 0.4515625 0.8421875 0.459375 0.8328125 0.475 0.8328125 0.48125 0.828125 0.4875 0.8265625 0.484375 0.8234375 0.484375 0.8203125 0.478125 0.8 0.4671875 0.784375 0.4640625 0.771875 0.4578125 0.765625 0.4578125 0.759375 0.4546875 0.7265625 0.453125 0.709375 0.45625 0.7 0.4609375 0.6953125 0.4609375 0.6921875 0.4640625 0.678125 0.465625 0.678125 0.4625 0.671875 0.45625 0.684375 0.4484375 0.6921875 0.4390625 0.709375 0.425 0.71875 0.4046875 0.7203125 0.3953125 0.7265625 0.39375
50 0.5921875 0.271875 0.6 0.275 0.6140625 0.2765625 0.64375 0.2890625 0.665625 0.309375 0.6671875 0.3171875 0.665625 0.3203125 0.65 0.3171875 0.6453125 0.3140625 0.6359375 0.3140625 0.63125 0.3109375 0.615625 0.309375 0.5921875 0.3109375 0.5875 0.3140625 0.5796875 0.3140625 0.5640625 0.3203125 0.5453125 0.334375 0.5328125 0.346875 0.5296875 0.346875 0.521875 0.3390625 0.521875 0.3359375 0.5 0.3109375 0.5015625 0.3 0.5140625 0.2859375 0.5328125 0.2765625 0.5515625 0.275 0.5609375 0.271875 0.590625 0.271875
50 0.5859375 0.603125 0.5875 0.6046875 0.603125 0.6046875 0.6109375 0.609375 0.634375 0.615625 0.6359375 0.61875 0.640625 0.61875 0.665625 0.6328125 0.675 0.6421875 0.6765625 0.6484375 0.684375 0.6578125 0.690625 0.6765625 0.690625 0.690625 0.684375 0.7078125 0.6734375 0.7203125 0.665625 0.725 0.6546875 0.7375 0.6546875 0.740625 0.64375 0.7515625 0.6328125 0.7578125 0.6171875 0.7609375 0.6140625 0.7640625 0.6078125 0.7640625 0.603125 0.7671875 0.5625 0.7671875 0.521875 0.753125 0.4921875 0.734375 0.4796875 0.721875 0.46875 0.703125 0.46875 0.6734375 0.48125 0.6484375 0.484375 0.646875 0.49375 0.6296875 0.515625 0.615625 0.5203125 0.615625 0.5328125 0.609375 0.5640625 0.603125 0.584375 0.603125
50 0.60625 0.553125 0.6109375 0.55625 0.6203125 0.55625 0.6234375 0.559375 0.6265625 0.5703125 0.634375 0.5765625 0.6375 0.5828125 0.659375 0.5984375 0.675 0.6046875 0.6859375 0.6125 0.696875 0.6375 0.696875 0.6484375 0.6890625 0.65625 0.6828125 0.6515625 0.678125 0.6421875 0.6578125 0.625 0.64375 0.6171875 0.6390625 0.6171875 0.6359375 0.6140625 0.603125 0.6015625 0.5578125 0.6015625 0.5390625 0.6046875 0.5125 0.6140625 0.4953125 0.625 0.490625 0.625 0.490625 0.60625 0.4890625 0.6046875 0.490625 0.5921875 0.49375 0.590625 0.521875 0.5921875 0.5265625 0.5890625 0.5546875 0.5828125 0.578125 0.571875 0.584375 0.565625 0.6046875 0.553125
50 0.4671875 0.675 0.4671875 0.7078125 0.478125 0.7234375 0.49375 0.7390625 0.503125 0.7453125 0.5203125 0.753125 0.521875 0.75625 0.5265625 0.75625 0.5515625 0.76875 0.5359375 0.778125 0.51875 0.784375 0.484375 0.7875 0.4734375 0.784375 0.4625 0.784375 0.44375 0.778125 0.4203125 0.7671875 0.40625 0.7546875 0.396875 0.740625 0.3953125 0.725 0.396875 0.7171875 0.4265625 0.70625 0.446875 0.6921875 0.4609375 0.6765625 0.465625 0.6765625
50 0.803125 0.246875 0.81875 0.25 0.8234375 0.2546875 0.8109375 0.2609375 0.8046875 0.2609375 0.7875 0.2703125 0.7828125 0.2703125 0.7453125 0.29375 0.7390625 0.3 0.721875 0.3265625 0.7203125 0.334375 0.7171875 0.3375 0.7171875 0.34375 0.7125 0.3515625 0.7046875 0.3484375 0.6828125 0.328125 0.6796875 0.328125 0.6734375 0.31875 0.671875 0.2953125 0.678125 0.2828125 0.7015625 0.2625 0.7203125 0.25 0.728125 0.2484375 0.73125 0.2453125 0.7578125 0.240625 0.759375 0.2421875 0.78125 0.2421875 0.8015625 0.246875
50 0.6453125 0.3171875 0.665625 0.321875 0.6734375 0.3265625 0.696875 0.3453125 0.70625 0.35625 0.7140625 0.378125 0.715625 0.4015625 0.70625 0.4234375 0.684375 0.44375 0.6609375 0.4578125 0.6359375 0.4640625 0.61875 0.4640625 0.6140625 0.4578125 0.6 0.4484375 0.59375 0.446875 0.5921875 0.44375 0.5875 0.44375 0.5703125 0.434375 0.5359375 0.4234375 0.5296875 0.4109375 0.53125 0.3578125 0.534375 0.35 0.5421875 0.340625 0.56875 0.3203125 0.5890625 0.315625 0.59375 0.3125 0.6265625 0.3125 0.64375 0.3171875
50 0.753125 0.45625 0.7609375 0.459375 0.76875 0.459375 0.771875 0.4625 0.7875 0.465625 0.803125 0.471875 0.8140625 0.4765625 0.821875 0.484375 0.8328125 0.5078125 0.8328125 0.51875 0.8359375 0.5265625 0.8359375 0.5484375 0.8296875 0.571875 0.815625 0.590625 0.78125 0.6109375 0.75 0.6203125 0.7375 0.6203125 0.6921875 0.6109375 0.646875 0.5875 0.6328125 0.5734375 0.628125 0.565625 0.6265625 0.5390625 0.6359375 0.515625 0.646875 0.5046875 0.646875 0.5015625 0.653125 0.496875 0.6671875 0.4765625 0.690625 0.465625 0.696875 0.465625 0.7 0.4625 0.7046875 0.4625 0.7078125 0.459375 0.71875 0.45625 0.7515625 0.45625
50 0.5546875 0.4328125 0.559375 0.4359375 0.565625 0.4359375 0.575 0.4421875 0.5875 0.4453125 0.609375 0.459375 0.621875 0.471875 0.6265625 0.4796875 0.63125 0.4921875 0.63125 0.5015625 0.6234375 0.5234375 0.603125 0.5484375 0.59375 0.5546875 0.5890625 0.5609375 0.5671875 0.575 0.5203125 0.5890625 0.4953125 0.5875 0.475 0.58125 0.459375 0.5734375 0.4375 0.5484375 0.428125 0.534375 0.421875 0.5203125 0.4203125 0.5109375 0.421875 0.4921875 0.428125 0.4765625 0.4375 0.465625 0.459375 0.4484375 0.4671875 0.4453125 0.46875 0.4421875 0.509375 0.428125 0.5328125 0.428125 0.553125 0.4328125
50 0.871875 0.25625 0.89375 0.2625 0.903125 0.26875 0.915625 0.2796875 0.9171875 0.284375 0.9328125 0.3 0.9421875 0.3203125 0.9421875 0.33125 0.9453125 0.3421875 0.9453125 0.3640625 0.94375 0.375 0.934375 0.390625 0.915625 0.4078125 0.878125 0.4234375 0.85 0.4296875 0.80625 0.428125 0.8 0.425 0.7921875 0.425 0.775 0.4203125 0.76875 0.4140625 0.765625 0.4140625 0.759375 0.4078125 0.75625 0.4078125 0.740625 0.396875 0.7296875 0.3859375 0.7296875 0.3828125 0.721875 0.375 0.71875 0.3671875 0.71875 0.346875 0.7265625 0.325 0.7390625 0.3078125 0.7421875 0.3 0.7703125 0.2828125 0.771875 0.2796875 0.79375 0.26875 0.7984375 0.26875 0.8015625 0.265625 0.828125 0.25625 0.8703125 0.25625
21 0.08695652173913043 0.4806122448979592 0.10869565217391304 0.5112244897959183 0.16576086956521738 0.5489795918367346 0.21467391304347827 0.5632653061224488 0.24320652173913043 0.5653061224489796 0.2758152173913043 0.5571428571428572 0.3125 0.5275510204081633 0.3355978260869565 0.5010204081632652 0.33695652173913043 0.4591836734693877 0.30842391304347827 0.40612244897959177 0.2703804347826087 0.3795918367346939 0.23097826086956524 0.36632653061224485 0.1793478260869565 0.3683673469387755 0.1480978260869565 0.38061224489795914 0.09375 0.41836734693877553 0.08423913043478261 0.44387755102040816 0.08695652173913043 0.4806122448979592
21 0.2554347826086957 0.5989795918367347 0.26358695652173914 0.6397959183673468 0.28940217391304346 0.6795918367346938 0.31385869565217395 0.6979591836734693 0.36277173913043476 0.7142857142857142 0.39402173913043476 0.7142857142857142 0.4279891304347826 0.7020408163265306 0.45652173913043476 0.6755102040816326 0.48369565217391297 0.633673469387755 0.4850543478260869 0.5979591836734693 0.48097826086956524 0.5887755102040816 0.45244565217391297 0.5704081632653061 0.41440217391304346 0.5275510204081633 0.40353260869565216 0.5224489795918367 0.3559782608695652 0.5214285714285714 0.3152173913043478 0.5326530612244897 0.2703804347826087 0.5632653061224488 0.25815217391304346 0.5826530612244898 0.2554347826086957 0.5989795918367347
21 0.27717391304347827 0.38061224489795914 0.3043478260869565 0.39897959183673465 0.34103260869565216 0.4591836734693877 0.38315217391304346 0.4724489795918367 0.4279891304347826 0.47142857142857136 0.46739130434782605 0.4397959183673469 0.5122282608695652 0.42551020408163265 0.5203804347826086 0.41836734693877553 0.5258152173913043 0.39489795918367343 0.5258152173913043 0.34795918367346934 0.4959239130434782 0.3091836734693877 0.47010869565217395 0.29183673469387755 0.4320652173913043 0.27755102040816326 0.3953804347826087 0.27653061224489794 0.3464673913043478 0.2857142857142857 0.3328804347826087 0.29183673469387755 0.28804347826086957 0.33061224489795915 0.27717391304347827 0.3683673469387755 0.27717391304347827 0.38061224489795914
21 0.06521739130434782 0.35 0.07201086956521739 0.3795918367346939 0.08423913043478261 0.4051020408163265 0.09510869565217392 0.4122448979591836 0.16032608695652173 0.37448979591836734 0.18206521739130435 0.36632653061224485 0.22690217391304346 0.36326530612244895 0.26902173913043476 0.37448979591836734 0.27989130434782605 0.3377551020408163 0.2934782608695652 0.31326530612244896 0.2839673913043478 0.29183673469387755 0.25679347826086957 0.2714285714285714 0.1888586956521739 0.2561224489795918 0.15353260869565216 0.25510204081632654 0.11413043478260869 0.2683673469387755 0.09646739130434782 0.28061224489795916 0.06657608695652174 0.3255102040816326 0.06521739130434782 0.35