7 0.4421875 0.3703125 0.4765625 0.375 0.48125 0.3734375 0.4890625 0.3765625 0.5015625 0.3765625 0.5125 0.3796875 0.609375 0.3828125 0.6265625 0.3875 0.634375 0.3875 0.640625 0.390625 0.6734375 0.39375 0.678125 0.396875 0.6890625 0.3984375 0.709375 0.3984375 0.746875 0.40625 0.778125 0.4203125 0.7890625 0.43125 0.7921875 0.440625 0.7921875 0.4515625 0.7890625 0.4625 0.7796875 0.475 0.7671875 0.475 0.74375 0.4671875 0.71875 0.4625 0.7140625 0.459375 0.6921875 0.459375 0.6828125 0.45625 0.6140625 0.453125 0.6125 0.4515625 0.559375 0.453125 0.5375 0.4484375 0.5296875 0.4515625 0.5015625 0.4515625 0.484375 0.45625 0.4171875 0.45625 0.4015625 0.453125 0.36875 0.45625 0.359375 0.453125 0.3546875 0.45625 0.3171875 0.459375 0.3125 0.4625 0.290625 0.4640625 0.2765625 0.4703125 0.2734375 0.46875 0.2625 0.475 0.246875 0.4765625 0.23125 0.490625 0.221875 0.4921875 0.2171875 0.4953125 0.20625 0.4953125 0.196875 0.478125 0.1921875 0.475 0.1859375 0.4625 0.184375 0.4484375 0.1859375 0.434375 0.1921875 0.428125 0.2015625 0.4234375 0.2203125 0.4171875 0.225 0.4125 0.225 0.40625 0.228125 0.403125 0.246875 0.39375 0.253125 0.38125 0.265625 0.3734375 0.2734375 0.3703125 0.3796875 0.3703125 0.38125 0.36875 0.440625 0.3703125
7 0.459375 0.1265625 0.4609375 0.128125 0.4828125 0.128125 0.4953125 0.134375 0.5078125 0.134375 0.5203125 0.1375 0.553125 0.1359375 0.559375 0.1390625 0.571875 0.1390625 0.5890625 0.14375 0.609375 0.15625 0.6109375 0.159375 0.6140625 0.159375 0.6265625 0.1703125 0.6296875 0.1703125 0.6375 0.178125 0.640625 0.1875 0.646875 0.19375 0.646875 0.196875 0.6359375 0.20625 0.6453125 0.2171875 0.64375 0.221875 0.6328125 0.23125 0.615625 0.240625 0.59375 0.26875 0.5703125 0.275 0.5390625 0.275 0.534375 0.278125 0.5171875 0.278125 0.515625 0.2796875 0.496875 0.2796875 0.4953125 0.278125 0.440625 0.2796875 0.4390625 0.278125 0.403125 0.278125 0.3890625 0.275 0.3828125 0.275 0.3765625 0.278125 0.3265625 0.278125 0.3234375 0.275 0.3109375 0.271875 0.2984375 0.271875 0.29375 0.26875 0.2703125 0.26875 0.259375 0.271875 0.246875 0.271875 0.24375 0.275 0.2328125 0.2765625 0.196875 0.278125 0.1859375 0.275 0.1796875 0.26875 0.16875 0.25625 0.16875 0.253125 0.1515625 0.228125 0.153125 0.2203125 0.159375 0.2171875 0.171875 0.215625 0.1828125 0.203125 0.19375 0.196875 0.2140625 0.1703125 0.2171875 0.1703125 0.2421875 0.1546875 0.2515625 0.153125 0.2546875 0.15 0.2609375 0.15 0.2640625 0.146875 0.26875 0.146875 0.278125 0.1421875 0.2890625 0.1421875 0.3171875 0.13125 0.346875 0.1328125 0.353125 0.1296875 0.3703125 0.1296875 0.371875 0.13125 0.41875 0.1328125 0.44375 0.1265625 0.4578125 0.1265625
7 0.1515625 0.50625 0.1640625 0.5078125 0.171875 0.5125 0.171875 0.51875 0.1578125 0.5359375 0.15625 0.5640625 0.14375 0.575 0.1296875 0.5828125 0.1109375 0.5859375 0.0921875 0.5859375 0.0765625 0.59375 0.0671875 0.603125 0.0625 0.6171875 0.0578125 0.621875 0.0578125 0.6296875 0.0625 0.634375 0.0640625 0.640625 0.05 0.65625 0.0328125 0.6625 0.021875 0.6625 0.015625 0.659375 0 0.659375 0 0.515625 0.04375 0.5140625 0.0453125 0.5125 0.109375 0.5125 0.125 0.5109375 0.1296875 0.5078125 0.15 0.50625
7 0.6359375 0.5359375 0.6375 0.5375 0.65625 0.5375 0.665625 0.540625 0.7046875 0.5390625 0.7171875 0.540625 0.7234375 0.54375 0.7328125 0.54375 0.7375 0.546875 0.7640625 0.546875 0.7796875 0.5515625 0.7890625 0.5515625 0.7921875 0.5546875 0.8046875 0.5578125 0.821875 0.5671875 0.828125 0.5671875 0.8328125 0.571875 0.83125 0.6078125 0.8265625 0.6203125 0.8265625 0.6421875 0.8234375 0.65625 0.8203125 0.665625 0.8125 0.675 0.796875 0.70625 0.7765625 0.7140625 0.759375 0.7140625 0.7265625 0.71875 0.715625 0.7234375 0.696875 0.7234375 0.690625 0.7265625 0.659375 0.7265625 0.6578125 0.728125 0.6515625 0.7265625 0.6453125 0.7296875 0.61875 0.7296875 0.5828125 0.7375 0.553125 0.7359375 0.5390625 0.740625 0.521875 0.740625 0.5203125 0.7390625 0.4953125 0.740625 0.471875 0.746875 0.4578125 0.7453125 0.4453125 0.75 0.43125 0.7515625 0.4296875 0.75 0.428125 0.7515625 0.4 0.75 0.378125 0.75625 0.3703125 0.75625 0.3640625 0.759375 0.3390625 0.7609375 0.3328125 0.7640625 0.3109375 0.7671875 0.3046875 0.7703125 0.2953125 0.7703125 0.2890625 0.7734375 0.246875 0.778125 0.209375 0.778125 0.2078125 0.7796875 0.190625 0.7796875 0.1796875 0.7765625 0.1484375 0.7796875 0.1328125 0.7734375 0.115625 0.7703125 0.109375 0.7671875 0.0984375 0.75625 0.0953125 0.75 0.09375 0.7109375 0.0890625 0.696875 0.0875 0.671875 0.084375 0.6671875 0.084375 0.6609375 0.0765625 0.6375 0.0640625 0.6265625 0.0640625 0.621875 0.0703125 0.6140625 0.075 0.6015625 0.084375 0.59375 0.0921875 0.590625 0.1234375 0.5921875 0.1546875 0.571875 0.1671875 0.5703125 0.1703125 0.5671875 0.178125 0.5671875 0.18125 0.5640625 0.1953125 0.5609375 0.2078125 0.5625 0.234375 0.55625 0.25625 0.55625 0.2578125 0.5578125 0.3046875 0.55625 0.325 0.5484375 0.3484375 0.546875 0.35625 0.54375 0.3796875 0.5453125 0.4203125 0.540625 0.4765625 0.540625 0.49375 0.5359375 0.5265625 0.5328125 0.596875 0.5328125 0.6125 0.5359375 0.634375 0.5359375
7 0.55 0.453125 0.55625 0.45625 0.6203125 0.4546875 0.634375 0.4578125 0.6625 0.4578125 0.6953125 0.4640625 0.7171875 0.4640625 0.734375 0.4703125 0.7421875 0.4703125 0.75625 0.4765625 0.7828125 0.48125 0.7890625 0.484375 0.79375 0.490625 0.7953125 0.496875 0.79375 0.5359375 0.7984375 0.540625 0.7984375 0.54375 0.796875 0.5453125 0.775 0.5453125 0.76875 0.5421875 0.746875 0.5421875 0.703125 0.5328125 0.6890625 0.5359375 0.6640625 0.5359375 0.65 0.5328125 0.6109375 0.5328125 0.60625 0.5296875 0.590625 0.528125 0.540625 0.528125 0.5390625 0.5296875 0.4875 0.5328125 0.48125 0.5359375 0.4328125 0.5359375 0.43125 0.5375 0.4234375 0.5359375 0.4140625 0.5390625 0.3859375 0.5390625 0.384375 0.540625 0.359375 0.5390625 0.35 0.5421875 0.334375 0.5421875 0.321875 0.546875 0.29375 0.5515625 0.2546875 0.553125 0.25 0.55 0.2375 0.55 0.234375 0.553125 0.2265625 0.5546875 0.2046875 0.553125 0.1984375 0.55625 0.171875 0.5609375 0.165625 0.559375 0.1640625 0.5578125 0.1640625 0.5359375 0.178125 0.51875 0.18125 0.5109375 0.1921875 0.5046875 0.1984375 0.5046875 0.2015625 0.5015625 0.215625 0.5 0.2203125 0.496875 0.228125 0.496875 0.253125 0.4890625 0.2578125 0.484375 0.2609375 0.484375 0.26875 0.478125 0.2734375 0.478125 0.284375 0.4703125 0.3 0.4703125 0.3171875 0.4640625 0.3515625 0.4609375 0.359375 0.4578125 0.3671875 0.459375 0.3828125 0.4578125 0.484375 0.459375 0.51875 0.4546875 0.5484375 0.4546875
7 0.628125 0.2765625 0.6296875 0.278125 0.6625 0.2796875 0.678125 0.2875 0.6828125 0.2875 0.6859375 0.290625 0.6984375 0.29375 0.7125 0.303125 0.7171875 0.309375 0.7140625 0.334375 0.715625 0.3421875 0.7109375 0.3515625 0.70625 0.3546875 0.640625 0.35625 0.6328125 0.359375 0.6140625 0.359375 0.6078125 0.3625 0.6 0.3625 0.5859375 0.36875 0.5671875 0.36875 0.5546875 0.3625 0.540625 0.3625 0.525 0.371875 0.4953125 0.371875 0.490625 0.36875 0.4734375 0.36875 0.4671875 0.365625 0.459375 0.3546875 0.4484375 0.3484375 0.434375 0.3484375 0.421875 0.3546875 0.415625 0.3625 0.4109375 0.3625 0.40625 0.365625 0.275 0.365625 0.2546875 0.375 0.240625 0.390625 0.21875 0.4015625 0.2140625 0.4015625 0.2 0.3953125 0.1984375 0.3921875 0.1921875 0.3890625 0.1859375 0.378125 0.1765625 0.36875 0.1734375 0.36875 0.159375 0.3515625 0.159375 0.3359375 0.1671875 0.325 0.1703125 0.3046875 0.1875 0.290625 0.203125 0.284375 0.234375 0.28125 0.2625 0.28125 0.2640625 0.2796875 0.3265625 0.2828125 0.3328125 0.2859375 0.353125 0.2859375 0.3703125 0.2828125 0.4390625 0.2828125 0.446875 0.2859375 0.4734375 0.2859375 0.475 0.2875 0.528125 0.2875 0.5515625 0.2921875 0.5640625 0.290625 0.571875 0.2859375 0.5875 0.2859375 0.590625 0.2828125 0.6 0.2828125 0.6046875 0.2796875 0.6265625 0.2765625
7 0.02312925170068027 0.4841997961264016 0 0.5035677879714577 0 0.5117227319062182 0.1034013605442177 0.5096839959225281 0.14557823129251699 0.5025484199796126 0.18231292517006803 0.5045871559633028 0.2 0.49439347604485223 0.17959183673469387 0.4566768603465851 0.18231292517006803 0.4332313965341489 0.2 0.4209989806320082 0.2 0.4159021406727829 0.18231292517006803 0.40366972477064217 0.14557823129251699 0.4026503567787971 0.12789115646258503 0.40672782874617736 0.08435374149659863 0.42915392456676865 0.05170068027210885 0.46075433231396534 0.03265306122448979 0.4658511722731906 0.02312925170068027 0.4841997961264016
7 0.2816326530612245 0.11213047910295618 0.28843537414965986 0.11416921508664628 0.3034013605442177 0.1070336391437309 0.30612244897959184 0.0998980632008155 0.3292517006802721 0.09887869520897044 0.33741496598639453 0.10499490316004079 0.33469387755102037 0.109072375127421 0.3619047619047619 0.10601427115188584 0.3687074829931972 0.11111111111111112 0.3986394557823129 0.11213047910295618 0.4040816326530612 0.10397553516819573 0.4122448979591836 0.10397553516819573 0.43809523809523804 0.11213047910295618 0.4448979591836735 0.1182466870540265 0.4802721088435374 0.1233435270132518 0.5074829931972789 0.12232415902140674 0.5102040816326531 0.1182466870540265 0.5224489795918367 0.12232415902140674 0.5387755102040817 0.1182466870540265 0.5496598639455782 0.12436289500509685 0.563265306122449 0.1253822629969419 0.5673469387755101 0.12028542303771661 0.5782312925170068 0.1233435270132518 0.5877551020408163 0.1162079510703364 0.6040816326530611 0.11722731906218145 0.6244897959183673 0.13149847094801223 0.6312925170068027 0.14576962283384304 0.6326530612244897 0.1671763506625892 0.6448979591836734 0.17533129459734964 0.6571428571428571 0.1926605504587156 0.7170068027210884 0.21916411824668708 0.7673469387755102 0.22426095820591235 0.8095238095238095 0.22222222222222224 0.8544217687074829 0.19571865443425077 0.8925170068027211 0.18246687054026506 0.9170068027210885 0.15698267074413863 0.9142857142857143 0.13965341488277266 0.8993197278911564 0.1162079510703364 0.8639455782312926 0.09072375127421 0.8448979591836734 0.06218144750254843 0.8095238095238095 0.03975535168195719 0.7863945578231293 0.03160040774719674 0.7238095238095238 0.02344546381243629 0.6761904761904762 0.024464831804281346 0.6639455782312924 0.0326197757390418 0.6027210884353742 0.040774719673802244 0.5863945578231292 0.04689092762487258 0.5292517006802722 0.04892966360856269 0.5102040816326531 0.05402650356778797 0.48435374149659866 0.05402650356778797 0.47346938775510206 0.04994903160040775 0.42721088435374144 0.05504587155963303 0.4163265306122449 0.04994903160040775 0.39591836734693875 0.06116207951070337 0.3795918367346939 0.05504587155963303 0.3727891156462585 0.05708460754332314 0.363265306122449 0.06625891946992865 0.3578231292517007 0.06218144750254843 0.32789115646258504 0.06422018348623854 0.3238095238095238 0.05504587155963303 0.31020408163265306 0.05606523955147809 0.2829931972789116 0.07033639143730888 0.2816326530612245 0.11213047910295618
7 0.33469387755102037 0.11722731906218145 0.3551020408163265 0.11722731906218145 0.363265306122449 0.109072375127421 0.3551020408163265 0.09887869520897044 0.33469387755102037 0.1019367991845056 0.33469387755102037 0.11722731906218145
7 0.17006802721088435 0.12130479102956168 0.19591836734693877 0.13761467889908258 0.24081632653061225 0.14780835881753313 0.28979591836734697 0.13353720693170235 0.30884353741496595 0.11722731906218145 0.2965986394557823 0.10295616717635067 0.3006802721088435 0.08154943934760449 0.2952380952380952 0.07135575942915393 0.2748299319727891 0.06320081549439348 0.2503401360544218 0.0672782874617737 0.18503401360544217 0.09072375127421 0.17142857142857143 0.11213047910295618 0.17006802721088435 0.12130479102956168
7 0.6122448979591837 0.25484199796126406 0.6204081632653061 0.2691131498470948 0.6829931972789115 0.2813455657492355 0.7401360544217687 0.2670744138634047 0.764625850340136 0.25688073394495414 0.7795918367346938 0.2324159021406728 0.7197278911564625 0.22222222222222224 0.6707482993197279 0.20897043832823653 0.6544217687074829 0.21304791029561673 0.6448979591836734 0.2273190621814475 0.6176870748299319 0.2466870540265036 0.6122448979591837 0.25484199796126406