11 0.7546875 0.234375 0.7703125 0.25 0.7765625 0.253125 0.796875 0.25625 0.8046875 0.2625 0.821875 0.2703125 0.83125 0.2796875 0.8375 0.29375 0.83125 0.3046875 0.8109375 0.2984375 0.7984375 0.2984375 0.790625 0.2953125 0.7640625 0.2953125 0.753125 0.2984375 0.7421875 0.3046875 0.7375 0.3046875 0.6890625 0.321875 0.6765625 0.3 0.66875 0.2921875 0.6671875 0.2875 0.6625 0.2859375 0.6625 0.2796875 0.659375 0.2734375 0.6625 0.259375 0.6671875 0.253125 0.6734375 0.253125 0.690625 0.24375 0.715625 0.2390625 0.71875 0.2359375 0.7265625 0.2359375 0.73125 0.2328125 0.7515625 0.2328125 0.753125 0.234375
11 0.6234375 0.14375 0.6265625 0.146875 0.63125 0.146875 0.64375 0.153125 0.6484375 0.1625 0.65625 0.1703125 0.68125 0.18125 0.690625 0.1828125 0.7015625 0.1890625 0.70625 0.1890625 0.7140625 0.19375 0.725 0.1953125 0.734375 0.2 0.7390625 0.2046875 0.7484375 0.228125 0.7578125 0.2375 0.7578125 0.2390625 0.7296875 0.2375 0.7203125 0.2421875 0.7015625 0.2453125 0.696875 0.25 0.6890625 0.25 0.6734375 0.2578125 0.66875 0.2578125 0.6609375 0.2703125 0.6625 0.2828125 0.6609375 0.2859375 0.65625 0.2859375 0.6546875 0.2890625 0.65 0.2890625 0.646875 0.28125 0.6453125 0.2671875 0.640625 0.25625 0.63125 0.2484375 0.621875 0.2453125 0.6109375 0.23125 0.6046875 0.228125 0.596875 0.21875 0.5859375 0.2140625 0.584375 0.2109375 0.5921875 0.1921875 0.5921875 0.1796875 0.5890625 0.1734375 0.5875 0.159375 0.5796875 0.146875 0.58125 0.14375 0.5984375 0.140625 0.609375 0.140625 0.621875 0.14375
11 0.275 0.14375 0.28125 0.146875 0.3046875 0.146875 0.328125 0.15 0.3421875 0.1578125 0.35 0.165625 0.353125 0.1796875 0.359375 0.19375 0.359375 0.2140625 0.35625 0.21875 0.33125 0.2203125 0.3265625 0.2234375 0.3265625 0.2296875 0.3296875 0.2359375 0.353125 0.2625 0.3609375 0.2671875 0.375 0.2828125 0.384375 0.2890625 0.3875 0.296875 0.3734375 0.29375 0.34375 0.2921875 0.3265625 0.2890625 0.31875 0.284375 0.3140625 0.275 0.3109375 0.2453125 0.2921875 0.215625 0.278125 0.2046875 0.2265625 0.203125 0.2078125 0.2078125 0.1921875 0.215625 0.1875 0.2109375 0.1859375 0.196875 0.1875 0.1828125 0.1984375 0.165625 0.20625 0.1625 0.21875 0.153125 0.234375 0.1515625 0.253125 0.14375 0.2734375 0.14375
11 0.228125 0.4890625 0.234375 0.490625 0.240625 0.496875 0.2390625 0.5015625 0.2296875 0.5109375 0.225 0.521875 0.215625 0.5328125 0.209375 0.53125 0.1953125 0.51875 0.184375 0.515625 0.184375 0.5109375 0.196875 0.5046875 0.2109375 0.490625 0.2265625 0.4890625
11 0.60625 0.140625 0.621875 0.14375 0.625 0.146875 0.6296875 0.146875 0.6421875 0.153125 0.6484375 0.1640625 0.6546875 0.1671875 0.6578125 0.171875 0.6796875 0.1828125 0.6859375 0.1828125 0.6984375 0.1890625 0.7046875 0.1890625 0.7140625 0.19375 0.721875 0.19375 0.7375 0.2 0.7453125 0.221875 0.7703125 0.25 0.7765625 0.253125 0.790625 0.2546875 0.8046875 0.2625 0.8140625 0.2640625 0.83125 0.2796875 0.8375 0.290625 0.8421875 0.2921875 0.8515625 0.2890625 0.8609375 0.2890625 0.884375 0.28125 0.9015625 0.2859375 0.9140625 0.2921875 0.9328125 0.30625 0.9359375 0.328125 0.9421875 0.334375 0.940625 0.3515625 0.94375 0.35625 0.94375 0.3671875 0.9390625 0.378125 0.91875 0.375 0.9015625 0.3640625 0.884375 0.3625 0.8796875 0.353125 0.878125 0.34375 0.86875 0.3328125 0.85 0.321875 0.8453125 0.321875 0.83125 0.3078125 0.821875 0.3015625 0.8109375 0.2984375 0.8 0.2984375 0.7921875 0.2953125 0.7625 0.2953125 0.7 0.31875 0.6875 0.3203125 0.678125 0.3015625 0.665625 0.2875 0.65 0.284375 0.646875 0.278125 0.646875 0.2671875 0.64375 0.25625 0.6359375 0.2484375 0.625 0.2453125 0.6171875 0.2375 0.615625 0.2328125 0.6078125 0.228125 0.6 0.21875 0.5859375 0.2109375 0.5921875 0.1984375 0.59375 0.1859375 0.5921875 0.1703125 0.5890625 0.165625 0.5875 0.15625 0.584375 0.1546875 0.584375 0.15 0.58125 0.1484375 0.58125 0.14375 0.6046875 0.140625
11 0 0.340625 0.015625 0.3390625 0.0359375 0.3421875 0.0578125 0.35625 0.0671875 0.3609375 0.071875 0.3609375 0.0875 0.3734375 0.096875 0.3734375 0.1109375 0.378125 0.1203125 0.378125 0.125 0.3734375 0.1265625 0.3640625 0.1484375 0.3640625 0.1609375 0.3703125 0.165625 0.3921875 0.175 0.403125 0.1796875 0.4125 0.1828125 0.4140625 0.184375 0.41875 0.175 0.425 0.165625 0.4265625 0.1640625 0.425 0.13125 0.425 0.1234375 0.4296875 0.109375 0.4328125 0.0859375 0.4484375 0.071875 0.4703125 0.071875 0.4921875 0.075 0.4984375 0.0640625 0.5125 0.0609375 0.53125 0.0515625 0.5390625 0.0421875 0.5421875 0.0296875 0.5421875 0.0234375 0.5359375 0.003125 0.534375 0 0.5328125 0 0.3421875
11 0.903125 0.2859375 0.9296875 0.303125 0.9359375 0.3125 0.9359375 0.325 0.94375 0.3328125 0.9421875 0.353125 0.9453125 0.3625 0.94375 0.3734375 0.940625 0.378125 0.9265625 0.378125 0.9109375 0.371875 0.9046875 0.365625 0.8984375 0.3640625 0.89375 0.365625 0.8828125 0.3625 0.8734375 0.3375 0.8640625 0.3296875 0.8484375 0.321875 0.84375 0.321875 0.828125 0.3046875 0.84375 0.290625 0.865625 0.2875 0.8828125 0.28125 0.8953125 0.2828125 0.9015625 0.2859375
11 0.534375 0.209375 0.5421875 0.2125 0.55 0.209375 0.571875 0.2125 0.5890625 0.2171875 0.6 0.2234375 0.6234375 0.25 0.6296875 0.25 0.6375 0.25625 0.6390625 0.2671875 0.6453125 0.2828125 0.6453125 0.290625 0.6375 0.3015625 0.634375 0.3125 0.6296875 0.315625 0.621875 0.31875 0.6140625 0.31875 0.5984375 0.3265625 0.5671875 0.328125 0.5609375 0.325 0.5546875 0.325 0.5515625 0.33125 0.5421875 0.3359375 0.5296875 0.3671875 0.5296875 0.3859375 0.525 0.409375 0.5203125 0.415625 0.496875 0.428125 0.4796875 0.428125 0.4703125 0.425 0.4671875 0.41875 0.46875 0.39375 0.4796875 0.3671875 0.4796875 0.3546875 0.4828125 0.34375 0.4828125 0.33125 0.4796875 0.3203125 0.4578125 0.2984375 0.4484375 0.296875 0.440625 0.2921875 0.4328125 0.29375 0.428125 0.2921875 0.425 0.2828125 0.4171875 0.2765625 0.415625 0.26875 0.4171875 0.2453125 0.428125 0.234375 0.4375 0.2203125 0.4484375 0.215625 0.4546875 0.215625 0.4609375 0.2125 0.509375 0.2125 0.521875 0.209375 0.5328125 0.209375
11 0.346875 0.29375 0.353125 0.296875 0.3734375 0.296875 0.4046875 0.3078125 0.428125 0.3046875 0.4390625 0.30625 0.4671875 0.325 0.4703125 0.33125 0.475 0.334375 0.478125 0.353125 0.4734375 0.36875 0.4671875 0.3765625 0.4671875 0.3828125 0.4640625 0.3875 0.4578125 0.415625 0.453125 0.421875 0.45 0.421875 0.4390625 0.4328125 0.428125 0.434375 0.4109375 0.428125 0.4046875 0.421875 0.396875 0.421875 0.3953125 0.41875 0.3765625 0.40625 0.3625 0.40625 0.3484375 0.4171875 0.3421875 0.4296875 0.340625 0.446875 0.3328125 0.4734375 0.3328125 0.4828125 0.3265625 0.509375 0.325 0.5421875 0.321875 0.55625 0.303125 0.559375 0.2921875 0.559375 0.2875 0.5546875 0.2859375 0.5359375 0.28125 0.521875 0.28125 0.5 0.2859375 0.4796875 0.2859375 0.4609375 0.2921875 0.4390625 0.2921875 0.4203125 0.2953125 0.409375 0.2921875 0.390625 0.2796875 0.3828125 0.271875 0.384375 0.25 0.3828125 0.240625 0.375 0.2375 0.3671875 0.2390625 0.3265625 0.240625 0.3234375 0.2546875 0.3140625 0.2765625 0.303125 0.29375 0.303125 0.303125 0.2953125 0.315625 0.29375 0.321875 0.290625 0.3453125 0.29375
11 0.440625 0.1203125 0.4484375 0.1234375 0.453125 0.1296875 0.4625 0.1359375 0.465625 0.1359375 0.46875 0.140625 0.46875 0.1453125 0.4609375 0.1578125 0.4609375 0.1671875 0.4578125 0.1734375 0.4578125 0.190625 0.4609375 0.2 0.4578125 0.2078125 0.4484375 0.2140625 0.4375 0.2171875 0.4265625 0.2296875 0.4265625 0.234375 0.415625 0.24375 0.4125 0.2578125 0.4125 0.271875 0.4203125 0.290625 0.4171875 0.29375 0.4125 0.2921875 0.40625 0.284375 0.4046875 0.26875 0.3921875 0.2234375 0.3875 0.21875 0.3796875 0.2234375 0.375 0.2234375 0.365625 0.21875 0.365625 0.20625 0.3625 0.1921875 0.3546875 0.178125 0.3546875 0.171875 0.3609375 0.159375 0.3625 0.146875 0.3703125 0.128125 0.3796875 0.1265625 0.3953125 0.11875 0.415625 0.121875 0.4390625 0.1203125
11 0.18125 0.2125 0.1875 0.221875 0.1875 0.240625 0.1859375 0.2421875 0.1875 0.275 0.2078125 0.3078125 0.2140625 0.325 0.20625 0.33125 0.2 0.3328125 0.175 0.359375 0.1671875 0.3640625 0.159375 0.3625 0.1546875 0.3578125 0.1484375 0.35625 0.134375 0.3609375 0.125 0.359375 0.1109375 0.3453125 0.1046875 0.3421875 0.096875 0.3328125 0.084375 0.325 0.0796875 0.31875 0.0765625 0.31875 0.071875 0.3125 0.0453125 0.2953125 0.0390625 0.2796875 0.0375 0.2671875 0.0421875 0.25625 0.053125 0.24375 0.0640625 0.2359375 0.0703125 0.2328125 0.0765625 0.2328125 0.09375 0.2234375 0.109375 0.2203125 0.128125 0.2125 0.146875 0.2125 0.153125 0.209375 0.1765625 0.209375 0.1796875 0.2125
11 0.8734375 0.1796875 0.878125 0.1859375 0.8984375 0.1859375 0.90625 0.190625 0.91875 0.19375 0.9328125 0.203125 0.9359375 0.209375 0.9390625 0.2453125 0.9265625 0.2609375 0.9171875 0.265625 0.915625 0.26875 0.9015625 0.275 0.896875 0.275 0.890625 0.271875 0.8890625 0.26875 0.90625 0.2484375 0.9078125 0.2421875 0.90625 0.2328125 0.903125 0.225 0.88125 0.1953125 0.875 0.1921875 0.846875 0.1921875 0.8421875 0.1953125 0.8359375 0.1953125 0.83125 0.1984375 0.8234375 0.1984375 0.8203125 0.2015625 0.8109375 0.203125 0.8078125 0.2015625 0.8 0.1890625 0.790625 0.1875 0.7828125 0.1828125 0.7859375 0.1765625 0.8078125 0.1765625 0.815625 0.171875 0.8328125 0.171875 0.846875 0.1765625 0.859375 0.1765625 0.871875 0.1796875
13 0.19429347826086957 0.2833843017329256 0.20923913043478262 0.30479102956167176 0.2296195652173913 0.31804281345565755 0.24184782608695649 0.3190621814475026 0.26358695652173914 0.3058103975535168 0.2921195652173913 0.2996941896024465 0.3070652173913043 0.2884811416921509 0.3125 0.2762487257900102 0.31114130434782605 0.25484199796126406 0.29891304347826086 0.22935779816513763 0.28125 0.20897043832823653 0.2554347826086957 0.20489296636085624 0.2078804347826087 0.20897043832823653 0.19429347826086957 0.218144750254842 0.1888586956521739 0.2385321100917431 0.19429347826086957 0.2833843017329256
13 0.4619565217391305 0.1926605504587156 0.4728260869565217 0.20489296636085624 0.4891304347826087 0.20998980632008157 0.5217391304347826 0.20693170234454641 0.5760869565217391 0.20998980632008157 0.5828804347826086 0.20591233435270134 0.5883152173913043 0.19367991845056065 0.5828804347826086 0.1559633027522936 0.563858695652174 0.1416921508664628 0.5217391304347826 0.1325178389398573 0.49728260869565216 0.1345565749235474 0.47146739130434784 0.14678899082568808 0.4619565217391305 0.15800203873598367 0.4619565217391305 0.1926605504587156
13 0 0.2864424057084608 0 0.3211009174311927 0.014945652173913044 0.33231396534148827 0.042119565217391304 0.34046890927624873 0.08559782608695651 0.3700305810397554 0.11956521739130435 0.37410805300713557 0.12228260869565218 0.3690112130479103 0.11684782608695651 0.35474006116207957 0.09103260869565218 0.3312945973496432 0.04076086956521739 0.2945973496432212 0.006793478260869565 0.2854230377166157 0 0.2864424057084608
13 0.328804347826087 0.2324159021406728 0.3532608695652174 0.2609582059123344 0.38858695652173914 0.28950050968399593 0.4021739130434782 0.2915392456676861 0.3980978260869565 0.2650356778797146 0.36820652173913043 0.23547400611620795 0.34510869565217395 0.22018348623853212 0.328804347826087 0.22222222222222224 0.328804347826087 0.2324159021406728
13 0.14402173913043478 0.472986748216106 0.15489130434782608 0.4913353720693171 0.1793478260869565 0.4994903160040775 0.1956521739130435 0.4994903160040775 0.21875 0.4882772680937819 0.24184782608695649 0.4913353720693171 0.26358695652173914 0.4821610601427115 0.27717391304347827 0.46381243628950053 0.2622282608695652 0.4332313965341489 0.24592391304347827 0.42303771661569833 0.22554347826086957 0.4209989806320082 0.18206521739130435 0.4240570846075434 0.16576086956521738 0.4342507645259939 0.14402173913043478 0.4597349643221203 0.14402173913043478 0.472986748216106
13 0.07472826086956522 0.48725790010193687 0.08831521739130435 0.4994903160040775 0.11141304347826086 0.5056065239551478 0.15081521739130435 0.4974515800203874 0.15489130434782608 0.4933741080530072 0.13994565217391303 0.4678899082568807 0.1644021739130435 0.4322120285423038 0.15081521739130435 0.4271151885830785 0.13451086956521738 0.4271151885830785 0.11141304347826086 0.4342507645259939 0.08559782608695651 0.45158002038735984 0.07608695652173912 0.4689092762487258 0.07472826086956522 0.48725790010193687
13 0.1671195652173913 0.38634046890927626 0.19293478260869565 0.41794087665647306 0.23777173913043476 0.41997961264016315 0.26358695652173914 0.43119266055045874 0.28804347826086957 0.4250764525993884 0.2907608695652174 0.4077471967380224 0.2839673913043478 0.3893985728848114 0.24864130434782608 0.3843017329255861 0.23369565217391303 0.36799184505606525 0.23369565217391303 0.327217125382263 0.22010869565217392 0.327217125382263 0.20380434782608697 0.3343527013251784 0.16983695652173914 0.37104994903160043 0.1671195652173913 0.38634046890927626
13 0.34239130434782605 0.44954128440366975 0.35733695652173914 0.4617737003058104 0.389945652173913 0.46381243628950053 0.4103260869565217 0.47196738022426094 0.4130434782608695 0.47604485219164117 0.40760869565217395 0.4852191641182467 0.38858695652173914 0.48725790010193687 0.3967391304347826 0.490316004077472 0.4307065217391305 0.4913353720693171 0.47690217391304346 0.44648318042813456 0.47690217391304346 0.43832823649337416 0.46739130434782605 0.4281345565749236 0.4334239130434782 0.4393476044852192 0.3858695652173913 0.4189602446483181 0.37364130434782605 0.4097859327217125 0.36141304347826086 0.41080530071355764 0.34375 0.4322120285423038 0.34239130434782605 0.44954128440366975
13 0.532608695652174 0.36799184505606525 0.5366847826086956 0.3700305810397554 0.5692934782608695 0.36595310907237516 0.5991847826086956 0.3506625891946993 0.6222826086956521 0.32008154943934763 0.5896739130434783 0.32925586136595314 0.5584239130434783 0.327217125382263 0.5421195652173914 0.33741080530071355 0.5339673913043479 0.35474006116207957 0.532608695652174 0.36799184505606525
13 0.33016304347826086 0.5117227319062182 0.3505434782608695 0.5259938837920489 0.375 0.5249745158002039 0.40896739130434784 0.5147808358817534 0.4279891304347826 0.49439347604485223 0.39266304347826086 0.490316004077472 0.37364130434782605 0.4821610601427115 0.3355978260869565 0.48725790010193687 0.33152173913043476 0.4913353720693171 0.33016304347826086 0.5117227319062182
13 0.6467391304347826 0.1529051987767584 0.657608695652174 0.1671763506625892 0.7119565217391304 0.18858307849133538 0.7432065217391304 0.1906218144750255 0.7595108695652174 0.1834862385321101 0.7771739130434783 0.18144750254842 0.782608695652174 0.1743119266055046 0.782608695652174 0.16411824668705405 0.7459239130434783 0.1416921508664628 0.6752717391304348 0.12945973496432212 0.6494565217391304 0.13863404689092762 0.6467391304347826 0.1529051987767584
13 0.8138586956521738 0.22018348623853212 0.8206521739130433 0.2308868501529052 0.8138586956521738 0.25688073394495414 0.8165760869565217 0.2650356778797146 0.8410326086956521 0.2884811416921509 0.8709239130434783 0.2833843017329256 0.8953804347826086 0.2609582059123344 0.90625 0.24260958205912336 0.8967391304347826 0.21712538226299696 0.8845108695652174 0.20081549439347604 0.8722826086956521 0.19367991845056065 0.8478260869565217 0.19367991845056065 0.8138586956521738 0.20693170234454641 0.8138586956521738 0.22018348623853212
13 0.7472826086956521 0.22222222222222224 0.7676630434782609 0.24566768603465855 0.8084239130434783 0.25993883792048933 0.8165760869565217 0.2487257900101937 0.8192934782608695 0.2273190621814475 0.8029891304347826 0.19571865443425077 0.7894021739130435 0.18756371049949033 0.7703804347826086 0.1834862385321101 0.75 0.18858307849133538 0.7418478260869565 0.19877675840978595 0.7472826086956521 0.22222222222222224
7 0.15625 0.8623853211009175 0.1467391304347826 0.8797145769622834 0.15353260869565216 0.8960244648318044 0.15081521739130435 0.906218144750255 0.17527173913043476 0.9194699286442406 0.1956521739130435 0.9490316004077473 0.21331521739130435 0.9571865443425077 0.24456521739130435 0.9531090723751274 0.27853260869565216 0.9561671763506625 0.2921195652173913 0.9612640163098879 0.32608695652173914 0.9551478083588176 0.3491847826086957 0.964322120285423 0.38858695652173914 0.9531090723751274 0.40489130434782605 0.9133537206931702 0.4483695652173913 0.9001019367991846 0.48777173913043476 0.8807339449541285 0.514945652173913 0.8848114169215087 0.5883152173913043 0.8481141692150868 0.595108695652174 0.8379204892966362 0.6195652173913043 0.8205912334352702 0.6290760869565217 0.7961264016309888 0.6413043478260869 0.7859327217125383 0.6589673913043479 0.7573904179408767 0.6589673913043479 0.7502548419979613 0.6644021739130435 0.7482161060142711 0.6616847826086956 0.72579001019368 0.6440217391304348 0.7043832823649337 0.6141304347826086 0.6860346585117227 0.5652173913043479 0.6941896024464832 0.5557065217391304 0.6890927624872579 0.5271739130434783 0.6860346585117227 0.49864130434782605 0.6738022426095821 0.47146739130434784 0.6707441386340469 0.41440217391304346 0.6523955147808359 0.40353260869565216 0.6452599388379205 0.3029891304347826 0.6106014271151886 0.26766304347826086 0.6024464831804281 0.25 0.6024464831804281 0.2391304347826087 0.6116207951070336 0.22282608695652173 0.6422018348623854 0.23777173913043476 0.6636085626911316 0.24184782608695649 0.6850152905198776 0.21739130434782608 0.724770642201835 0.1888586956521739 0.7380224260958206 0.1779891304347826 0.7604485219164119 0.16983695652173914 0.763506625891947 0.1576086956521739 0.7798165137614679 0.1480978260869565 0.8073394495412843 0.15625 0.8623853211009175
7 0.391304347826087 0.5963302752293578 0.4008152173913043 0.6248725790010193 0.4320652173913043 0.6574923547400612 0.45516304347826086 0.6656472986748216 0.4891304347826087 0.6676860346585117 0.5095108695652174 0.6778797145769623 0.5502717391304348 0.6860346585117227 0.5665760869565217 0.6850152905198776 0.608695652173913 0.6615698267074415 0.6277173913043479 0.6615698267074415 0.6372282608695652 0.6768603465851173 0.6358695652173914 0.6829765545361876 0.6494565217391304 0.6921508664627931 0.6616847826086956 0.7135575942915393 0.6766304347826086 0.7206931702344547 0.6915760869565217 0.7349643221202855 0.7228260869565217 0.7410805300713558 0.75 0.7359836901121305 0.8070652173913043 0.7380224260958206 0.8152173913043479 0.7451580020387361 0.84375 0.7482161060142711 0.8682065217391305 0.7380224260958206 0.892663043478261 0.7370030581039756 0.9021739130434783 0.7237512742099899 0.9225543478260869 0.7298674821610602 0.9375 0.726809378185525 0.9483695652173912 0.7176350662589195 0.9565217391304348 0.6768603465851173 0.9959239130434783 0.6605504587155964 0.9986413043478259 0.43832823649337416 0.9864130434782608 0.4250764525993884 0.9646739130434783 0.41794087665647306 0.9619565217391305 0.399592252803262 0.9456521739130433 0.3853211009174312 0.8967391304347826 0.36799184505606525 0.8845108695652174 0.36799184505606525 0.8627717391304348 0.33231396534148827 0.8396739130434783 0.3221202854230377 0.8274456521739131 0.30988786952089703 0.7975543478260869 0.2996941896024465 0.7608695652173914 0.2996941896024465 0.701086956521739 0.3221202854230377 0.6902173913043479 0.32925586136595314 0.6847826086956521 0.3414882772680938 0.6603260869565217 0.34046890927624873 0.6480978260869565 0.34454638124362896 0.6290760869565217 0.35983690112130484 0.5842391304347826 0.38022426095820594 0.577445652173913 0.39245667686034663 0.5543478260869565 0.4118246687054027 0.5081521739130435 0.4250764525993884 0.4538043478260869 0.47196738022426094 0.41983695652173914 0.5107033639143731 0.4008152173913043 0.5372069317023446 0.39402173913043476 0.563710499490316 0.391304347826087 0.5963302752293578
27 0.04619565217391304 0.599388379204893 0.06929347826086957 0.6238532110091743 0.08288043478260869 0.6309887869520897 0.10597826086956522 0.6330275229357798 0.13858695652173914 0.6269113149847094 0.1671195652173913 0.6095820591233435 0.15896739130434784 0.5586136595310907 0.13722826086956522 0.5056065239551478 0.11684782608695651 0.5066258919469929 0.08152173913043478 0.5219164118246687 0.05570652173913043 0.5423037716615698 0.043478260869565216 0.5667686034658512 0.04619565217391304 0.599388379204893
27 0.08423913043478261 0.6656472986748216 0.09782608695652174 0.6819571865443426 0.12364130434782608 0.6972477064220184 0.15081521739130435 0.7033639143730887 0.19293478260869565 0.7003058103975535 0.22010869565217392 0.6880733944954128 0.23505434782608697 0.671763506625892 0.23369565217391303 0.6564729867482162 0.21739130434782608 0.63506625891947 0.1888586956521739 0.63506625891947 0.1576086956521739 0.6289500509683996 0.1480978260869565 0.6360856269113151 0.09103260869565218 0.6422018348623854 0.08559782608695651 0.6503567787971458 0.08423913043478261 0.6656472986748216
27 0.17391304347826086 0.5891946992864424 0.19157608695652173 0.6034658511722732 0.21739130434782608 0.6024464831804281 0.2554347826086957 0.5922528032619776 0.27445652173913043 0.5708460754332314 0.28125 0.5443425076452599 0.28125 0.5300713557594292 0.2608695652173913 0.49439347604485223 0.25 0.4913353720693171 0.24320652173913043 0.4954128440366973 0.20652173913043476 0.54638124362895 0.17527173913043476 0.5759429153924567 0.17391304347826086 0.5891946992864424