2 0.22690217391304346 0.7104994903160041 0.23777173913043476 0.7553516819571866 0.25679347826086957 0.7859327217125383 0.30027173913043476 0.8246687054026504 0.37092391304347827 0.8603465851172274 0.40896739130434784 0.873598369011213 0.4375 0.873598369011213 0.47146739130434784 0.8654434250764526 0.5067934782608695 0.8470948012232415 0.5203804347826086 0.8318042813455658 0.5353260869565217 0.8012232415902141 0.532608695652174 0.7502548419979613 0.5067934782608695 0.6676860346585117 0.48097826086956524 0.63506625891947 0.4442934782608695 0.6065239551478083 0.39945652173913043 0.5851172273190622 0.3804347826086957 0.581039755351682 0.34782608695652173 0.5759429153924567 0.31657608695652173 0.582059123343527 0.29891304347826086 0.5902140672782875 0.25679347826086957 0.6269113149847094 0.22826086956521738 0.672782874617737 0.22690217391304346 0.7104994903160041
2 0.5135869565217391 0.672782874617737 0.5271739130434783 0.7064220183486238 0.5570652173913043 0.7553516819571866 0.5692934782608695 0.7696228338430173 0.592391304347826 0.7849133537206933 0.6467391304347826 0.8103975535168196 0.6684782608695652 0.8124362895005097 0.688858695652174 0.8205912334352702 0.7119565217391304 0.8216106014271153 0.7608695652173914 0.8124362895005097 0.796195652173913 0.7920489296636086 0.8043478260869564 0.7787971457696228 0.8097826086956521 0.7492354740061162 0.8097826086956521 0.6483180428134557 0.782608695652174 0.6034658511722732 0.7567934782608695 0.5759429153924567 0.7282608695652174 0.5555555555555556 0.6589673913043479 0.5219164118246687 0.6358695652173914 0.5208970438328236 0.6209239130434783 0.5249745158002039 0.5380434782608695 0.5922528032619776 0.5135869565217391 0.6401630988786953 0.5135869565217391 0.672782874617737
2 0.794836956521739 0.945973496432212 0.8043478260869564 0.9765545361875638 0.8192934782608695 0.998980632008155 0.9986413043478259 0.998980632008155 0.9986413043478259 0.8002038735983691 0.8872282608695652 0.7329255861365953 0.8328804347826086 0.7339449541284404 0.8152173913043479 0.7451580020387361 0.8029891304347826 0.8491335372069317 0.7934782608695652 0.8837920489296636 0.794836956521739 0.945973496432212
2 0.5163043478260869 0.9398572884811417 0.49864130434782605 0.998980632008155 0.8125 0.998980632008155 0.7690217391304348 0.9398572884811417 0.6997282608695652 0.8756371049949031 0.657608695652174 0.8277268093781857 0.6440217391304348 0.819571865443425 0.6059782608695652 0.8073394495412843 0.5869565217391304 0.8073394495412843 0.563858695652174 0.8134556574923547 0.5353260869565217 0.836901121304791 0.5230978260869565 0.8685015290519879 0.5163043478260869 0.9398572884811417
2 0.1671195652173913 0.998980632008155 0.4538043478260869 0.998980632008155 0.4320652173913043 0.9673802242609583 0.38858695652173914 0.924566768603466 0.3532608695652174 0.8654434250764526 0.3355978260869565 0.8501529051987768 0.3043478260869565 0.8389398572884812 0.26358695652173914 0.8511722731906218 0.2527173913043478 0.8593272171253823 0.16847826086956522 0.9877675840978594 0.1671195652173913 0.998980632008155
2 0.7092391304347826 0.5392456676860347 0.7622282608695652 0.5769622833843018 0.7880434782608695 0.6055045871559633 0.8097826086956521 0.6401630988786953 0.826086956521739 0.6860346585117227 0.857336956521739 0.7196738022426097 0.8695652173913043 0.72782874617737 0.8940217391304348 0.7329255861365953 0.9293478260869564 0.7543323139653415 0.9782608695652174 0.7553516819571866 0.9986413043478259 0.7502548419979613 0.9986413043478259 0.54638124362895 0.9470108695652174 0.5310907237512742 0.9076086956521738 0.5331294597349643 0.8383152173913043 0.5229357798165137 0.7703804347826086 0.5015290519877676 0.7445652173913043 0.5035677879714577 0.7119565217391304 0.5259938837920489 0.7092391304347826 0.5392456676860347
2 0.3532608695652174 0.5158002038735984 0.36141304347826086 0.5412844036697247 0.37228260869565216 0.5575942915392457 0.40489130434782605 0.582059123343527 0.43885869565217395 0.5953109072375128 0.4728260869565217 0.6004077471967381 0.5258152173913043 0.5891946992864424 0.5557065217391304 0.5739041794087666 0.5828804347826086 0.5504587155963303 0.5991847826086956 0.5259938837920489 0.6100543478260869 0.4964322120285424 0.6127717391304348 0.4525993883792049 0.6046195652173914 0.40061162079510704 0.6073369565217391 0.3476044852191641 0.5964673913043479 0.3221202854230377 0.577445652173913 0.3119266055045872 0.5625 0.3109072375127421 0.5353260869565217 0.3190621814475026 0.5176630434782609 0.32925586136595314 0.49728260869565216 0.35372069317023447 0.4728260869565217 0.37104994903160043 0.43614130434782605 0.38837920489296635 0.39402173913043476 0.42201834862385323 0.3654891304347826 0.4525993883792049 0.3546195652173913 0.4821610601427115 0.3532608695652174 0.5158002038735984
2 0.7404891304347826 0.33537206931702346 0.733695652173913 0.3904179408766565 0.7377717391304348 0.4250764525993884 0.75 0.4597349643221203 0.7703804347826086 0.48725790010193687 0.8152173913043479 0.5127420998980632 0.8600543478260869 0.5239551478083588 0.9388586956521738 0.527013251783894 0.9578804347826086 0.5219164118246687 0.9986413043478259 0.4852191641182467 0.9986413043478259 0.36799184505606525 0.9877717391304348 0.35474006116207957 0.9442934782608695 0.327217125382263 0.8722826086956521 0.3058103975535168 0.8152173913043479 0.27217125382262997 0.8016304347826086 0.26809378185524974 0.78125 0.26605504587155965 0.7581521739130435 0.273190621814475 0.7418478260869565 0.28950050968399593 0.7364130434782609 0.3068297655453619 0.7404891304347826 0.33537206931702346
2 0.1983695652173913 0.16309887869520898 0.21603260869565216 0.20591233435270134 0.2296195652173913 0.2670744138634047 0.2527173913043478 0.31702344546381245 0.2717391304347826 0.33741080530071355 0.34103260869565216 0.3781855249745158 0.37907608695652173 0.3853211009174312 0.43885869565217395 0.382262996941896 0.48369565217391297 0.36187563710499493 0.5176630434782609 0.32415902140672787 0.5258152173913043 0.2925586136595311 0.5122282608695652 0.25382262996941896 0.47146739130434784 0.20897043832823653 0.4483695652173913 0.1946992864424057 0.328804347826087 0.14780835881753313 0.25407608695652173 0.10601427115188584 0.21875 0.11111111111111112 0.19701086956521738 0.12742099898063203 0.1983695652173913 0.16309887869520898
2 0.04755434782608696 0.5545361875637105 0.05570652173913043 0.5575942915392457 0.05842391304347826 0.5769622833843018 0.07880434782608695 0.599388379204893 0.11277173913043478 0.6228338430173292 0.13722826086956522 0.6279306829765545 0.15217391304347824 0.6371049949031601 0.18206521739130435 0.6462793068297656 0.21603260869565216 0.6432212028542305 0.25 0.6299694189602446 0.297554347826087 0.5881753312945974 0.3043478260869565 0.5749235474006117 0.30842391304347827 0.5423037716615698 0.29891304347826086 0.5025484199796126 0.28940217391304346 0.4862385321100918 0.2608695652173913 0.4678899082568807 0.19293478260869565 0.4454638124362895 0.14266304347826086 0.4454638124362895 0.08423913043478261 0.4658511722731906 0.057065217391304345 0.49235474006116214 0.04483695652173913 0.5188583078491336 0.04755434782608696 0.5545361875637105
2 0 0.6452599388379205 0 0.8603465851172274 0.033967391304347824 0.8746177370030581 0.06385869565217392 0.8807339449541285 0.125 0.8827726809378186 0.14945652173913043 0.8776758409785932 0.19429347826086957 0.8501529051987768 0.22010869565217392 0.8073394495412843 0.21875 0.7227319062181448 0.2078804347826087 0.6880733944954128 0.16983695652173914 0.6523955147808359 0.15081521739130435 0.6401630988786953 0.11820652173913042 0.6289500509683996 0.08423913043478261 0.6218144750254841 0.028532608695652172 0.6207951070336392 0.010869565217391304 0.6320081549439347 0 0.6452599388379205
2 0.6820652173913043 0.19367991845056065 0.7078804347826086 0.21508664627930685 0.7296195652173914 0.25688073394495414 0.748641304347826 0.2701325178389399 0.7880434782608695 0.2640163098878695 0.8355978260869564 0.27522935779816515 0.8804347826086957 0.26605504587155965 0.9048913043478259 0.25178389398572887 0.9320652173913043 0.22222222222222224 0.9307065217391305 0.18858307849133538 0.9130434782608695 0.15902140672782877 0.8722826086956521 0.12844036697247707 0.8247282608695652 0.11314984709480122 0.779891304347826 0.11416921508664628 0.7255434782608695 0.13353720693170235 0.6997282608695652 0.1508664627930683 0.6834239130434783 0.18042813455657494 0.6820652173913043 0.19367991845056065
2 0.3967391304347826 0.17227319062181448 0.4538043478260869 0.1946992864424057 0.49864130434782605 0.23139653414882771 0.5217391304347826 0.26605504587155965 0.5285326086956521 0.3068297655453619 0.5679347826086956 0.308868501529052 0.6127717391304348 0.32619775739041795 0.6453804347826086 0.31804281345565755 0.6779891304347826 0.3037716615698267 0.6956521739130435 0.2925586136595311 0.7133152173913043 0.2701325178389399 0.71875 0.2507645259938838 0.7146739130434783 0.22935779816513763 0.7051630434782609 0.21508664627930685 0.657608695652174 0.17533129459734964 0.6535326086956521 0.17838939857288483 0.6331521739130435 0.17329255861365953 0.625 0.16615698267074414 0.577445652173913 0.14984709480122324 0.44021739130434784 0.13149847094801223 0.4116847826086956 0.1365953109072375 0.3953804347826087 0.14678899082568808 0.389945652173913 0.1559633027522936 0.3967391304347826 0.17227319062181448
2 0 0.18960244648318042 0 0.25891946992864423 0.03668478260869565 0.2996941896024465 0.10054347826086955 0.3251783893985729 0.1263586956521739 0.3302752293577982 0.19293478260869565 0.3211009174311927 0.22690217391304346 0.30479102956167176 0.23505434782608697 0.2854230377166157 0.21467391304347827 0.20998980632008157 0.1983695652173913 0.1743119266055046 0.19021739130434784 0.1671763506625892 0.13043478260869565 0.14271151885830785 0.09375 0.13863404689092762 0.04891304347826087 0.1529051987767584 0.00951086956521739 0.18042813455657494 0 0.18960244648318042
2 0 0.4475025484199796 0.02309782608695652 0.45361875637105 0.05434782608695652 0.4770642201834862 0.08695652173913043 0.4617737003058104 0.15489130434782608 0.44036697247706424 0.16576086956521738 0.4118246687054027 0.16576086956521738 0.38328236493374107 0.15896739130434784 0.363914373088685 0.1467391304347826 0.3516819571865443 0.11820652173913042 0.3343527013251784 0.06114130434782609 0.3129459734964322 0.028532608695652172 0.3109072375127421 0.002717391304347826 0.31600407747196735 0 0.4475025484199796
2 0.4578804347826087 0.06625891946992865 0.46875 0.08766564729867482 0.4850543478260869 0.10805300713557595 0.5081521739130435 0.12640163098878696 0.595108695652174 0.1325178389398573 0.6345108695652174 0.11213047910295618 0.6453804347826086 0.0856269113149847 0.6440217391304348 0.04383282364933741 0.625 0.014271151885830785 0.6032608695652174 0 0.49728260869565216 0 0.46739130434782605 0.021406727828746176 0.4578804347826087 0.0417940876656473 0.4578804347826087 0.06625891946992865
2 0.26902173913043476 0.0764525993883792 0.2839673913043478 0.0998980632008155 0.2907608695652174 0.12232415902140674 0.3342391304347826 0.1488277268093782 0.37635869565217395 0.16411824668705405 0.389945652173913 0.14475025484199797 0.42391304347826086 0.1304791029561672 0.44972826086956524 0.12945973496432212 0.4619565217391305 0.11111111111111112 0.4646739130434782 0.08868501529051989 0.45244565217391297 0.06116207951070337 0.4334239130434782 0.04281345565749235 0.39266304347826086 0.0254841997961264 0.34239130434782605 0.02344546381243629 0.3220108695652174 0.02854230377166157 0.29891304347826086 0.03873598369011213 0.2703804347826087 0.0672782874617737 0.26902173913043476 0.0764525993883792
2 0.08559782608695651 0.1365953109072375 0.1263586956521739 0.13863404689092762 0.1956521739130435 0.1671763506625892 0.1956521739130435 0.12844036697247707 0.21331521739130435 0.11213047910295618 0.2391304347826087 0.10397553516819573 0.25407608695652173 0.10397553516819573 0.27853260869565216 0.11722731906218145 0.2839673913043478 0.1162079510703364 0.27717391304347827 0.09174311926605505 0.25 0.0581039755351682 0.2214673913043478 0.0417940876656473 0.18614130434782608 0.03160040774719674 0.15353260869565216 0.030581039755351685 0.125 0.03771661569826708 0.09375 0.05912334352701325 0.07744565217391304 0.08256880733944955 0.08559782608695651 0.1365953109072375
2 0.6290760869565217 0.0163098878695209 0.6480978260869565 0.04892966360856269 0.6494565217391304 0.09072375127421 0.6644021739130435 0.10499490316004079 0.688858695652174 0.109072375127421 0.7622282608695652 0.10295616717635067 0.7880434782608695 0.08053007135575943 0.8057065217391305 0.0417940876656473 0.8029891304347826 0.024464831804281346 0.7880434782608695 0 0.6372282608695652 0 0.6317934782608695 0.007135575942915392 0.6290760869565217 0.0163098878695209
2 0.8002717391304348 0.004077471967380225 0.8111413043478259 0.03160040774719674 0.8084239130434783 0.05708460754332314 0.8247282608695652 0.08053007135575943 0.8274456521739131 0.09480122324159021 0.8491847826086957 0.09785932721712538 0.9144021739130433 0.09276248725790011 0.9755434782608695 0.0998980632008155 0.9945652173913043 0.09582059123343527 0.9986413043478259 0.08868501529051989 0.9986413043478259 0 0.8790760869565217 0 0.8002717391304348 0.004077471967380225
2 0.8274456521739131 0.11213047910295618 0.8532608695652174 0.1182466870540265 0.8845108695652174 0.13353720693170235 0.9144021739130433 0.15902140672782877 0.9320652173913043 0.18756371049949033 0.9375 0.22629969418960244 0.9782608695652174 0.22833843017329256 0.9986413043478259 0.22018348623853212 0.9986413043478259 0.1162079510703364 0.9945652173913043 0.11314984709480122 0.9741847826086957 0.10295616717635067 0.9144021739130433 0.09378185524974517 0.8899456521739131 0.09378185524974517 0.8274456521739131 0.10601427115188584 0.8274456521739131 0.11213047910295618
2 0 0.04892966360856269 0 0.18552497451580022 0.03125 0.16004077471967382 0.06385869565217392 0.14271151885830785 0.06929347826086957 0.10295616717635067 0.06929347826086957 0.09072375127421 0.06114130434782609 0.07951070336391439 0.024456521739130436 0.05504587155963303 0.005434782608695652 0.04892966360856269 0 0.04892966360856269
2 0.6073369565217391 0.4026503567787971 0.6154891304347826 0.4566768603465851 0.6195652173913043 0.46279306829765543 0.654891304347826 0.46381243628950053 0.671195652173913 0.45565749235474007 0.6875 0.43730886850152906 0.6929347826086956 0.41794087665647306 0.6902173913043479 0.39653414882772686 0.6589673913043479 0.35474006116207957 0.6372282608695652 0.3414882772680938 0.6046195652173914 0.32925586136595314 0.6073369565217391 0.4026503567787971