7 0.30027173913043476 0.11275415896487986 0.31385869565217395 0.13585951940850277 0.327445652173913 0.1414048059149723 0.3559782608695652 0.14417744916820702 0.3695652173913043 0.1524953789279113 0.38315217391304346 0.16635859519408505 0.40353260869565216 0.2134935304990758 0.4171195652173913 0.22181146025878004 0.5217391304347826 0.5231053604436229 0.5190217391304348 0.534195933456562 0.5502717391304348 0.55637707948244 0.5855978260869565 0.5526802218114603 0.6019021739130435 0.544362292051756 0.608695652173913 0.5360443622920518 0.6154891304347826 0.5360443622920518 0.6168478260869565 0.5277264325323475 0.6358695652173914 0.5092421441774493 0.6494565217391304 0.47412199630314233 0.6508152173913043 0.45286506469500926 0.638586956521739 0.4048059149722736 0.6413043478260869 0.3881700554528651 0.6372282608695652 0.37523105360443626 0.6195652173913043 0.36783733826247694 0.6168478260869565 0.36044362292051757 0.6195652173913043 0.32532347504621073 0.6480978260869565 0.27634011090573013 0.654891304347826 0.24768946395563773 0.6535326086956521 0.2301293900184843 0.6589673913043479 0.22181146025878004 0.671195652173913 0.21811460258780038 0.6807065217391304 0.20702402957486138 0.7092391304347826 0.20609981515711645 0.7133152173913043 0.20979667282809614 0.7105978260869565 0.2024029574861368 0.71875 0.19316081330868765 0.733695652173913 0.19500924214417747 0.7391304347826086 0.1903881700554529 0.7472826086956521 0.19131238447319782 0.751358695652174 0.1968576709796673 0.7730978260869565 0.19500924214417747 0.7894021739130435 0.20609981515711645 0.8057065217391305 0.22643253234750463 0.8029891304347826 0.23382624768946397 0.8097826086956521 0.23752310536044363 0.8029891304347826 0.24399260628465808 0.8097826086956521 0.24491682070240298 0.8192934782608695 0.2402957486136784 0.8328804347826086 0.24953789279112754 0.8383152173913043 0.2634011090573013 0.8505434782608695 0.26155268022181144 0.8491847826086957 0.2513863216266174 0.8559782608695652 0.24861367837338263 0.875 0.24676524953789283 0.9089673913043479 0.23382624768946397 0.9279891304347826 0.23659889094269873 0.9211956521739131 0.22088724584103514 0.9089673913043479 0.20979667282809614 0.90625 0.19870609981515713 0.8980978260869564 0.19223659889094272 0.8831521739130433 0.18853974121996303 0.8695652173913043 0.17282809611829947 0.8695652173913043 0.14972273567467653 0.8478260869565217 0.10443622920517562 0.8355978260869564 0.09519408502772644 0.7975543478260869 0.08133086876155268 0.720108695652174 0.07393715341959335 0.7119565217391304 0.0767097966728281 0.6807065217391304 0.10720887245841035 0.6644021739130435 0.11367837338262479 0.6494565217391304 0.11367837338262479 0.6345108695652174 0.11090573012939002 0.6182065217391304 0.10073937153419595 0.6059782608695652 0.0868761552680222 0.5991847826086956 0.06284658040665435 0.5176630434782609 0.05083179297597042 0.46875 0.048983364140480594 0.40760869565217395 0.03881700554528651 0.37092391304347827 0.036968576709796676 0.36277173913043476 0.03974121996303143 0.358695652173913 0.049907578558225515 0.36141304347826086 0.07393715341959335 0.34375 0.08133086876155268 0.31657608695652173 0.08133086876155268 0.2934782608695652 0.0868761552680222 0.30027173913043476 0.11275415896487986
7 0.6671875 0.365625 0.66875 0.3671875 0.696875 0.3671875 0.7171875 0.3703125 0.7578125 0.371875 0.8 0.38125 0.8203125 0.3828125 0.859375 0.390625 0.8796875 0.390625 0.8859375 0.39375 0.8953125 0.39375 0.9 0.396875 0.9125 0.396875 0.9421875 0.403125 0.9515625 0.4078125 0.9703125 0.4234375 0.975 0.4328125 0.9703125 0.4453125 0.971875 0.45625 0.9703125 0.46875 0.9546875 0.48125 0.940625 0.484375 0.9296875 0.484375 0.9171875 0.478125 0.8984375 0.475 0.8859375 0.4671875 0.875 0.465625 0.865625 0.4609375 0.8484375 0.4609375 0.84375 0.4578125 0.8296875 0.4546875 0.8265625 0.4515625 0.8171875 0.45 0.8140625 0.446875 0.790625 0.4375 0.7734375 0.434375 0.7515625 0.434375 0.746875 0.43125 0.73125 0.4296875 0.728125 0.4265625 0.703125 0.421875 0.678125 0.421875 0.6765625 0.4203125 0.6671875 0.4203125 0.6609375 0.4234375 0.6484375 0.421875 0.64375 0.409375 0.6453125 0.396875 0.64375 0.371875 0.6515625 0.3671875 0.665625 0.365625
7 0.7203125 0.5 0.7390625 0.5046875 0.740625 0.5078125 0.7890625 0.509375 0.80625 0.5140625 0.8140625 0.51875 0.821875 0.51875 0.825 0.521875 0.8421875 0.525 0.84375 0.528125 0.853125 0.5296875 0.85625 0.5328125 0.896875 0.5390625 0.9 0.5421875 0.925 0.5484375 0.93125 0.553125 0.9671875 0.5609375 0.9734375 0.5734375 0.9671875 0.5875 0.9671875 0.609375 0.9640625 0.6109375 0.9578125 0.6234375 0.9453125 0.6296875 0.9125 0.634375 0.909375 0.6375 0.9015625 0.6390625 0.8625 0.6375 0.8546875 0.634375 0.8421875 0.61875 0.821875 0.60625 0.796875 0.6015625 0.76875 0.5875 0.7546875 0.5859375 0.7515625 0.5828125 0.7421875 0.58125 0.728125 0.571875 0.7125 0.56875 0.696875 0.5609375 0.6875 0.5609375 0.671875 0.55625 0.6640625 0.5515625 0.6578125 0.5515625 0.64375 0.5359375 0.6515625 0.53125 0.653125 0.515625 0.65625 0.5078125 0.6609375 0.503125 0.678125 0.4953125 0.71875 0.5
7 0.2140625 0.36875 0.215625 0.3703125 0.3 0.36875 0.3125 0.371875 0.353125 0.371875 0.3640625 0.375 0.384375 0.3765625 0.39375 0.3828125 0.41875 0.3875 0.446875 0.3875 0.4484375 0.3859375 0.4671875 0.3875 0.46875 0.390625 0.4828125 0.39375 0.4875 0.3984375 0.4875 0.4015625 0.48125 0.409375 0.4703125 0.4125 0.45625 0.4328125 0.4265625 0.4359375 0.4046875 0.43125 0.3609375 0.4296875 0.35625 0.4265625 0.2609375 0.4265625 0.259375 0.425 0.1796875 0.4265625 0.165625 0.4296875 0.1375 0.4296875 0.121875 0.4328125 0.1078125 0.4328125 0.096875 0.4359375 0.0828125 0.44375 0.0734375 0.4453125 0.0625 0.453125 0.0578125 0.4703125 0.0515625 0.48125 0.05 0.49375 0.046875 0.4984375 0.0421875 0.5 0.01875 0.4953125 0.015625 0.4921875 0 0.4875 0 0.4359375 0.00625 0.4265625 0.00625 0.41875 0.01875 0.3953125 0.03125 0.3828125 0.0421875 0.3765625 0.0578125 0.371875 0.159375 0.3703125 0.1609375 0.36875 0.1921875 0.36875 0.19375 0.3671875 0.2125 0.36875
7 0.3046875 0.25625 0.3140625 0.259375 0.3796875 0.2578125 0.4078125 0.2625 0.4125 0.2609375 0.428125 0.265625 0.4359375 0.2640625 0.440625 0.2671875 0.45 0.2671875 0.453125 0.2703125 0.4609375 0.271875 0.4640625 0.275 0.465625 0.284375 0.4609375 0.30625 0.4578125 0.3109375 0.4578125 0.3265625 0.453125 0.3296875 0.4296875 0.328125 0.415625 0.3234375 0.4046875 0.3234375 0.3921875 0.31875 0.3859375 0.31875 0.384375 0.315625 0.3640625 0.3140625 0.3578125 0.3109375 0.31875 0.309375 0.2703125 0.303125 0.2390625 0.303125 0.2375 0.3046875 0.20625 0.3046875 0.2046875 0.30625 0.1640625 0.3015625 0.0734375 0.3046875 0.071875 0.30625 0.053125 0.3046875 0.053125 0.2890625 0.0609375 0.2796875 0.0625 0.26875 0.0875 0.2515625 0.1265625 0.2515625 0.128125 0.253125 0.18125 0.2515625 0.1875 0.2546875 0.20625 0.2546875 0.21875 0.2578125 0.25 0.2546875 0.303125 0.25625
7 0.4625 0.49375 0.4640625 0.4953125 0.46875 0.49375 0.4796875 0.4953125 0.4875 0.5 0.4875 0.50625 0.48125 0.5125 0.475 0.5125 0.4703125 0.515625 0.45625 0.515625 0.44375 0.5203125 0.440625 0.5234375 0.4390625 0.54375 0.434375 0.5484375 0.4171875 0.5515625 0.3890625 0.5515625 0.375 0.55625 0.3421875 0.5609375 0.3140625 0.559375 0.3125 0.5609375 0.284375 0.5609375 0.253125 0.5640625 0.234375 0.571875 0.184375 0.578125 0.1609375 0.578125 0.1421875 0.5890625 0.1234375 0.5890625 0.1171875 0.5921875 0.1078125 0.603125 0.1109375 0.6109375 0.1109375 0.621875 0.10625 0.6296875 0.1015625 0.646875 0.090625 0.6609375 0.075 0.6578125 0.0625 0.6515625 0.0578125 0.6453125 0.053125 0.6046875 0.05 0.6015625 0.05 0.575 0.0515625 0.5734375 0.05 0.5546875 0.053125 0.54375 0.0703125 0.5375 0.08125 0.525 0.09375 0.525 0.1109375 0.521875 0.115625 0.51875 0.1359375 0.5171875 0.146875 0.5140625 0.171875 0.5140625 0.234375 0.5 0.259375 0.503125 0.271875 0.5 0.3453125 0.5 0.3625 0.496875 0.3859375 0.496875 0.4 0.49375 0.4609375 0.49375
7 0.33125 0.428125 0.3421875 0.43125 0.4 0.434375 0.4265625 0.4390625 0.4609375 0.4390625 0.478125 0.4359375 0.4875 0.4359375 0.4984375 0.4390625 0.4984375 0.4578125 0.5015625 0.4671875 0.4953125 0.475 0.4796875 0.4828125 0.478125 0.4859375 0.46875 0.4890625 0.45 0.4890625 0.4484375 0.490625 0.3640625 0.4921875 0.35625 0.4953125 0.3234375 0.496875 0.321875 0.4984375 0.3015625 0.4984375 0.3 0.496875 0.2609375 0.4984375 0.259375 0.5 0.2296875 0.4984375 0.215625 0.503125 0.1890625 0.50625 0.1765625 0.5109375 0.1390625 0.5125 0.1328125 0.515625 0.1109375 0.5171875 0.10625 0.5203125 0.0921875 0.5234375 0.078125 0.521875 0.071875 0.5265625 0.071875 0.5328125 0.05625 0.5390625 0.053125 0.5375 0.05 0.528125 0.053125 0.4890625 0.0609375 0.471875 0.0640625 0.45625 0.071875 0.4484375 0.0828125 0.446875 0.1046875 0.4359375 0.125 0.4359375 0.1328125 0.4328125 0.1953125 0.43125 0.221875 0.428125 0.2609375 0.428125 0.2765625 0.43125 0.3296875 0.428125
7 0.459375 0.55 0.4625 0.5609375 0.4625 0.571875 0.4578125 0.5828125 0.453125 0.615625 0.446875 0.621875 0.428125 0.6265625 0.3953125 0.6296875 0.390625 0.6328125 0.38125 0.634375 0.378125 0.6375 0.3671875 0.6390625 0.3640625 0.6421875 0.359375 0.6421875 0.3515625 0.646875 0.33125 0.653125 0.2859375 0.6546875 0.271875 0.6625 0.2609375 0.6625 0.2515625 0.665625 0.2328125 0.675 0.2234375 0.6828125 0.215625 0.684375 0.2 0.6953125 0.1890625 0.7125 0.1859375 0.7140625 0.171875 0.7125 0.1359375 0.7140625 0.11875 0.709375 0.109375 0.703125 0.1078125 0.684375 0.1 0.671875 0.0984375 0.659375 0.1046875 0.65 0.1046875 0.6453125 0.109375 0.6375 0.109375 0.63125 0.1125 0.628125 0.1140625 0.621875 0.1125 0.603125 0.1171875 0.5953125 0.1265625 0.590625 0.140625 0.59375 0.1546875 0.584375 0.1671875 0.58125 0.215625 0.578125 0.221875 0.575 0.2390625 0.5734375 0.24375 0.5703125 0.2671875 0.565625 0.3109375 0.5640625 0.3125 0.5625 0.359375 0.5625 0.365625 0.559375 0.3765625 0.559375 0.390625 0.5546875 0.41875 0.5546875 0.4203125 0.553125 0.4359375 0.553125 0.44375 0.55 0.4578125 0.55
7 0.734375 0.19375 0.771875 0.2015625 0.775 0.2046875 0.7796875 0.2046875 0.8140625 0.2203125 0.8203125 0.228125 0.81875 0.234375 0.8234375 0.2421875 0.8390625 0.25 0.8484375 0.2515625 0.8640625 0.2609375 0.8671875 0.265625 0.8828125 0.2703125 0.884375 0.275 0.890625 0.28125 0.9046875 0.2875 0.90625 0.290625 0.915625 0.2953125 0.9140625 0.303125 0.9046875 0.3109375 0.8859375 0.3109375 0.8625 0.3046875 0.8296875 0.303125 0.8140625 0.2984375 0.8 0.2984375 0.7921875 0.2953125 0.7703125 0.29375 0.7578125 0.2890625 0.7359375 0.2890625 0.725 0.284375 0.6640625 0.284375 0.65625 0.28125 0.6578125 0.271875 0.6734375 0.2515625 0.684375 0.24375 0.6984375 0.2234375 0.6984375 0.2203125 0.7078125 0.2125 0.709375 0.20625 0.721875 0.19375 0.7328125 0.19375
7 0.4828125 0.621875 0.4890625 0.6234375 0.49375 0.628125 0.4953125 0.6484375 0.4984375 0.653125 0.503125 0.6734375 0.4984375 0.690625 0.4875 0.6875 0.484375 0.684375 0.4640625 0.6953125 0.4484375 0.6984375 0.4328125 0.7078125 0.4 0.7203125 0.371875 0.7390625 0.3640625 0.7421875 0.34375 0.74375 0.31875 0.7734375 0.30625 0.7796875 0.296875 0.7890625 0.2859375 0.7921875 0.275 0.7921875 0.2640625 0.7859375 0.2484375 0.784375 0.209375 0.759375 0.2015625 0.74375 0.1984375 0.725 0.1953125 0.71875 0.1953125 0.7078125 0.2015625 0.696875 0.2078125 0.69375 0.209375 0.690625 0.225 0.684375 0.2421875 0.6734375 0.2546875 0.66875 0.2609375 0.66875 0.265625 0.665625 0.2796875 0.6640625 0.29375 0.6578125 0.325 0.65625 0.3421875 0.653125 0.34375 0.65 0.353125 0.6484375 0.35625 0.6453125 0.3625 0.6453125 0.371875 0.640625 0.384375 0.6390625 0.3875 0.6359375 0.39375 0.6359375 0.4125 0.6296875 0.4359375 0.628125 0.4484375 0.6234375 0.48125 0.621875
7 0.16875 0.3046875 0.1953125 0.3078125 0.2796875 0.30625 0.2859375 0.309375 0.334375 0.3109375 0.3671875 0.3171875 0.378125 0.3171875 0.39375 0.321875 0.396875 0.325 0.415625 0.3265625 0.428125 0.33125 0.4578125 0.3328125 0.4671875 0.3375 0.4703125 0.3453125 0.4703125 0.35625 0.4671875 0.3625 0.4671875 0.3796875 0.465625 0.38125 0.459375 0.384375 0.453125 0.3828125 0.4203125 0.384375 0.415625 0.38125 0.3984375 0.3796875 0.3953125 0.3765625 0.3890625 0.3765625 0.38125 0.371875 0.35 0.36875 0.30625 0.36875 0.3015625 0.365625 0.2828125 0.365625 0.28125 0.3671875 0.2765625 0.365625 0.2609375 0.365625 0.259375 0.3671875 0.1625 0.365625 0.1515625 0.36875 0.1484375 0.3671875 0.09375 0.3671875 0.0921875 0.36875 0.0515625 0.3703125 0.0328125 0.3765625 0.0203125 0.3890625 0.0140625 0.3890625 0.003125 0.375 0.009375 0.3546875 0.0078125 0.3359375 0.0109375 0.328125 0.0296875 0.315625 0.03125 0.3109375 0.0375 0.3078125 0.090625 0.309375 0.0953125 0.30625 0.1171875 0.30625 0.11875 0.3046875 0.1671875 0.3046875
7 0.3421875 0.1453125 0.346875 0.1484375 0.3578125 0.15 0.3671875 0.15625 0.384375 0.1765625 0.384375 0.18125 0.3796875 0.190625 0.3671875 0.2046875 0.3046875 0.2046875 0.2484375 0.196875 0.18125 0.2 0.1484375 0.1796875 0.1484375 0.171875 0.153125 0.1609375 0.16875 0.1453125 0.1765625 0.1453125 0.1859375 0.15 0.1875 0.153125 0.2015625 0.1578125 0.2453125 0.1453125 0.2703125 0.1484375 0.2828125 0.1484375 0.303125 0.14375 0.340625 0.1453125
7 0.7671875 0.2953125 0.7890625 0.3 0.803125 0.3 0.828125 0.30625 0.8578125 0.3078125 0.8921875 0.315625 0.9234375 0.3171875 0.928125 0.3203125 0.934375 0.3203125 0.95625 0.328125 0.9640625 0.3328125 0.9703125 0.3421875 0.9703125 0.35 0.965625 0.3578125 0.965625 0.365625 0.96875 0.3796875 0.9734375 0.3875 0.9734375 0.3953125 0.9671875 0.4 0.965625 0.3984375 0.959375 0.4 0.95625 0.4046875 0.9484375 0.4046875 0.9453125 0.4015625 0.934375 0.3984375 0.90625 0.3953125 0.8921875 0.390625 0.834375 0.384375 0.8296875 0.38125 0.815625 0.38125 0.80625 0.3796875 0.8015625 0.3765625 0.7765625 0.375 0.7703125 0.371875 0.7515625 0.36875 0.7234375 0.36875 0.7171875 0.365625 0.6578125 0.3625 0.6328125 0.3703125 0.628125 0.3625 0.6296875 0.3375 0.6359375 0.3265625 0.6359375 0.3109375 0.6390625 0.3078125 0.6421875 0.296875 0.6484375 0.290625 0.65625 0.2875 0.66875 0.2890625 0.7171875 0.2875 0.734375 0.2921875 0.75625 0.2921875 0.765625 0.2953125
7 0.5190217391304348 0.9269870609981516 0.5271739130434783 0.9426987060998153 0.5475543478260869 0.9630314232902034 0.5747282608695652 0.9722735674676526 0.5991847826086956 0.9704251386321628 0.669836956521739 0.9528650646950092 0.720108695652174 0.9251386321626619 0.702445652173913 0.8937153419593347 0.6847826086956521 0.8780036968576711 0.626358695652174 0.8373382624768947 0.6141304347826086 0.8327171903881702 0.59375 0.8336414048059151 0.5706521739130435 0.8521256931608134 0.5557065217391304 0.855822550831793 0.5244565217391304 0.8964879852125694 0.5190217391304348 0.9269870609981516
7 0.391304347826087 0.8696857670979667 0.3967391304347826 0.8817005545286507 0.4415760869565217 0.9214417744916821 0.4633152173913043 0.9279112754158966 0.514945652173913 0.9195933456561922 0.5258152173913043 0.88909426987061 0.5543478260869565 0.8548983364140481 0.5692934782608695 0.8512014787430685 0.5869565217391304 0.8354898336414049 0.6059782608695652 0.8299445471349353 0.5978260869565217 0.8170055452865066 0.5584239130434783 0.7865064695009243 0.5353260869565217 0.756007393715342 0.5217391304347826 0.7513863216266174 0.4538043478260869 0.7911275415896488 0.42527173913043476 0.7966728280961184 0.3980978260869565 0.8271719038817006 0.39266304347826086 0.844731977818854 0.391304347826087 0.8696857670979667
7 0.3016304347826087 0.8142329020332717 0.31385869565217395 0.8484288354898337 0.3247282608695652 0.8622920517560075 0.38858695652173914 0.8807763401109059 0.39402173913043476 0.8308687615526804 0.4225543478260869 0.7948243992606285 0.45244565217391297 0.7892791127541591 0.5217391304347826 0.7486136783733828 0.49184782608695654 0.689463955637708 0.48369565217391297 0.6857670979667283 0.4741847826086956 0.6876155268022182 0.46739130434782605 0.6950092421441776 0.44021739130434784 0.7024029574861369 0.37092391304347827 0.7402957486136784 0.34510869565217395 0.7449168207024031 0.3043478260869565 0.7874306839186692 0.3016304347826087 0.8142329020332717
7 0.358695652173913 0.05268022181146026 0.3654891304347826 0.06654343807763402 0.36141304347826086 0.08225508317929761 0.37228260869565216 0.07948243992606285 0.389945652173913 0.08964879852125693 0.3980978260869565 0.08964879852125693 0.4008152173913043 0.08317929759704253 0.4415760869565217 0.07855822550831794 0.44972826086956524 0.07208872458410351 0.48233695652173914 0.08595194085027727 0.48641304347826086 0.09519408502772644 0.5081521739130435 0.09519408502772644 0.5679347826086956 0.1589648798521257 0.5448369565217391 0.17744916820702406 0.5434782608695652 0.1977818853974122 0.5190217391304348 0.21996303142329024 0.49864130434782605 0.2301293900184843 0.5 0.23659889094269873 0.4891304347826087 0.24399260628465808 0.4904891304347826 0.25508317929759705 0.4755434782608695 0.27171903881700554 0.47010869565217395 0.28558225508317936 0.46603260869565216 0.3170055452865065 0.47690217391304346 0.34288354898336415 0.47146739130434784 0.3706099815157117 0.48641304347826086 0.3853974121996303 0.49864130434782605 0.4260628465804067 0.5135869565217391 0.45286506469500926 0.5190217391304348 0.49537892791127547 0.5339673913043479 0.512014787430684 0.5176630434782609 0.5323475046210722 0.5448369565217391 0.5545286506469501 0.5801630434782609 0.5545286506469501 0.5991847826086956 0.5452865064695009 0.6317934782608695 0.512014787430684 0.6494565217391304 0.47134935304990766 0.638586956521739 0.41127541589648803 0.639945652173913 0.38724584103512016 0.6358695652173914 0.3761552680221812 0.6209239130434783 0.3706099815157117 0.6154891304347826 0.36321626617375236 0.6182065217391304 0.3234750462107209 0.6480978260869565 0.27171903881700554 0.6467391304347826 0.21719038817005548 0.6521739130434783 0.20979667282809614 0.6521739130434783 0.19408502772643255 0.6440217391304348 0.16451016635859522 0.6494565217391304 0.15434380776340112 0.6603260869565217 0.15711645101663588 0.669836956521739 0.1469500924214418 0.6915760869565217 0.14879852125693163 0.6983695652173914 0.1589648798521257 0.7065217391304348 0.15526802218114605 0.7282608695652174 0.15434380776340112 0.7554347826086956 0.14417744916820702 0.7690217391304348 0.15157116451016636 0.7663043478260869 0.14325323475046212 0.7703804347826086 0.14048059149722736 0.7853260869565217 0.14510166358595195 0.7989130434782609 0.14325323475046212 0.8029891304347826 0.14972273567467653 0.830163043478261 0.1524953789279113 0.8315217391304348 0.1423290203327172 0.8519021739130433 0.1414048059149723 0.857336956521739 0.1367837338262477 0.8478260869565217 0.10628465804066545 0.8383152173913043 0.0988909426987061 0.8029891304347826 0.08502772643253236 0.7907608695652174 0.08595194085027727 0.7894021739130435 0.08317929759704253 0.78125 0.0933456561922366 0.7690217391304348 0.0933456561922366 0.7622282608695652 0.08964879852125693 0.7622282608695652 0.08317929759704253 0.720108695652174 0.08317929759704253 0.7146739130434783 0.08964879852125693 0.7065217391304348 0.08964879852125693 0.6983695652173914 0.09519408502772644 0.6820652173913043 0.11182994454713495 0.669836956521739 0.11552680221811462 0.638586956521739 0.11460258780036969 0.6168478260869565 0.10258780036968577 0.6059782608695652 0.09057301293900186 0.5978260869565217 0.06377079482439926 0.546195652173913 0.057301293900184846 0.5380434782608695 0.0600739371534196 0.5190217391304348 0.05268022181146026 0.4782608695652174 0.051756007393715345 0.42119565217391297 0.0434380776340111 0.40353260869565216 0.04528650646950093 0.3967391304347826 0.03974121996303143 0.3641304347826087 0.04158964879852126 0.358695652173913 0.05268022181146026
7 0.5081521739130435 0.7005545286506469 0.5217391304347826 0.7199630314232903 0.5434782608695652 0.7264325323475047 0.5801630434782609 0.7329020332717191 0.6616847826086956 0.7292051756007394 0.6970108695652174 0.7190388170055454 0.7160326086956521 0.7005545286506469 0.7160326086956521 0.6866913123844733 0.7051630434782609 0.6765249537892791 0.6019021739130435 0.6293900184842884 0.5801630434782609 0.6229205175600739 0.5394021739130435 0.6377079482439927 0.514945652173913 0.6580406654343809 0.5081521739130435 0.7005545286506469
7 0.577445652173913 0.6210720887245842 0.6603260869565217 0.657116451016636 0.7038043478260869 0.6719038817005546 0.7404891304347826 0.6682070240295749 0.7554347826086956 0.6598890942698706 0.764945652173913 0.6635859519408503 0.7676630434782609 0.6746765249537894 0.7894021739130435 0.6765249537892791 0.8097826086956521 0.6737523105360445 0.8247282608695652 0.6682070240295749 0.8451086956521738 0.6330868761552682 0.8423913043478259 0.6229205175600739 0.8192934782608695 0.6090573012939002 0.6970108695652174 0.5637707948243993 0.625 0.5462107208872459 0.608695652173913 0.5462107208872459 0.59375 0.555452865064695 0.5747282608695652 0.6016635859519409 0.577445652173913 0.6210720887245842
7 0.6372282608695652 0.5378927911275416 0.6480978260869565 0.5415896487985213 0.654891304347826 0.5508317929759705 0.702445652173913 0.5637707948243993 0.7703804347826086 0.589648798521257 0.7853260869565217 0.5988909426987061 0.8192934782608695 0.6072088724584104 0.8423913043478259 0.6201478743068393 0.8559782608695652 0.6358595194085028 0.8845108695652174 0.6404805914972275 0.9048913043478259 0.6386321626617375 0.9470108695652174 0.6293900184842884 0.9592391304347826 0.6210720887245842 0.9741847826086957 0.5720887245841035 0.9592391304347826 0.5591497227356748 0.8858695652173912 0.5351201478743068 0.857336956521739 0.5314232902033272 0.7907608695652174 0.5083179297597044 0.7567934782608695 0.5064695009242144 0.688858695652174 0.49353049907578567 0.6739130434782609 0.49445471349353054 0.6535326086956521 0.5083179297597044 0.6372282608695652 0.5378927911275416
7 0.6508152173913043 0.500924214417745 0.6834239130434783 0.49168207024029575 0.7051630434782609 0.49260628465804074 0.7445652173913043 0.5036968576709797 0.794836956521739 0.5073937153419593 0.8546195652173912 0.5286506469500925 0.8967391304347826 0.5369685767097967 0.9470108695652174 0.5545286506469501 0.9673913043478259 0.5591497227356748 0.9782608695652174 0.5545286506469501 0.9755434782608695 0.5406654343807764 0.9864130434782608 0.5184842883548983 0.9836956521739131 0.512014787430684 0.9565217391304348 0.49445471349353054 0.8804347826086957 0.46765249537892795 0.8342391304347826 0.45841035120147877 0.782608695652174 0.43807763401109057 0.751358695652174 0.43530499075785584 0.7065217391304348 0.42421441774491686 0.6684782608695652 0.422365988909427 0.6603260869565217 0.4325323475046211 0.657608695652174 0.4695009242144178 0.6494565217391304 0.4870609981515712 0.6508152173913043 0.500924214417745
7 0.671195652173913 0.22088724584103514 0.683216654384672 0.22361289514082525 0.6847826086956521 0.2134935304990758 0.701086956521739 0.20887245841035124 0.720108695652174 0.18946395563770796 0.733695652173913 0.18946395563770796 0.7758152173913043 0.200554528650647 0.8070652173913043 0.2144177449168207 0.8179347826086957 0.22273567467652494 0.8220108695652174 0.2393715341959335 0.8410326086956521 0.24861367837338263 0.8763586956521738 0.24768946395563773 0.9103260869565217 0.2347504621072089 0.9279891304347826 0.23659889094269873 0.9279891304347826 0.2301293900184843 0.9089673913043479 0.2079482439926063 0.9089673913043479 0.19963031423290206 0.8980978260869564 0.19223659889094272 0.8899456521739131 0.19223659889094272 0.8546195652173912 0.16266173752310537 0.8206521739130433 0.1635859519408503 0.796195652173913 0.15804066543438078 0.794836956521739 0.16173752310536044 0.7785326086956521 0.16451016635859522 0.7663043478260869 0.15619223659889098 0.7459239130434783 0.16266173752310537 0.717391304347826 0.1524953789279113 0.7160326086956521 0.14879852125693163 0.7133152173913043 0.15526802218114605 0.688858695652174 0.16266173752310537 0.6535326086956521 0.16266173752310537 0.6508152173913043 0.1598890942698706 0.6589673913043479 0.19223659889094272 0.6739130434782609 0.211645101663586 0.671195652173913 0.22088724584103514
7 0.5230978260869565 0.9251386321626619 0.5380434782608695 0.9528650646950092 0.563858695652174 0.966728280961183 0.5788043478260869 0.9685767097966729 0.5991847826086956 0.966728280961183 0.6127717391304348 0.957486136783734 0.6834239130434783 0.94547134935305 0.701086956521739 0.9316081330868762 0.702445652173913 0.9195933456561922 0.7133152173913043 0.9186691312384474 0.7092391304347826 0.9075785582255083 0.7065217391304348 0.9158964879852126 0.6983695652173914 0.9177449168207025 0.561141304347826 0.912199630314233 0.5421195652173914 0.9075785582255083 0.5366847826086956 0.9177449168207025 0.5244565217391304 0.9177449168207025 0.5230978260869565 0.9251386321626619
7 0.08016304347826086 0.23752310536044363 0.09782608695652174 0.24768946395563773 0.16847826086956522 0.24861367837338263 0.21603260869565216 0.2541589648798522 0.26766304347826086 0.2513863216266174 0.3152173913043478 0.256007393715342 0.39266304347826086 0.2569316081330869 0.45652173913043476 0.26524953789279115 0.4442934782608695 0.2513863216266174 0.4320652173913043 0.24676524953789283 0.4130434782608695 0.2301293900184843 0.3546195652173913 0.20887245841035124 0.3220108695652174 0.20887245841035124 0.25815217391304346 0.200554528650647 0.21059782608695649 0.200554528650647 0.19157608695652173 0.20425138632162665 0.14130434782608697 0.18484288354898337 0.12364130434782608 0.18484288354898337 0.09510869565217392 0.19500924214417747 0.08016304347826086 0.2144177449168207 0.08016304347826086 0.23752310536044363