7 0.08152173913043478 0.88125 0.07472826086956522 0.9044642857142856 0.07744565217391304 0.9142857142857143 0.08967391304347826 0.9267857142857142 0.09239130434782608 0.9383928571428571 0.09918478260869565 0.9419642857142856 0.11548913043478262 0.9455357142857143 0.1467391304347826 0.9455357142857143 0.19021739130434784 0.9571428571428571 0.20923913043478262 0.9491071428571429 0.25 0.9633928571428572 0.29483695652173914 0.9678571428571429 0.3872282608695652 0.9625 0.38315217391304346 0.9473214285714284 0.35190217391304346 0.8955357142857142 0.33152173913043476 0.8705357142857142 0.29891304347826086 0.8517857142857143 0.2527173913043478 0.8375 0.24048913043478262 0.8276785714285714 0.15489130434782608 0.8205357142857143 0.10461956521739131 0.8276785714285714 0.06657608695652174 0.8473214285714284 0.08152173913043478 0.88125
7 0.16168478260869565 0.7598214285714285 0.17119565217391303 0.79375 0.19021739130434784 0.8053571428571429 0.23369565217391303 0.81875 0.2622282608695652 0.8366071428571429 0.3029891304347826 0.8491071428571428 0.31385869565217395 0.8589285714285714 0.33016304347826086 0.8633928571428571 0.3342391304347826 0.8732142857142856 0.34782608695652173 0.8794642857142856 0.36277173913043476 0.8982142857142856 0.3654891304347826 0.9125 0.37635869565217395 0.9151785714285714 0.3858695652173913 0.90625 0.40760869565217395 0.9107142857142856 0.4103260869565217 0.9321428571428572 0.43614130434782605 0.9508928571428571 0.43478260869565216 0.9544642857142855 0.44565217391304346 0.9482142857142856 0.5054347826086956 0.9705357142857143 0.5394021739130435 0.9741071428571428 0.5529891304347826 0.9669642857142856 0.5665760869565217 0.9660714285714285 0.5855978260869565 0.9491071428571429 0.608695652173913 0.9392857142857143 0.608695652173913 0.925 0.5910326086956521 0.9080357142857143 0.5883152173913043 0.8839285714285714 0.563858695652174 0.8669642857142856 0.5570652173913043 0.8571428571428571 0.5516304347826086 0.8598214285714285 0.532608695652174 0.8571428571428571 0.5190217391304348 0.8464285714285713 0.5190217391304348 0.8419642857142856 0.4782608695652174 0.8348214285714285 0.4728260869565217 0.8303571428571429 0.4646739130434782 0.8303571428571429 0.39266304347826086 0.8044642857142856 0.37228260869565216 0.7928571428571428 0.360054347826087 0.7919642857142857 0.34375 0.7794642857142857 0.3328804347826087 0.7767857142857142 0.327445652173913 0.7651785714285714 0.31385869565217395 0.7544642857142857 0.2866847826086957 0.7383928571428571 0.26766304347826086 0.7339285714285714 0.23369565217391303 0.7089285714285714 0.22690217391304346 0.7089285714285714 0.21739130434782608 0.6982142857142857 0.21467391304347827 0.7008928571428571 0.19293478260869565 0.7008928571428571 0.19157608695652173 0.6955357142857143 0.18206521739130435 0.6946428571428571 0.1779891304347826 0.6964285714285714 0.1888586956521739 0.6991071428571428 0.18070652173913043 0.7080357142857142 0.16304347826086957 0.7098214285714286 0.16168478260869565 0.7598214285714285
7 0.1467391304347826 0.5919642857142857 0.1467391304347826 0.6125 0.15896739130434784 0.6205357142857142 0.16576086956521738 0.6348214285714285 0.15896739130434784 0.6776785714285714 0.18070652173913043 0.7026785714285714 0.36141304347826086 0.7901785714285714 0.40489130434782605 0.8044642857142856 0.42527173913043476 0.8053571428571429 0.4320652173913043 0.8151785714285713 0.4592391304347826 0.8241071428571429 0.5475543478260869 0.8419642857142856 0.5801630434782609 0.8625 0.6046195652173914 0.89375 0.6222826086956521 0.9 0.626358695652174 0.8946428571428571 0.6345108695652174 0.8982142857142856 0.639945652173913 0.8964285714285714 0.6535326086956521 0.8848214285714284 0.6616847826086956 0.8589285714285714 0.6535326086956521 0.8383928571428572 0.65625 0.83125 0.6290760869565217 0.8 0.4279891304347826 0.6678571428571428 0.40896739130434784 0.6625 0.358695652173913 0.6366071428571428 0.34510869565217395 0.6357142857142857 0.33152173913043476 0.6285714285714286 0.297554347826087 0.6214285714285713 0.28260869565217395 0.6116071428571428 0.2717391304347826 0.6107142857142857 0.2608695652173913 0.6017857142857143 0.24184782608695649 0.5946428571428571 0.23777173913043476 0.5848214285714286 0.21195652173913043 0.5767857142857142 0.20244565217391303 0.5741071428571428 0.1779891304347826 0.5776785714285714 0.15081521739130435 0.5883928571428572 0.1467391304347826 0.5919642857142857
7 0.1453804347826087 0.6116071428571428 0.1576086956521739 0.6205357142857142 0.15625 0.6258928571428571 0.17255434782608697 0.6526785714285713 0.18342391304347824 0.6571428571428571 0.18206521739130435 0.6785714285714286 0.16983695652173914 0.6803571428571428 0.17119565217391303 0.6892857142857143 0.1779891304347826 0.6955357142857143 0.18614130434782608 0.6946428571428571 0.1983695652173913 0.7026785714285714 0.20516304347826084 0.6973214285714285 0.21603260869565216 0.6973214285714285 0.2214673913043478 0.70625 0.2296195652173913 0.7080357142857142 0.23369565217391303 0.7178571428571427 0.23641304347826084 0.7080357142857142 0.25679347826086957 0.7089285714285714 0.264945652173913 0.7196428571428571 0.5869565217391304 0.7991071428571428 0.59375 0.8044642857142856 0.5964673913043479 0.7946428571428571 0.6141304347826086 0.7946428571428571 0.6358695652173914 0.8080357142857142 0.6779891304347826 0.8169642857142856 0.7065217391304348 0.7991071428571428 0.7214673913043479 0.7678571428571428 0.7065217391304348 0.7303571428571428 0.626358695652174 0.70625 0.5883152173913043 0.7035714285714285 0.529891304347826 0.6919642857142857 0.5217391304347826 0.6866071428571427 0.3817934782608695 0.6491071428571428 0.358695652173913 0.6339285714285714 0.3029891304347826 0.625 0.27989130434782605 0.6125 0.27445652173913043 0.6053571428571428 0.2527173913043478 0.5991071428571428 0.23777173913043476 0.5848214285714286 0.21195652173913043 0.5767857142857142 0.17119565217391303 0.5794642857142857 0.1576086956521739 0.5839285714285714 0.1453804347826087 0.5955357142857143 0.1453804347826087 0.6116071428571428
7 0.264945652173913 0.6080357142857142 0.296195652173913 0.61875 0.30027173913043476 0.6241071428571427 0.328804347826087 0.6276785714285713 0.3342391304347826 0.63125 0.3532608695652174 0.6285714285714286 0.3858695652173913 0.6517857142857142 0.4266304347826087 0.6651785714285714 0.4483695652173913 0.66875 0.47690217391304346 0.6794642857142856 0.5163043478260869 0.6839285714285713 0.5353260869565217 0.6928571428571428 0.5815217391304348 0.6973214285714285 0.6019021739130435 0.7035714285714285 0.6127717391304348 0.7017857142857142 0.6304347826086956 0.7089285714285714 0.654891304347826 0.7125 0.6807065217391304 0.7258928571428571 0.7038043478260869 0.7285714285714285 0.717391304347826 0.7482142857142857 0.717391304347826 0.7616071428571428 0.7228260869565217 0.76875 0.720108695652174 0.7758928571428572 0.732336956521739 0.7821428571428571 0.7771739130434783 0.7830357142857143 0.7866847826086956 0.7794642857142857 0.8029891304347826 0.7544642857142857 0.8043478260869564 0.7383928571428571 0.7907608695652174 0.725 0.779891304347826 0.7 0.6834239130434783 0.6607142857142857 0.5421195652173914 0.6196428571428572 0.45652173913043476 0.6044642857142857 0.41847826086956524 0.5883928571428572 0.3817934782608695 0.5883928571428572 0.37228260869565216 0.5830357142857142 0.37228260869565216 0.5785714285714285 0.34782608695652173 0.5803571428571428 0.34375 0.5776785714285714 0.3220108695652174 0.58125 0.3070652173913043 0.5767857142857142 0.2921195652173913 0.5776785714285714 0.2907608695652174 0.5821428571428571 0.2608695652173913 0.5991071428571428 0.264945652173913 0.6080357142857142
7 0.24864130434782608 0.51875 0.23369565217391303 0.5223214285714286 0.23369565217391303 0.5258928571428572 0.25815217391304346 0.5535714285714286 0.2758152173913043 0.5607142857142857 0.28532608695652173 0.5616071428571427 0.2839673913043478 0.5482142857142857 0.29891304347826086 0.5383928571428571 0.35190217391304346 0.5571428571428572 0.35733695652173914 0.5642857142857143 0.3668478260869565 0.5651785714285714 0.37228260869565216 0.5714285714285714 0.39945652173913043 0.575 0.4728260869565217 0.6044642857142857 0.657608695652174 0.6517857142857142 0.6820652173913043 0.6517857142857142 0.6942934782608695 0.6580357142857143 0.6956521739130435 0.6651785714285714 0.7133152173913043 0.6669642857142857 0.720108695652174 0.6741071428571428 0.7296195652173914 0.6714285714285714 0.7377717391304348 0.65625 0.7581521739130435 0.6517857142857142 0.7527173913043479 0.6339285714285714 0.732336956521739 0.61875 0.671195652173913 0.5946428571428571 0.59375 0.5714285714285714 0.563858695652174 0.5526785714285715 0.5557065217391304 0.5526785714285715 0.49184782608695654 0.5276785714285714 0.32065217391304346 0.5178571428571428 0.31657608695652173 0.5142857142857142 0.25135869565217395 0.5142857142857142 0.24864130434782608 0.51875
7 0.18342391304347824 0.45982142857142855 0.21195652173913043 0.4892857142857142 0.21603260869565216 0.5107142857142857 0.22282608695652173 0.5196428571428571 0.2296195652173913 0.5196428571428571 0.2391304347826087 0.5116071428571428 0.33695652173913043 0.5125 0.532608695652174 0.5419642857142857 0.5366847826086956 0.5517857142857142 0.5720108695652174 0.5553571428571428 0.5855978260869565 0.5669642857142857 0.6100543478260869 0.5723214285714285 0.6304347826086956 0.5830357142857142 0.6752717391304348 0.59375 0.7214673913043479 0.6125 0.7309782608695652 0.6125 0.7377717391304348 0.60625 0.7404891304347826 0.5946428571428571 0.7282608695652174 0.5821428571428571 0.7269021739130435 0.5714285714285714 0.71875 0.5660714285714286 0.7255434782608695 0.55 0.7078804347826086 0.5348214285714286 0.6807065217391304 0.5348214285714286 0.626358695652174 0.5232142857142856 0.6195652173913043 0.5178571428571428 0.5407608695652174 0.4973214285714286 0.24728260869565216 0.43839285714285714 0.22418478260869565 0.4446428571428571 0.19157608695652173 0.44553571428571426 0.18614130434782608 0.45178571428571423 0.18342391304347824 0.45982142857142855
7 0.24456521739130435 0.41875 0.25135869565217395 0.42589285714285713 0.28940217391304346 0.4491071428571428 0.34375 0.45982142857142855 0.39945652173913043 0.4633928571428571 0.42119565217391297 0.4741071428571428 0.4904891304347826 0.48482142857142857 0.5679347826086956 0.5017857142857143 0.6440217391304348 0.5258928571428572 0.6779891304347826 0.5294642857142857 0.71875 0.5267857142857142 0.7404891304347826 0.5026785714285714 0.7445652173913043 0.48839285714285713 0.751358695652174 0.49017857142857146 0.7540760869565217 0.4875 0.751358695652174 0.47767857142857145 0.7282608695652174 0.46517857142857144 0.4945652173913043 0.42767857142857146 0.42119565217391297 0.4116071428571428 0.38315217391304346 0.40714285714285714 0.3559782608695652 0.4125 0.33152173913043476 0.40446428571428567 0.25815217391304346 0.4 0.24456521739130435 0.4089285714285714 0.24456521739130435 0.41875
7 0.6766304347826086 0.4946428571428571 0.6847826086956521 0.5 0.671195652173913 0.525 0.688858695652174 0.5285714285714286 0.7160326086956521 0.5267857142857142 0.720108695652174 0.5223214285714286 0.720108695652174 0.4866071428571428 0.7133152173913043 0.4866071428571428 0.7051630434782609 0.49375 0.6915760869565217 0.48482142857142857 0.6766304347826086 0.4875 0.6766304347826086 0.4946428571428571
7 0.26358695652173914 0.3526785714285714 0.2866847826086957 0.3696428571428571 0.28260869565217395 0.38035714285714284 0.3029891304347826 0.3964285714285714 0.35190217391304346 0.3991071428571428 0.3559782608695652 0.4035714285714286 0.3967391304347826 0.40267857142857144 0.44021739130434784 0.41607142857142854 0.4646739130434782 0.41875 0.4904891304347826 0.4267857142857142 0.4945652173913043 0.4241071428571428 0.5027173913043479 0.4294642857142857 0.5489130434782609 0.4348214285714286 0.5597826086956521 0.4419642857142857 0.59375 0.44642857142857145 0.5978260869565217 0.44375 0.6141304347826086 0.45178571428571423 0.6141304347826086 0.45625 0.6644021739130435 0.45892857142857146 0.6657608695652174 0.4705357142857142 0.6779891304347826 0.475 0.6929347826086956 0.46875 0.7051630434782609 0.4741071428571428 0.7214673913043479 0.46964285714285714 0.720108695652174 0.4375 0.7051630434782609 0.4375 0.6983695652173914 0.43125 0.5991847826086956 0.3964285714285714 0.5842391304347826 0.39375 0.5869565217391304 0.40625 0.561141304347826 0.4116071428571428 0.5529891304347826 0.40267857142857144 0.5230978260869565 0.4008928571428571 0.5122282608695652 0.3901785714285714 0.49864130434782605 0.38482142857142854 0.49728260869565216 0.3794642857142857 0.4755434782608695 0.375 0.46739130434782605 0.36607142857142855 0.45516304347826086 0.36875 0.4429347826086956 0.3580357142857143 0.36141304347826086 0.3366071428571428 0.28532608695652173 0.3375 0.26358695652173914 0.34464285714285714 0.26358695652173914 0.3526785714285714
7 0.360054347826087 0.31339285714285714 0.3546195652173913 0.31785714285714284 0.3695652173913043 0.3392857142857143 0.41440217391304346 0.3482142857142857 0.42119565217391297 0.3455357142857143 0.5217391304347826 0.37410714285714286 0.532608695652174 0.375 0.5407608695652174 0.3705357142857143 0.561141304347826 0.3714285714285714 0.5665760869565217 0.3776785714285714 0.5584239130434783 0.38125 0.5570652173913043 0.3866071428571428 0.6182065217391304 0.3964285714285714 0.6345108695652174 0.40714285714285714 0.6807065217391304 0.4267857142857142 0.7160326086956521 0.4294642857142857 0.7269021739130435 0.42589285714285713 0.751358695652174 0.43839285714285714 0.782608695652174 0.44375 0.8084239130434783 0.43839285714285714 0.826086956521739 0.4241071428571428 0.84375 0.425 0.8586956521739131 0.42142857142857143 0.8627717391304348 0.4169642857142857 0.8627717391304348 0.40982142857142856 0.8451086956521738 0.39464285714285713 0.8328804347826086 0.39553571428571427 0.8220108695652174 0.3821428571428571 0.8125 0.38125 0.8097826086956521 0.375 0.7758152173913043 0.36071428571428565 0.7350543478260869 0.3669642857142857 0.7105978260869565 0.3625 0.6725543478260869 0.3482142857142857 0.6521739130434783 0.33482142857142855 0.6440217391304348 0.33482142857142855 0.6209239130434783 0.325 0.5910326086956521 0.325 0.5543478260869565 0.31339285714285714 0.5421195652173914 0.3142857142857143 0.5353260869565217 0.3098214285714286 0.4755434782608695 0.30089285714285713 0.45652173913043476 0.2928571428571428 0.41983695652173914 0.29732142857142857 0.37364130434782605 0.2946428571428571 0.36277173913043476 0.2955357142857143 0.360054347826087 0.29910714285714285 0.360054347826087 0.31339285714285714
7 0.29891304347826086 0.25089285714285714 0.32608695652173914 0.2714285714285714 0.33016304347826086 0.2839285714285714 0.3383152173913043 0.2839285714285714 0.34782608695652173 0.2785714285714286 0.37635869565217395 0.28214285714285714 0.40896739130434784 0.2741071428571428 0.4279891304347826 0.2839285714285714 0.4578804347826087 0.2875 0.6589673913043479 0.3366071428571428 0.6793478260869565 0.34910714285714284 0.7092391304347826 0.35982142857142857 0.7391304347826086 0.36160714285714285 0.763586956521739 0.3526785714285714 0.78125 0.3553571428571428 0.794836956521739 0.35 0.8084239130434783 0.35 0.8206521739130433 0.3589285714285714 0.8355978260869564 0.3553571428571428 0.8519021739130433 0.35982142857142857 0.8668478260869564 0.3401785714285714 0.8682065217391305 0.32053571428571426 0.861413043478261 0.31160714285714286 0.8070652173913043 0.29821428571428565 0.7730978260869565 0.3026785714285714 0.71875 0.30089285714285713 0.7065217391304348 0.2928571428571428 0.6779891304347826 0.28482142857142856 0.6630434782608695 0.26964285714285713 0.6141304347826086 0.2526785714285714 0.53125 0.2375 0.46739130434782605 0.2276785714285714 0.45108695652173914 0.23035714285714284 0.4171195652173913 0.22678571428571428 0.4116847826086956 0.23035714285714284 0.3654891304347826 0.23125 0.34510869565217395 0.23660714285714285 0.3383152173913043 0.24196428571428572 0.327445652173913 0.23928571428571427 0.29891304347826086 0.2446428571428571 0.29891304347826086 0.25089285714285714
7 0.1480978260869565 0.17142857142857143 0.17527173913043476 0.1857142857142857 0.20923913043478262 0.19732142857142856 0.21875 0.20625 0.28532608695652173 0.22053571428571428 0.31657608695652173 0.2330357142857143 0.3654891304347826 0.21785714285714283 0.39945652173913043 0.22589285714285712 0.40489130434782605 0.22053571428571428 0.4442934782608695 0.23035714285714284 0.4633152173913043 0.22589285714285712 0.4850543478260869 0.2276785714285714 0.5380434782608695 0.2375 0.563858695652174 0.24732142857142855 0.595108695652174 0.24821428571428572 0.6535326086956521 0.2669642857142857 0.6644021739130435 0.2669642857142857 0.6752717391304348 0.2794642857142857 0.6983695652173914 0.28660714285714284 0.702445652173913 0.29375 0.7228260869565217 0.3 0.7785326086956521 0.29910714285714285 0.8383152173913043 0.28660714285714284 0.8383152173913043 0.26473214285714286 0.8478260869565217 0.25535714285714284 0.8763586956521738 0.24821428571428572 0.8953804347826086 0.23839285714285713 0.8695652173913043 0.18482142857142855 0.8491847826086957 0.16428571428571428 0.8342391304347826 0.15803571428571428 0.7581521739130435 0.1464285714285714 0.7472826086956521 0.14017857142857143 0.6725543478260869 0.12589285714285714 0.4578804347826087 0.10803571428571428 0.42119565217391297 0.1125 0.3872282608695652 0.12410714285714286 0.3654891304347826 0.12589285714285714 0.3505434782608695 0.1375 0.3342391304347826 0.1419642857142857 0.28940217391304346 0.12410714285714286 0.26902173913043476 0.12410714285714286 0.25135869565217395 0.11875 0.19157608695652173 0.1125 0.18478260869565216 0.11964285714285713 0.1779891304347826 0.11875 0.1467391304347826 0.15 0.1480978260869565 0.17142857142857143
7 0.22690217391304346 0.09107142857142857 0.2323369565217391 0.09910714285714285 0.25 0.10892857142857142 0.27989130434782605 0.12053571428571427 0.34103260869565216 0.1294642857142857 0.3695652173913043 0.11875 0.389945652173913 0.11964285714285713 0.4130434782608695 0.11160714285714286 0.4619565217391305 0.10803571428571428 0.4945652173913043 0.10982142857142856 0.5040760869565217 0.11785714285714285 0.546195652173913 0.12321428571428569 0.6046195652173914 0.12321428571428569 0.626358695652174 0.13125 0.6589673913043479 0.13125 0.6752717391304348 0.12142857142857141 0.6847826086956521 0.12053571428571427 0.7581521739130435 0.14107142857142857 0.7717391304347826 0.14017857142857143 0.782608695652174 0.13303571428571428 0.7744565217391304 0.12232142857142855 0.7717391304347826 0.09910714285714285 0.71875 0.07142857142857142 0.6616847826086956 0.05625 0.6358695652173914 0.05446428571428571 0.5720108695652174 0.039285714285714285 0.5557065217391304 0.039285714285714285 0.5285326086956521 0.030357142857142853 0.5081521739130435 0.01875 0.4592391304347826 0.020535714285714286 0.41847826086956524 0.015178571428571427 0.28804347826086957 0.025 0.2758152173913043 0.03660714285714285 0.28940217391304346 0.05803571428571428 0.264945652173913 0.07232142857142856 0.2296195652173913 0.07767857142857142 0.22690217391304346 0.09107142857142857
7 0.3233695652173913 0.010714285714285714 0.3328804347826087 0.01875 0.3872282608695652 0.020535714285714286 0.4130434782608695 0.014285714285714285 0.4375 0.014285714285714285 0.46059782608695654 0.019642857142857142 0.49864130434782605 0.016964285714285713 0.5176630434782609 0.02142857142857143 0.5258152173913043 0.02857142857142857 0.5529891304347826 0.0375 0.5692934782608695 0.0375 0.7269021739130435 0.07410714285714284 0.7690217391304348 0.09642857142857142 0.7758152173913043 0.09553571428571428 0.7853260869565217 0.08303571428571428 0.7853260869565217 0.07767857142857142 0.7717391304347826 0.075 0.7581521739130435 0.0625 0.7663043478260869 0.05267857142857143 0.7608695652173914 0.04285714285714286 0.7160326086956521 0.030357142857142853 0.6915760869565217 0.019642857142857142 0.6603260869565217 0.019642857142857142 0.6453804347826086 0.02589285714285714 0.6304347826086956 0.016964285714285713 0.623641304347826 0 0.3247282608695652 0 0.3233695652173913 0.010714285714285714
7 0.15217391304347824 0.3089285714285714 0.1644021739130435 0.34196428571428567 0.1983695652173913 0.3625 0.23369565217391303 0.34910714285714284 0.23369565217391303 0.3357142857142857 0.24048913043478262 0.33035714285714285 0.26902173913043476 0.3241071428571428 0.28940217391304346 0.3276785714285714 0.3029891304347826 0.3214285714285714 0.3043478260869565 0.30625 0.3179347826086957 0.29910714285714285 0.328804347826087 0.29821428571428565 0.33152173913043476 0.2928571428571428 0.32065217391304346 0.2642857142857143 0.21875 0.2339285714285714 0.19157608695652173 0.23660714285714285 0.1644021739130435 0.2517857142857143 0.15353260869565216 0.29375 0.15217391304347824 0.3089285714285714
7 0.16032608695652173 0.3214285714285714 0.16576086956521738 0.32053571428571426 0.16576086956521738 0.32857142857142857 0.1779891304347826 0.3464285714285714 0.1875 0.3455357142857143 0.18614130434782608 0.3357142857142857 0.19157608695652173 0.33035714285714285 0.27853260869565216 0.3258928571428571 0.27989130434782605 0.3214285714285714 0.297554347826087 0.3151785714285714 0.3029891304347826 0.31785714285714284 0.3125 0.3080357142857143 0.3179347826086957 0.31071428571428567 0.3192934782608695 0.3044642857142857 0.3355978260869565 0.30178571428571427 0.3328804347826087 0.2919642857142857 0.34510869565217395 0.28482142857142856 0.3817934782608695 0.28125 0.39402173913043476 0.28125 0.40353260869565216 0.2901785714285714 0.41440217391304346 0.29375 0.48233695652173914 0.2964285714285714 0.4945652173913043 0.30178571428571427 0.5027173913043479 0.3142857142857143 0.5081521739130435 0.31339285714285714 0.5135869565217391 0.31785714285714284 0.5190217391304348 0.31339285714285714 0.5421195652173914 0.3089285714285714 0.6073369565217391 0.3214285714285714 0.6127717391304348 0.31875 0.6182065217391304 0.32232142857142854 0.6290760869565217 0.3214285714285714 0.6331521739130435 0.3258928571428571 0.6453804347826086 0.3276785714285714 0.6535326086956521 0.3455357142857143 0.686141304347826 0.34910714285714284 0.6956521739130435 0.35625 0.7377717391304348 0.36607142857142855 0.7472826086956521 0.3794642857142857 0.751358695652174 0.37410714285714286 0.7785326086956521 0.37410714285714286 0.796195652173913 0.37857142857142856 0.830163043478261 0.36071428571428565 0.8478260869565217 0.36607142857142855 0.8586956521739131 0.33482142857142855 0.8505434782608695 0.3258928571428571 0.8586956521739131 0.3232142857142857 0.8600543478260869 0.31875 0.8519021739130433 0.31339285714285714 0.2866847826086957 0.16339285714285715 0.2717391304347826 0.16339285714285715 0.2730978260869565 0.1669642857142857 0.266304347826087 0.1705357142857143 0.25815217391304346 0.16964285714285715 0.25679347826086957 0.1732142857142857 0.21059782608695649 0.17410714285714285 0.20244565217391303 0.16875 0.1888586956521739 0.1705357142857143 0.1875 0.19285714285714284 0.20923913043478262 0.20803571428571427 0.21195652173913043 0.2214285714285714 0.16576086956521738 0.25089285714285714 0.16304347826086957 0.2571428571428571 0.16847826086956522 0.26964285714285713 0.15896739130434784 0.2883928571428571 0.16032608695652173 0.3214285714285714