11 0.63125 0.0875 0.6359375 0.090625 0.6546875 0.090625 0.65625 0.09375 0.6640625 0.0953125 0.6890625 0.1078125 0.7015625 0.1171875 0.7125 0.121875 0.71875 0.121875 0.7375 0.146875 0.740625 0.159375 0.7484375 0.1671875 0.7515625 0.175 0.7515625 0.184375 0.7484375 0.19375 0.74375 0.1984375 0.728125 0.2296875 0.7171875 0.240625 0.709375 0.2453125 0.6921875 0.246875 0.690625 0.2515625 0.678125 0.2609375 0.675 0.26875 0.6515625 0.26875 0.6453125 0.2734375 0.63125 0.275 0.5859375 0.2734375 0.58125 0.2703125 0.5734375 0.2703125 0.5671875 0.2671875 0.5625 0.259375 0.5609375 0.2515625 0.553125 0.240625 0.553125 0.234375 0.540625 0.225 0.4734375 0.21875 0.459375 0.2234375 0.4296875 0.225 0.421875 0.2296875 0.4125 0.2296875 0.4046875 0.2234375 0.40625 0.20625 0.4109375 0.196875 0.4265625 0.1953125 0.428125 0.1921875 0.4359375 0.1921875 0.4578125 0.18125 0.471875 0.178125 0.48125 0.1703125 0.5046875 0.1609375 0.5234375 0.146875 0.540625 0.1390625 0.5421875 0.1359375 0.55 0.134375 0.5671875 0.1125 0.5765625 0.1078125 0.58125 0.1078125 0.5875 0.1 0.5953125 0.0953125 0.6109375 0.09375 0.61875 0.0875 0.6296875 0.0875
11 0.4359375 0.3453125 0.4546875 0.3453125 0.459375 0.3484375 0.4984375 0.3484375 0.5 0.35 0.5203125 0.3484375 0.525 0.3453125 0.53125 0.3453125 0.5359375 0.35 0.5453125 0.3546875 0.55 0.3546875 0.559375 0.3609375 0.5625 0.365625 0.5703125 0.36875 0.584375 0.3859375 0.603125 0.39375 0.6140625 0.415625 0.61875 0.4203125 0.6234375 0.4328125 0.63125 0.440625 0.6359375 0.4546875 0.65 0.4765625 0.6484375 0.4796875 0.6359375 0.4859375 0.634375 0.4984375 0.6296875 0.5015625 0.6203125 0.50625 0.6109375 0.5078125 0.5984375 0.5171875 0.584375 0.5171875 0.571875 0.525 0.5640625 0.5265625 0.55625 0.5265625 0.5484375 0.5234375 0.534375 0.525 0.5296875 0.528125 0.5328125 0.5359375 0.5296875 0.5390625 0.521875 0.5359375 0.521875 0.53125 0.515625 0.5234375 0.4984375 0.5234375 0.4953125 0.5203125 0.484375 0.521875 0.4828125 0.5109375 0.478125 0.50625 0.440625 0.5078125 0.4171875 0.5140625 0.3890625 0.5125 0.371875 0.50625 0.359375 0.49375 0.35625 0.4875 0.3546875 0.475 0.359375 0.4703125 0.371875 0.4640625 0.378125 0.45625 0.396875 0.440625 0.403125 0.43125 0.40625 0.4234375 0.40625 0.4125 0.409375 0.4078125 0.409375 0.403125 0.40625 0.3984375 0.40625 0.3875 0.4109375 0.3796875 0.415625 0.3515625 0.428125 0.3484375 0.43125 0.35 0.4359375 0.346875
11 0.228125 0.096875 0.2484375 0.1046875 0.259375 0.103125 0.275 0.1109375 0.2875 0.1140625 0.3015625 0.1125 0.3234375 0.1234375 0.334375 0.1234375 0.340625 0.125 0.3453125 0.1296875 0.3578125 0.1296875 0.3625 0.1328125 0.371875 0.134375 0.384375 0.14375 0.39375 0.1546875 0.3953125 0.1640625 0.4 0.1734375 0.4015625 0.1828125 0.396875 0.196875 0.3953125 0.2140625 0.3796875 0.2484375 0.3765625 0.25 0.3703125 0.2609375 0.3640625 0.2671875 0.3484375 0.2703125 0.3359375 0.2796875 0.3046875 0.2796875 0.3015625 0.2765625 0.2890625 0.2734375 0.278125 0.2734375 0.259375 0.2625 0.25 0.2625 0.225 0.275 0.2109375 0.2765625 0.203125 0.275 0.1984375 0.2828125 0.196875 0.3015625 0.1875 0.303125 0.1828125 0.3109375 0.165625 0.3109375 0.1640625 0.3125 0.1546875 0.3109375 0.1515625 0.303125 0.1515625 0.29375 0.15625 0.284375 0.1578125 0.26875 0.15625 0.2609375 0.1484375 0.253125 0.1390625 0.2484375 0.13125 0.2390625 0.13125 0.23125 0.1359375 0.2234375 0.14375 0.21875 0.15625 0.20625 0.15625 0.2 0.14375 0.1953125 0.1203125 0.171875 0.1203125 0.165625 0.128125 0.1546875 0.128125 0.140625 0.14375 0.11875 0.153125 0.115625 0.1625 0.1078125 0.1734375 0.10625 0.190625 0.0984375 0.2125 0.1 0.2265625 0.096875
11 0.253125 0.265625 0.2703125 0.271875 0.275 0.278125 0.2796875 0.2796875 0.2984375 0.2796875 0.3140625 0.2859375 0.3328125 0.2875 0.3421875 0.3 0.34375 0.309375 0.35 0.31875 0.3546875 0.3234375 0.3734375 0.33125 0.375 0.3359375 0.384375 0.3453125 0.384375 0.3640625 0.3828125 0.365625 0.384375 0.3953125 0.3796875 0.3953125 0.375 0.4 0.3765625 0.409375 0.3828125 0.4203125 0.3828125 0.4390625 0.3734375 0.45 0.3734375 0.453125 0.3640625 0.4625 0.3515625 0.4671875 0.340625 0.4796875 0.3125 0.4828125 0.3015625 0.4859375 0.290625 0.4921875 0.2703125 0.4921875 0.2640625 0.4953125 0.25 0.4953125 0.2421875 0.4921875 0.23125 0.4859375 0.228125 0.48125 0.2203125 0.478125 0.215625 0.46875 0.2 0.4640625 0.1859375 0.4546875 0.1578125 0.45625 0.1515625 0.45 0.146875 0.4359375 0.1296875 0.4234375 0.0953125 0.421875 0.090625 0.41875 0.059375 0.415625 0.0484375 0.4109375 0.04375 0.4046875 0.0484375 0.38125 0.05625 0.365625 0.0765625 0.359375 0.103125 0.3578125 0.121875 0.353125 0.125 0.3484375 0.1203125 0.34375 0.1078125 0.3390625 0.115625 0.33125 0.121875 0.328125 0.1453125 0.3265625 0.1515625 0.3234375 0.1546875 0.325 0.1640625 0.31875 0.184375 0.3171875 0.190625 0.3109375 0.196875 0.3109375 0.203125 0.3046875 0.2046875 0.2984375 0.203125 0.2859375 0.2109375 0.2859375 0.21875 0.278125 0.2328125 0.275 0.2515625 0.265625
11 0.4390625 0 0.4578125 0 0.459375 0.003125 0.465625 0.0046875 0.5046875 0.0046875 0.5125 0.0109375 0.51875 0.0109375 0.5265625 0.015625 0.5296875 0.025 0.5390625 0.025 0.5515625 0.03125 0.571875 0.0359375 0.5875 0.0453125 0.6140625 0.053125 0.6140625 0.0609375 0.6265625 0.0671875 0.6296875 0.071875 0.6296875 0.0796875 0.6171875 0.0828125 0.6 0.0921875 0.59375 0.0921875 0.565625 0.109375 0.5609375 0.115625 0.5328125 0.128125 0.51875 0.1484375 0.5125 0.15 0.509375 0.1546875 0.490625 0.1609375 0.4875 0.165625 0.4796875 0.16875 0.478125 0.171875 0.4515625 0.1796875 0.446875 0.184375 0.4421875 0.184375 0.4375 0.1875 0.4265625 0.1890625 0.415625 0.1875 0.409375 0.1828125 0.40625 0.1765625 0.40625 0.1640625 0.4015625 0.1546875 0.3765625 0.128125 0.35 0.1109375 0.346875 0.1109375 0.3421875 0.10625 0.3234375 0.103125 0.3140625 0.103125 0.3109375 0.10625 0.303125 0.10625 0.290625 0.0984375 0.2828125 0.096875 0.2859375 0.0875 0.271875 0.075 0.2703125 0.06875 0.271875 0.0625 0.3 0.05625 0.3109375 0.0453125 0.31875 0.0453125 0.3265625 0.0421875 0.328125 0.0390625 0.3390625 0.0359375 0.3546875 0.025 0.3640625 0.025 0.4 0.0078125 0.4125 0.0078125 0.4171875 0.003125 0.4375 0.003125 0.4390625 0.0015625
11 0.728125 0.246875 0.740625 0.2515625 0.75625 0.2515625 0.7671875 0.2546875 0.7828125 0.26875 0.79375 0.275 0.8046875 0.275 0.8140625 0.278125 0.815625 0.3015625 0.821875 0.3203125 0.821875 0.3265625 0.8328125 0.3453125 0.834375 0.3546875 0.8390625 0.3625 0.8328125 0.365625 0.8140625 0.365625 0.8046875 0.3703125 0.78125 0.3703125 0.7734375 0.371875 0.7703125 0.375 0.7515625 0.3765625 0.7234375 0.384375 0.690625 0.40625 0.6796875 0.4328125 0.675 0.4390625 0.6515625 0.4390625 0.6375 0.4328125 0.63125 0.425 0.63125 0.41875 0.615625 0.4046875 0.615625 0.390625 0.6203125 0.3859375 0.6328125 0.3796875 0.640625 0.36875 0.6453125 0.359375 0.640625 0.3515625 0.640625 0.3375 0.646875 0.328125 0.65625 0.321875 0.6609375 0.3125 0.6734375 0.3015625 0.671875 0.2984375 0.6671875 0.296875 0.66875 0.29375 0.678125 0.290625 0.6765625 0.2875 0.6796875 0.284375 0.678125 0.2765625 0.6828125 0.275 0.6890625 0.26875 0.6953125 0.2671875 0.7 0.2609375 0.703125 0.2609375 0.71875 0.2484375 0.7265625 0.246875
11 0.5046875 0.225 0.50625 0.2265625 0.525 0.2265625 0.5421875 0.23125 0.5515625 0.2421875 0.5515625 0.2515625 0.55625 0.25625 0.5578125 0.265625 0.5625 0.271875 0.578125 0.2765625 0.6125 0.278125 0.6140625 0.2796875 0.615625 0.29375 0.6109375 0.30625 0.603125 0.3421875 0.5953125 0.3421875 0.590625 0.3484375 0.575 0.353125 0.571875 0.359375 0.565625 0.3546875 0.55625 0.353125 0.553125 0.3421875 0.546875 0.3375 0.51875 0.3421875 0.509375 0.346875 0.4984375 0.346875 0.490625 0.34375 0.4890625 0.3453125 0.4859375 0.34375 0.459375 0.3453125 0.4515625 0.3421875 0.421875 0.34375 0.403125 0.3359375 0.3875 0.334375 0.384375 0.3265625 0.3765625 0.31875 0.371875 0.3046875 0.365625 0.296875 0.365625 0.2875 0.375 0.265625 0.3875 0.2578125 0.39375 0.2515625 0.39375 0.246875 0.396875 0.24375 0.4171875 0.24375 0.425 0.240625 0.4328125 0.23125 0.4484375 0.2265625 0.453125 0.228125 0.46875 0.2234375 0.503125 0.225
11 0.03125 0.140625 0.0515625 0.140625 0.0703125 0.15 0.0890625 0.153125 0.0921875 0.15625 0.103125 0.1578125 0.1125 0.1625 0.1203125 0.1765625 0.1375 0.1921875 0.1421875 0.203125 0.140625 0.2109375 0.134375 0.215625 0.125 0.2328125 0.125 0.240625 0.134375 0.2484375 0.1359375 0.2546875 0.134375 0.29375 0.1359375 0.3015625 0.140625 0.3046875 0.1421875 0.309375 0.1421875 0.31875 0.1375 0.321875 0.1265625 0.321875 0.109375 0.3265625 0.1 0.3390625 0.0921875 0.3421875 0.0734375 0.3421875 0.0671875 0.3390625 0.053125 0.31875 0.0421875 0.3078125 0.0421875 0.3046875 0.03125 0.290625 0.03125 0.2875 0.01875 0.275 0.0046875 0.26875 0.0046875 0.265625 0 0.2625 0 0.1515625 0.03125 0.1421875
22 0.26902173913043476 0.8605072463768118 0.28260869565217395 0.9130434782608695 0.31385869565217395 0.9601449275362318 0.34239130434782605 0.986413043478261 0.36277173913043476 0.9990942028985508 0.563858695652174 0.9990942028985508 0.6209239130434783 0.9719202898550725 0.654891304347826 0.9456521739130436 0.6834239130434783 0.901268115942029 0.6847826086956521 0.8496376811594203 0.6779891304347826 0.8396739130434783 0.6766304347826086 0.8152173913043479 0.639945652173913 0.7590579710144928 0.53125 0.6666666666666667 0.4904891304347826 0.6557971014492754 0.4334239130434782 0.6539855072463768 0.4103260869565217 0.657608695652174 0.358695652173913 0.6784420289855072 0.327445652173913 0.6992753623188406 0.3070652173913043 0.7210144927536233 0.2717391304347826 0.7916666666666667 0.26902173913043476 0.8605072463768118
22 0.5095108695652174 0.615036231884058 0.5217391304347826 0.6440217391304348 0.5353260869565217 0.6621376811594203 0.6453804347826086 0.7608695652173914 0.6929347826086956 0.7871376811594203 0.7459239130434783 0.8043478260869567 0.8029891304347826 0.8061594202898551 0.923913043478261 0.7817028985507247 0.9660326086956521 0.7626811594202898 0.9755434782608695 0.7382246376811594 0.9714673913043479 0.7001811594202898 0.9497282608695652 0.6603260869565217 0.9334239130434783 0.6422101449275363 0.9144021739130433 0.6340579710144928 0.8274456521739131 0.6123188405797102 0.7364130434782609 0.5751811594202898 0.7078804347826086 0.552536231884058 0.688858695652174 0.5280797101449275 0.6182065217391304 0.5244565217391305 0.563858695652174 0.529891304347826 0.532608695652174 0.5434782608695652 0.5190217391304348 0.5561594202898551 0.5108695652173914 0.5733695652173914 0.5095108695652174 0.615036231884058
22 0.6779891304347826 0.5018115942028986 0.701086956521739 0.5407608695652174 0.7309782608695652 0.5679347826086957 0.7907608695652174 0.595108695652174 0.8763586956521738 0.6240942028985508 0.9293478260869564 0.6349637681159421 0.9986413043478259 0.6286231884057971 0.9986413043478259 0.4574275362318841 0.9904891304347826 0.45199275362318836 0.9375 0.4329710144927536 0.8559782608695652 0.3804347826086957 0.84375 0.3686594202898551 0.7758152173913043 0.3740942028985507 0.7228260869565217 0.38858695652173914 0.6970108695652174 0.40489130434782605 0.6793478260869565 0.44565217391304346 0.6779891304347826 0.5018115942028986
22 0.8192934782608695 0.3070652173913043 0.8288043478260869 0.33605072463768115 0.84375 0.3641304347826087 0.8668478260869564 0.3894927536231884 0.9347826086956521 0.42934782608695654 0.9986413043478259 0.45199275362318836 0.9986413043478259 0.1956521739130435 0.9089673913043479 0.20108695652173916 0.8722826086956521 0.21105072463768115 0.8396739130434783 0.23007246376811596 0.8192934782608695 0.2744565217391305 0.8192934782608695 0.3070652173913043
13 0 0.4710144927536232 0 0.516304347826087 0.01358695652173913 0.5235507246376812 0.08423913043478261 0.5516304347826086 0.13722826086956522 0.5652173913043479 0.23097826086956524 0.5978260869565217 0.264945652173913 0.6159420289855072 0.3654891304347826 0.6467391304347826 0.3967391304347826 0.6530797101449275 0.4130434782608695 0.6503623188405797 0.4279891304347826 0.6259057971014493 0.4279891304347826 0.6105072463768116 0.3505434782608695 0.5833333333333334 0.33016304347826086 0.5806159420289856 0.29891304347826086 0.5661231884057971 0.28532608695652173 0.5643115942028986 0.2758152173913043 0.5570652173913044 0.1779891304347826 0.5217391304347826 0.05298913043478261 0.46739130434782605 0.03532608695652174 0.4628623188405797 0.008152173913043478 0.46648550724637683 0 0.4710144927536232
13 0 0.44565217391304346 0 0.4574275362318841 0.005434782608695652 0.47010869565217395 0.01902173913043478 0.4619565217391305 0.043478260869565216 0.47010869565217395 0.07472826086956522 0.4746376811594203 0.15353260869565216 0.5108695652173914 0.24864130434782608 0.5434782608695652 0.31657608695652173 0.5552536231884059 0.3872282608695652 0.5561594202898551 0.40489130434782605 0.5516304347826086 0.41983695652173914 0.5280797101449275 0.41847826086956524 0.5217391304347826 0.4116847826086956 0.5190217391304348 0.20652173913043476 0.48550724637681164 0.1576086956521739 0.47192028985507245 0.07472826086956522 0.45833333333333337 0.025815217391304345 0.44474637681159424 0.004076086956521739 0.44474637681159424 0 0.44565217391304346
13 0 0.6521739130434783 0.21603260869565216 0.7001811594202898 0.24728260869565216 0.7019927536231885 0.2622282608695652 0.6865942028985508 0.26766304347826086 0.667572463768116 0.25815217391304346 0.6585144927536233 0.22826086956521738 0.6467391304347826 0.19157608695652173 0.6385869565217391 0.17119565217391303 0.6376811594202898 0.15353260869565216 0.6295289855072463 0.11548913043478262 0.6231884057971014 0.08152173913043478 0.6123188405797102 0.04619565217391304 0.6077898550724637 0.03668478260869565 0.6005434782608696 0.001358695652173913 0.5960144927536233 0 0.6521739130434783
13 0 0.6721014492753623 0 0.7155797101449275 0.008152173913043478 0.7192028985507247 0.06385869565217392 0.7219202898550725 0.26902173913043476 0.7635869565217391 0.27989130434782605 0.7626811594202898 0.3029891304347826 0.7246376811594203 0.297554347826087 0.7164855072463768 0.24864130434782608 0.7028985507246377 0.21195652173913043 0.7001811594202898 0.05298913043478261 0.6684782608695652 0.021739130434782608 0.6657608695652174 0.006793478260869565 0.6693840579710145 0 0.6721014492753623
13 0.01358695652173913 0.7264492753623188 0.02309782608695652 0.7336956521739131 0.14266304347826086 0.8007246376811594 0.18206521739130435 0.8179347826086957 0.23097826086956524 0.8324275362318841 0.2554347826086957 0.8115942028985508 0.2622282608695652 0.792572463768116 0.19157608695652173 0.7509057971014493 0.07608695652173912 0.7255434782608696 0.021739130434782608 0.7182971014492754 0.014945652173913044 0.720108695652174 0.01358695652173913 0.7264492753623188
13 0 0.792572463768116 0.057065217391304345 0.8297101449275364 0.11548913043478262 0.8759057971014492 0.13994565217391303 0.8867753623188406 0.18206521739130435 0.855072463768116 0.1644021739130435 0.8260869565217392 0.09375 0.7708333333333334 0.001358695652173913 0.723731884057971 0 0.792572463768116
13 0 0.5688405797101449 0 0.5969202898550725 0.025815217391304345 0.598731884057971 0.05163043478260869 0.6132246376811594 0.08559782608695651 0.6159420289855072 0.09103260869565218 0.6231884057971014 0.125 0.625 0.16032608695652173 0.6376811594202898 0.1888586956521739 0.6376811594202898 0.23369565217391303 0.6476449275362319 0.26766304347826086 0.6648550724637682 0.26902173913043476 0.6730072463768116 0.2608695652173913 0.6856884057971014 0.27445652173913043 0.6920289855072463 0.32065217391304346 0.7001811594202898 0.3858695652173913 0.6603260869565217 0.3872282608695652 0.6539855072463768 0.3817934782608695 0.651268115942029 0.29483695652173914 0.6259057971014493 0.1983695652173913 0.6041666666666667 0.09782608695652174 0.588768115942029 0.08831521739130435 0.5833333333333334 0.04483695652173913 0.5751811594202898 0.04076086956521739 0.5697463768115942 0.021739130434782608 0.5679347826086957 0 0.5688405797101449
13 0 0.43840579710144933 0.21603260869565216 0.48278985507246375 0.21467391304347827 0.4746376811594203 0.1888586956521739 0.4592391304347826 0.16168478260869565 0.46105072463768115 0.15353260869565216 0.45833333333333337 0.13994565217391303 0.4375 0.001358695652173913 0.40307971014492755 0 0.43840579710144933
13 0.36277173913043476 0.5606884057971014 0.37092391304347827 0.5661231884057971 0.4130434782608695 0.5851449275362319 0.4225543478260869 0.5842391304347826 0.46059782608695654 0.5969202898550725 0.47146739130434784 0.6240942028985508 0.4959239130434782 0.6304347826086957 0.5095108695652174 0.6295289855072463 0.501358695652174 0.5869565217391305 0.40760869565217395 0.5561594202898551 0.3668478260869565 0.5597826086956521 0.36277173913043476 0.5606884057971014
13 0.25679347826086957 0.5471014492753623 0.39402173913043476 0.598731884057971 0.4320652173913043 0.6077898550724637 0.44972826086956524 0.6213768115942029 0.4633152173913043 0.6123188405797102 0.4619565217391305 0.5996376811594203 0.3872282608695652 0.5715579710144928 0.37635869565217395 0.5606884057971014 0.264945652173913 0.5461956521739131 0.25679347826086957 0.5471014492753623