33 0.08333333333333334 0.7345309381237526 0.0975177304964539 0.7624750499001995 0.12411347517730498 0.7884231536926147 0.15070921985815605 0.8053892215568862 0.20921985815602837 0.8263473053892216 0.2517730496453901 0.8333333333333334 0.299645390070922 0.8333333333333334 0.3439716312056738 0.8193612774451099 0.3546099290780142 0.8073852295409182 0.3546099290780142 0.7914171656686626 0.33865248226950356 0.7524950099800399 0.3156028368794327 0.7245508982035929 0.2712765957446809 0.6946107784431137 0.23226950354609932 0.6816367265469061 0.1400709219858156 0.6736526946107785 0.10283687943262412 0.6826347305389222 0.08510638297872342 0.7005988023952096 0.08333333333333334 0.7345309381237526
33 0.2925531914893617 0.6996007984031937 0.3049645390070922 0.7135728542914171 0.35106382978723405 0.7455089820359281 0.3900709219858156 0.7594810379241517 0.4326241134751774 0.7654690618762475 0.475177304964539 0.7644710578842315 0.5141843971631206 0.749500998003992 0.5319148936170214 0.7335329341317365 0.5319148936170214 0.721556886227545 0.49113475177304966 0.6686626746506986 0.4822695035460994 0.6596806387225549 0.44326241134751776 0.6417165668662674 0.38120567375886527 0.6307385229540918 0.34042553191489366 0.6327345309381237 0.32269503546099293 0.6377245508982037 0.30851063829787234 0.6596806387225549 0.28900709219858156 0.6726546906187625 0.2925531914893617 0.6996007984031937
33 0.47695035460992913 0.7744510978043913 0.5265957446808511 0.8283433133732535 0.5691489361702129 0.8552894211576847 0.6276595744680852 0.87125748502994 0.6702127659574468 0.8752495009980039 0.7021276595744681 0.87125748502994 0.7269503546099292 0.8602794411177644 0.7464539007092199 0.8353293413173652 0.7375886524822696 0.815369261477046 0.6790780141843972 0.750499001996008 0.6418439716312057 0.7295409181636726 0.574468085106383 0.719560878243513 0.5478723404255319 0.7105788423153693 0.5319148936170214 0.7115768463073853 0.5336879432624114 0.7355289421157685 0.5195035460992908 0.7485029940119761 0.4787234042553192 0.7664670658682635 0.47695035460992913 0.7744510978043913
33 0.35815602836879434 0.8043912175648703 0.3439716312056738 0.8213572854291418 0.30851063829787234 0.8353293413173652 0.3156028368794327 0.8592814371257486 0.35106382978723405 0.8912175648702595 0.41312056737588654 0.9221556886227544 0.46099290780141844 0.9341317365269461 0.49468085106382986 0.9321357285429143 0.5212765957446809 0.9201596806387226 0.5372340425531915 0.8992015968063873 0.5301418439716312 0.847305389221557 0.5106382978723405 0.8093812375249501 0.4840425531914894 0.7844311377245509 0.4592198581560284 0.7694610778443114 0.40602836879432624 0.7644710578842315 0.36524822695035464 0.7524950099800399 0.34574468085106386 0.7574850299401198 0.35815602836879434 0.8043912175648703
33 0.07624113475177305 0.8792415169660679 0.09042553191489362 0.9181636726546906 0.11524822695035461 0.9471057884231537 0.15780141843971635 0.9750499001996008 0.18794326241134754 0.9880239520958083 0.24290780141843973 0.999001996007984 0.29609929078014185 0.999001996007984 0.33865248226950356 0.9820359281437125 0.3617021276595745 0.9580838323353295 0.3634751773049646 0.9351297405189621 0.32092198581560283 0.8792415169660679 0.26950354609929084 0.8363273453093812 0.225177304964539 0.8313373253493014 0.17021276595744683 0.8143712574850299 0.1524822695035461 0.8143712574850299 0.09042553191489362 0.8323353293413174 0.07801418439716312 0.8463073852295409 0.07624113475177305 0.8792415169660679
33 0.723404255319149 0.6866267465069861 0.7216312056737589 0.6966067864271457 0.6897163120567377 0.719560878243513 0.6560283687943264 0.7295409181636726 0.6578014184397164 0.7335329341317365 0.7074468085106383 0.7754491017964071 0.7269503546099292 0.783433133732535 0.7960992907801419 0.7964071856287426 0.8315602836879433 0.7964071856287426 0.8546099290780143 0.7914171656686626 0.874113475177305 0.780439121756487 0.8847517730496455 0.7594810379241517 0.8439716312056739 0.716566866267465 0.7943262411347518 0.6816367265469061 0.7127659574468086 0.6646706586826348 0.723404255319149 0.6866267465069861
33 0.8634751773049645 0.6497005988023952 0.8457446808510639 0.6706586826347305 0.8049645390070923 0.6796407185628743 0.8085106382978724 0.688622754491018 0.8457446808510639 0.716566866267465 0.8687943262411348 0.7255489021956087 0.9113475177304965 0.7315369261477046 0.9521276595744682 0.7305389221556886 0.9893617021276597 0.7205588822355289 0.99822695035461 0.7145708582834331 0.9946808510638299 0.6776447105788423 0.9131205673758865 0.6337325349301397 0.8581560283687943 0.625748502994012 0.8634751773049645 0.6497005988023952
33 0.48581560283687947 0.6596806387225549 0.5159574468085106 0.6916167664670658 0.5443262411347518 0.7075848303393213 0.5833333333333334 0.7205588822355289 0.6187943262411348 0.7255489021956087 0.6613475177304965 0.7255489021956087 0.7039007092198581 0.7095808383233533 0.7198581560283689 0.6956087824351298 0.7198581560283689 0.6826347305389222 0.6790780141843972 0.6307385229540918 0.6507092198581561 0.6117764471057885 0.6152482269503546 0.5978043912175648 0.5709219858156029 0.592814371257485 0.5212765957446809 0.595808383233533 0.5141843971631206 0.5978043912175648 0.4840425531914894 0.6337325349301397 0.48581560283687947 0.6596806387225549
33 0.6453900709219859 0.6077844311377245 0.6808510638297873 0.6297405189620758 0.7127659574468086 0.6626746506986028 0.7695035460992908 0.6756487025948104 0.801418439716312 0.6786427145708582 0.8386524822695035 0.6716566866267465 0.8581560283687943 0.6616766467065868 0.8581560283687943 0.6387225548902196 0.8368794326241135 0.6057884231536926 0.8156028368794328 0.5858283433133733 0.7748226950354611 0.5648702594810379 0.7269503546099292 0.5558882235528941 0.6702127659574468 0.5568862275449102 0.6613475177304965 0.5608782435129741 0.6719858156028369 0.5728542914171657 0.6436170212765958 0.5978043912175648 0.6453900709219859 0.6077844311377245
33 0.7925531914893618 0.5708582834331337 0.8262411347517731 0.592814371257485 0.8528368794326242 0.6197604790419161 0.9148936170212767 0.6297405189620758 0.9539007092198583 0.6297405189620758 0.99822695035461 0.6197604790419161 0.99822695035461 0.5658682634730539 0.946808510638298 0.5409181636726548 0.8953900709219859 0.5289421157684631 0.8404255319148938 0.5269461077844311 0.8280141843971632 0.5299401197604791 0.8262411347517731 0.5409181636726548 0.8156028368794328 0.5499001996007984 0.7907801418439717 0.5608782435129741 0.7925531914893618 0.5708582834331337
33 0.08333333333333334 0.6137724550898204 0.09397163120567377 0.6367265469061876 0.11879432624113476 0.656686626746507 0.14184397163120568 0.6676646706586826 0.16134751773049646 0.6726546906187625 0.2411347517730497 0.6796407185628743 0.2819148936170213 0.6726546906187625 0.30319148936170215 0.6616766467065868 0.3191489361702128 0.6317365269461078 0.26950354609929084 0.590818363273453 0.23581560283687947 0.5738522954091817 0.1950354609929078 0.562874251497006 0.1524822695035461 0.563872255489022 0.10460992907801418 0.5748502994011976 0.08510638297872342 0.5898203592814372 0.08333333333333334 0.6137724550898204
33 0.3049645390070922 0.5808383233532934 0.3138297872340426 0.5978043912175648 0.34042553191489366 0.6177644710578842 0.3687943262411348 0.626746506986028 0.45212765957446815 0.6377245508982037 0.4822695035460994 0.6287425149700598 0.5 0.6167664670658682 0.5088652482269505 0.592814371257485 0.4964539007092199 0.5608782435129741 0.4698581560283689 0.5369261477045908 0.4468085106382979 0.5279441117764472 0.39893617021276595 0.5209580838323353 0.3546099290780142 0.5239520958083832 0.33865248226950356 0.5289421157684631 0.3297872340425532 0.5459081836327345 0.3067375886524823 0.5658682634730539 0.3049645390070922 0.5808383233532934
33 0.4663120567375887 0.5329341317365269 0.49113475177304966 0.5508982035928144 0.5070921985815604 0.5768463073852296 0.5301418439716312 0.5888223552894212 0.6170212765957447 0.5948103792415169 0.6347517730496455 0.592814371257485 0.6666666666666667 0.5808383233532934 0.648936170212766 0.531936127744511 0.6223404255319149 0.5069860279441117 0.5939716312056739 0.49401197604790414 0.5567375886524824 0.4880239520958084 0.5070921985815604 0.48902195608782434 0.5 0.5049900199600799 0.4663120567375887 0.5219560878243513 0.4663120567375887 0.5329341317365269
33 0.599290780141844 0.4950099800399202 0.6258865248226951 0.5079840319361277 0.6560283687943264 0.5389221556886228 0.6790780141843972 0.5479041916167665 0.7730496453900709 0.5598802395209581 0.8031914893617023 0.5538922155688623 0.822695035460993 0.5409181636726548 0.822695035460993 0.5239520958083832 0.7890070921985817 0.49101796407185627 0.7659574468085106 0.47604790419161674 0.7251773049645391 0.4600798403193613 0.6773049645390071 0.4510978043912176 0.6187943262411348 0.4510978043912176 0.5957446808510639 0.48103792415169655 0.599290780141844 0.4950099800399202
33 0.7606382978723405 0.4520958083832335 0.7411347517730497 0.4590818363273453 0.7429078014184397 0.4640718562874252 0.7907801418439717 0.4920159680638722 0.8280141843971632 0.5279441117764472 0.898936170212766 0.5269461077844311 0.9237588652482269 0.5139720558882235 0.9326241134751774 0.5 0.8953900709219859 0.4600798403193613 0.8546099290780143 0.43712574850299396 0.8067375886524824 0.4291417165668663 0.7783687943262412 0.4301397205588822 0.7606382978723405 0.4520958083832335
33 0.8918439716312058 0.4211576846307385 0.8617021276595744 0.43712574850299396 0.8953900709219859 0.45808383233532934 0.9273049645390072 0.48602794411177647 0.99822695035461 0.4870259481037924 0.99822695035461 0.4171656686626746 0.950354609929078 0.405189620758483 0.9024822695035463 0.40618762475049897 0.8918439716312058 0.4211576846307385
33 0.9343971631205674 0.501996007984032 0.9078014184397164 0.5289421157684631 0.950354609929078 0.5409181636726548 0.99822695035461 0.562874251497006 0.99822695035461 0.4900199600798403 0.9450354609929079 0.4870259481037924 0.9290780141843973 0.4900199600798403 0.9343971631205674 0.501996007984032
33 0.2712765957446809 0.33333333333333337 0.2872340425531915 0.36127744510978044 0.3262411347517731 0.3902195608782435 0.3563829787234043 0.405189620758483 0.39893617021276595 0.4181636726546906 0.45212765957446815 0.42714570858283435 0.4840425531914894 0.4261477045908183 0.5177304964539007 0.4151696606786427 0.5319148936170214 0.4001996007984032 0.524822695035461 0.3842315369261477 0.47163120567375894 0.3403193612774451 0.42198581560283693 0.313373253493014 0.32092198581560283 0.3063872255489022 0.2730496453900709 0.31736526946107785 0.2712765957446809 0.33333333333333337
33 0.44503546099290786 0.32335329341317365 0.473404255319149 0.3403193612774451 0.5354609929078015 0.3912175648702595 0.5709219858156029 0.39520958083832336 0.6028368794326242 0.39221556886227543 0.624113475177305 0.38622754491017963 0.6382978723404256 0.37624750499001997 0.6418439716312057 0.36027944111776444 0.6347517730496455 0.3463073852295409 0.6152482269503546 0.32435129740518964 0.5851063829787234 0.3053892215568862 0.5390070921985817 0.29241516966067865 0.4875886524822695 0.2914171656686627 0.4592198581560284 0.29740518962075846 0.44326241134751776 0.3073852295409182 0.44503546099290786 0.32335329341317365
33 0.6843971631205674 0.35528942115768464 0.7375886524822696 0.3842315369261477 0.7783687943262412 0.4261477045908183 0.8563829787234043 0.43313373253493015 0.8900709219858157 0.42015968063872255 0.898936170212766 0.40718562874251496 0.8936170212765958 0.39221556886227543 0.8599290780141844 0.3582834331337325 0.8173758865248228 0.33632734530938124 0.7872340425531916 0.3273453093812375 0.7429078014184397 0.3253493013972056 0.723404255319149 0.3273453093812375 0.6897163120567377 0.3413173652694611 0.6843971631205674 0.35528942115768464
33 0.7943262411347518 0.3273453093812375 0.8297872340425533 0.3403193612774451 0.8617021276595744 0.3582834331337325 0.898936170212766 0.39620758483033935 0.9450354609929079 0.38622754491017963 0.9539007092198583 0.37624750499001997 0.950354609929078 0.35129740518962077 0.9326241134751774 0.32934131736526945 0.9078014184397164 0.313373253493014 0.8812056737588654 0.3063872255489022 0.8457446808510639 0.3033932135728543 0.8102836879432624 0.3093812375249501 0.7960992907801419 0.3203592814371258 0.7943262411347518 0.3273453093812375
33 0.6453900709219859 0.3682634730538922 0.6312056737588654 0.3842315369261477 0.5921985815602837 0.3972055888223553 0.5921985815602837 0.4041916167664671 0.6117021276595744 0.4231536926147704 0.6187943262411348 0.4491017964071856 0.6631205673758866 0.4481037924151696 0.7216312056737589 0.45808383233532934 0.7606382978723405 0.45009980039920156 0.7730496453900709 0.4421157684630739 0.7748226950354611 0.4241516966067865 0.7340425531914894 0.38323353293413176 0.6932624113475178 0.36227544910179643 0.6648936170212767 0.3542914171656687 0.6400709219858156 0.3522954091816367 0.6453900709219859 0.3682634730538922
33 0.6046099290780143 0.23952095808383236 0.6400709219858156 0.2694610778443114 0.698581560283688 0.28642714570858285 0.7269503546099292 0.2874251497005988 0.7730496453900709 0.2774451097804391 0.7907801418439717 0.2654690618762475 0.7960992907801419 0.25149700598802394 0.7748226950354611 0.22355289421157684 0.7464539007092199 0.19860279441117765 0.7127659574468086 0.18463073852295409 0.6808510638297873 0.17964071856287425 0.6436170212765958 0.18063872255489022 0.6134751773049646 0.18862275449101798 0.599290780141844 0.20059880239520958 0.6046099290780143 0.23952095808383236
33 0.4663120567375887 0.4391217564870259 0.5053191489361702 0.48103792415169655 0.5212765957446809 0.48502994011976047 0.572695035460993 0.4870259481037924 0.5833333333333334 0.48502994011976047 0.6046099290780143 0.47005988023952094 0.6117021276595744 0.4291417165668663 0.6028368794326242 0.4161676646706587 0.574468085106383 0.3982035928143713 0.5372340425531915 0.3932135728542914 0.524822695035461 0.4121756487025948 0.5088652482269505 0.4211576846307385 0.46808510638297873 0.4291417165668663 0.4663120567375887 0.4391217564870259
33 0.30319148936170215 0.47005988023952094 0.3297872340425532 0.4870259481037924 0.34042553191489366 0.5059880239520959 0.3546099290780142 0.5129740518962076 0.3794326241134752 0.5189620758483035 0.44326241134751776 0.5239520958083832 0.4822695035460994 0.5129740518962076 0.49822695035460995 0.5029940119760479 0.5017730496453902 0.4870259481037924 0.4840425531914894 0.4610778443113772 0.46099290780141844 0.4391217564870259 0.4379432624113475 0.4281437125748503 0.3670212765957447 0.41417165668662675 0.3262411347517731 0.42215568862275454 0.3120567375886525 0.4301397205588822 0.30319148936170215 0.4441117764471058 0.30319148936170215 0.47005988023952094
33 0.15780141843971635 0.5279441117764472 0.200354609929078 0.56187624750499 0.26063829787234044 0.5728542914171657 0.29787234042553196 0.5668662674650699 0.3156028368794327 0.5588822355289421 0.3351063829787234 0.5299401197604791 0.3351063829787234 0.5 0.324468085106383 0.4870259481037924 0.28900709219858156 0.46606786427145713 0.2570921985815603 0.45808383233532934 0.2127659574468085 0.4600798403193613 0.18617021276595747 0.469061876247505 0.15602836879432624 0.49800399201596807 0.15780141843971635 0.5279441117764472
33 0.01773049645390071 0.5179640718562875 0.04964539007092199 0.5489021956087824 0.11170212765957448 0.5698602794411178 0.1524822695035461 0.56187624750499 0.18794326241134754 0.5598802395209581 0.15780141843971635 0.530938123752495 0.1524822695035461 0.5189620758483035 0.15425531914893617 0.49900199600798406 0.18085106382978725 0.47105788423153694 0.16312056737588654 0.4540918163672655 0.10460992907801418 0.43712574850299396 0.06028368794326242 0.43712574850299396 0.03014184397163121 0.4481037924151696 0.014184397163120569 0.48003992015968067 0.01773049645390071 0.5179640718562875
33 0.09574468085106383 0.36926147704590817 0.10283687943262412 0.38622754491017963 0.11879432624113476 0.3992015968063872 0.15425531914893617 0.4151696606786427 0.1897163120567376 0.42215568862275454 0.2269503546099291 0.42215568862275454 0.25531914893617025 0.4171656686626746 0.2765957446808511 0.40718562874251496 0.2819148936170213 0.3842315369261477 0.274822695035461 0.35528942115768464 0.25531914893617025 0.3373253493013972 0.22163120567375888 0.32335329341317365 0.18085106382978725 0.31736526946107785 0.14539007092198583 0.3193612774451098 0.12056737588652484 0.3253493013972056 0.0975177304964539 0.3463073852295409 0.09574468085106383 0.36926147704590817
33 0.08156028368794327 0.28443113772455086 0.10460992907801418 0.3183632734530938 0.11524822695035461 0.32435129740518964 0.15602836879432624 0.31636726546906185 0.17907801418439717 0.31636726546906185 0.22163120567375888 0.3223552894211577 0.26063829787234044 0.3343313373253493 0.2712765957446809 0.3093812375249501 0.2624113475177305 0.28542914171656686 0.23581560283687947 0.2624750499001996 0.200354609929078 0.24451097804391217 0.17021276595744683 0.2375249500998004 0.12943262411347517 0.2375249500998004 0.0975177304964539 0.25049900199600794 0.08156028368794327 0.2694610778443114 0.08156028368794327 0.28443113772455086
33 0 0.35129740518962077 0.040780141843971635 0.3532934131736527 0.06205673758865249 0.34930139720558884 0.08333333333333334 0.3393213572854291 0.09042553191489362 0.3013972055888224 0.05851063829787234 0.26746506986027946 0.03900709219858156 0.2564870259481038 0.003546099290780142 0.24850299401197606 0 0.35129740518962077
33 0.2641843971631206 0.28443113772455086 0.274822695035461 0.3053892215568862 0.3262411347517731 0.29241516966067865 0.35815602836879434 0.29241516966067865 0.3900709219858156 0.29840319361277445 0.400709219858156 0.2894211576846307 0.3936170212765958 0.2694610778443114 0.374113475177305 0.25249500998003993 0.31737588652482274 0.23153692614770457 0.29787234042553196 0.23253493013972054 0.2819148936170213 0.2385229540918164 0.2659574468085107 0.26646706586826346 0.2641843971631206 0.28443113772455086
33 0.5425531914893618 0.29241516966067865 0.5868794326241135 0.30439121756487025 0.6117021276595744 0.3193612774451098 0.6365248226950355 0.344311377245509 0.6613475177304965 0.3393213572854291 0.6914893617021277 0.3253493013972056 0.7056737588652482 0.313373253493014 0.7074468085106383 0.3023952095808383 0.698581560283688 0.2914171656686627 0.6276595744680852 0.2684630738522954 0.5797872340425532 0.27145708582834327 0.5425531914893618 0.28642714570858285 0.5425531914893618 0.29241516966067865
33 0.7712765957446809 0.2125748502994012 0.7978723404255319 0.25249500998003993 0.7854609929078015 0.27644710578842313 0.8209219858156029 0.281437125748503 0.8705673758865249 0.27644710578842313 0.8882978723404256 0.26746506986027946 0.8971631205673759 0.25349301397205587 0.8847517730496455 0.22355289421157684 0.8333333333333334 0.1996007984031936 0.7925531914893618 0.20459081836327347 0.7712765957446809 0.2125748502994012
33 0.8368794326241135 0.29740518962075846 0.8421985815602838 0.3013972055888224 0.8936170212765958 0.3083832335329341 0.9343971631205674 0.3273453093812375 0.9716312056737589 0.32335329341317365 0.99822695035461 0.3153692614770459 0.99822695035461 0.2594810379241517 0.9627659574468085 0.25049900199600794 0.9042553191489363 0.25049900199600794 0.8776595744680853 0.2744510978043912 0.8404255319148938 0.28243512974051893 0.8368794326241135 0.29740518962075846
33 0.8794326241134753 0.4281437125748503 0.8617021276595744 0.43712574850299396 0.8953900709219859 0.45808383233532934 0.925531914893617 0.48502994011976047 0.99822695035461 0.4870259481037924 0.99822695035461 0.4171656686626746 0.950354609929078 0.405189620758483 0.9024822695035463 0.40618762475049897 0.8794326241134753 0.4281437125748503