53 0.532608695652174 0.23547400611620795 0.5489130434782609 0.24057084607543322 0.6222826086956521 0.2140672782874618 0.6834239130434783 0.19775739041794088 0.7622282608695652 0.19673802242609584 0.7758152173913043 0.18042813455657494 0.763586956521739 0.17533129459734964 0.7391304347826086 0.17533129459734964 0.6630434782608695 0.1834862385321101 0.5720108695652174 0.20897043832823653 0.532608695652174 0.22426095820591235 0.532608695652174 0.23547400611620795
53 0.6345108695652174 0.41794087665647306 0.6535326086956521 0.42201834862385323 0.6779891304347826 0.4189602446483181 0.7445652173913043 0.42303771661569833 0.7622282608695652 0.41997961264016315 0.7785326086956521 0.4322120285423038 0.8519021739130433 0.44648318042813456 0.8695652173913043 0.44648318042813456 0.8858695652173912 0.4393476044852192 0.8804347826086957 0.43119266055045874 0.8682065217391305 0.4250764525993884 0.7717391304347826 0.40672782874617736 0.6535326086956521 0.399592252803262 0.6345108695652174 0.41080530071355764 0.6345108695652174 0.41794087665647306
53 0.6005434782608695 0.382262996941896 0.6467391304347826 0.38837920489296635 0.6915760869565217 0.38634046890927626 0.7432065217391304 0.37410805300713557 0.748641304347826 0.3700305810397554 0.748641304347826 0.35983690112130484 0.71875 0.35677879714576965 0.639945652173913 0.3608562691131499 0.608695652173913 0.363914373088685 0.5991847826086956 0.3700305810397554 0.6005434782608695 0.382262996941896
53 0.40489130434782605 0.3730886850152905 0.4334239130434782 0.3781855249745158 0.43885869565217395 0.381243628950051 0.4375 0.3873598369011213 0.41847826086956524 0.39245667686034663 0.4130434782608695 0.39857288481141695 0.3967391304347826 0.3975535168195719 0.37635869565217395 0.40672782874617736 0.37364130434782605 0.4118246687054027 0.38315217391304346 0.41794087665647306 0.44021739130434784 0.40366972477064217 0.49184782608695654 0.39653414882772686 0.577445652173913 0.36799184505606525 0.59375 0.3486238532110092 0.5828804347826086 0.34658511722731905 0.5557065217391304 0.3506625891946993 0.47146739130434784 0.37410805300713557 0.4538043478260869 0.36595310907237516 0.4103260869565217 0.35881753312945974 0.4008152173913043 0.36289500509684 0.40489130434782605 0.3730886850152905
53 0.5788043478260869 0.4281345565749236 0.5910326086956521 0.43527013251783897 0.6209239130434783 0.4413863404689093 0.7038043478260869 0.4505606523955148 0.7160326086956521 0.4505606523955148 0.7228260869565217 0.44240570846075433 0.720108695652174 0.4332313965341489 0.702445652173913 0.4271151885830785 0.6209239130434783 0.4189602446483181 0.5801630434782609 0.4240570846075434 0.5788043478260869 0.4281345565749236
53 0.563858695652174 0.5168195718654435 0.5747282608695652 0.5219164118246687 0.6426630434782609 0.5239551478083588 0.7269021739130435 0.5137614678899083 0.733695652173913 0.5096839959225281 0.733695652173913 0.5025484199796126 0.7160326086956521 0.4964322120285424 0.6494565217391304 0.5035677879714577 0.5706521739130435 0.5045871559633028 0.5652173913043479 0.5076452599388379 0.563858695652174 0.5168195718654435
53 0.5217391304347826 0.4454638124362895 0.5557065217391304 0.48725790010193687 0.5747282608695652 0.5025484199796126 0.6046195652173914 0.5045871559633028 0.6032608695652174 0.4933741080530072 0.561141304347826 0.4566768603465851 0.5380434782608695 0.41997961264016315 0.53125 0.4189602446483181 0.5203804347826086 0.42609582059123347 0.5217391304347826 0.4454638124362895
53 0.7282608695652174 0.5840978593272171 0.7717391304347826 0.6646279306829765 0.78125 0.6748216106014271 0.8016304347826086 0.6788990825688074 0.794836956521739 0.6483180428134557 0.7404891304347826 0.5412844036697247 0.733695652173913 0.5372069317023446 0.717391304347826 0.5484199796126401 0.7282608695652174 0.5840978593272171
53 0.7622282608695652 0.5555555555555556 0.7703804347826086 0.5851172273190622 0.7866847826086956 0.6360856269113151 0.8016304347826086 0.6493374108053007 0.8097826086956521 0.6401630988786953 0.8097826086956521 0.6299694189602446 0.78125 0.5688073394495413 0.782608695652174 0.5015290519877676 0.7717391304347826 0.4974515800203874 0.7581521739130435 0.4994903160040775 0.7622282608695652 0.5555555555555556
53 0.5407608695652174 0.42201834862385323 0.53125 0.43119266055045874 0.5230978260869565 0.43119266055045874 0.5285326086956521 0.4485219164118247 0.5434782608695652 0.43730886850152906 0.5489130434782609 0.4393476044852192 0.5489130434782609 0.4332313965341489 0.5665760869565217 0.42201834862385323 0.6073369565217391 0.363914373088685 0.6195652173913043 0.3608562691131499 0.6413043478260869 0.34454638124362896 0.6644021739130435 0.32008154943934763 0.6508152173913043 0.3109072375127421 0.6372282608695652 0.31396534148827726 0.577445652173913 0.3700305810397554 0.5407608695652174 0.42201834862385323
53 0.5842391304347826 0.4159021406727829 0.6195652173913043 0.41794087665647306 0.623641304347826 0.4148827726809379 0.623641304347826 0.4097859327217125 0.6127717391304348 0.4016309887869521 0.5842391304347826 0.4026503567787971 0.5842391304347826 0.4159021406727829
53 0.6521739130434783 0.4841997961264016 0.7133152173913043 0.4954128440366973 0.8097826086956521 0.5005096839959225 0.8790760869565217 0.4954128440366973 0.875 0.4862385321100918 0.7730978260869565 0.4770642201834862 0.6929347826086956 0.4709480122324159 0.6521739130434783 0.4770642201834862 0.6521739130434783 0.4841997961264016
53 0.49864130434782605 0.39653414882772686 0.5081521739130435 0.40061162079510704 0.5366847826086956 0.4046890927624872 0.5516304347826086 0.40061162079510704 0.5529891304347826 0.3893985728848114 0.5067934782608695 0.3873598369011213 0.49864130434782605 0.39653414882772686
53 0.5692934782608695 0.49439347604485223 0.5733695652173914 0.4974515800203874 0.5815217391304348 0.4974515800203874 0.5842391304347826 0.49235474006116214 0.5964673913043479 0.49439347604485223 0.5883152173913043 0.4852191641182467 0.5720108695652174 0.48725790010193687 0.5692934782608695 0.49439347604485223
53 0.7105978260869565 0.3017329255861366 0.7228260869565217 0.32008154943934763 0.7459239130434783 0.28950050968399593 0.7527173913043479 0.2701325178389399 0.8002717391304348 0.19571865443425077 0.8029891304347826 0.18756371049949033 0.796195652173913 0.18144750254842 0.7785326086956521 0.18246687054026506 0.7241847826086956 0.2619775739041794 0.7133152173913043 0.2854230377166157 0.7105978260869565 0.3017329255861366
53 0.42391304347826086 0.29663608562691135 0.44021739130434784 0.34454638124362896 0.45244565217391297 0.3608562691131499 0.47690217391304346 0.3690112130479103 0.4442934782608695 0.2640163098878695 0.43885869565217395 0.25993883792048933 0.41983695652173914 0.2640163098878695 0.42391304347826086 0.29663608562691135
53 0.43885869565217395 0.22018348623853212 0.4592391304347826 0.2324159021406728 0.49728260869565216 0.23037716615698267 0.4945652173913043 0.22222222222222224 0.4320652173913043 0.199796126401631 0.43885869565217395 0.22018348623853212
53 0.5027173913043479 0.23139653414882771 0.5230978260869565 0.2344546381243629 0.5135869565217391 0.20081549439347604 0.5081521739130435 0.19877675840978595 0.5 0.2038735983690112 0.5027173913043479 0.23139653414882771
53 0.2866847826086957 0.27217125382262997 0.297554347826087 0.27522935779816515 0.35190217391304346 0.27522935779816515 0.37092391304347827 0.2609582059123344 0.3342391304347826 0.2466870540265036 0.2866847826086957 0.2670744138634047 0.2866847826086957 0.27217125382262997
53 0.40760869565217395 0.22324159021406728 0.4130434782608695 0.2324159021406728 0.42119565217391297 0.23547400611620795 0.4279891304347826 0.23139653414882771 0.42934782608695654 0.20897043832823653 0.40625 0.20693170234454641 0.40760869565217395 0.22324159021406728
53 0.5040760869565217 0.32925586136595314 0.5095108695652174 0.3506625891946993 0.5258152173913043 0.34454638124362896 0.529891304347826 0.33843017329255864 0.5271739130434783 0.2640163098878695 0.5054347826086956 0.25484199796126406 0.5040760869565217 0.32925586136595314
53 0.6358695652173914 0.3557594291539246 0.7567934782608695 0.3425076452599388 0.763586956521739 0.33741080530071355 0.763586956521739 0.32008154943934763 0.7567934782608695 0.31804281345565755 0.7133152173913043 0.32619775739041795 0.6630434782608695 0.3282364933741081 0.638586956521739 0.3486238532110092 0.6358695652173914 0.3557594291539246
53 0.8070652173913043 0.22324159021406728 0.8288043478260869 0.2324159021406728 0.8369565217391305 0.2609582059123344 0.8233695652173912 0.2803261977573904 0.7663043478260869 0.3211009174311927 0.763586956521739 0.34454638124362896 0.7404891304347826 0.3486238532110092 0.7377717391304348 0.35270132517838937 0.763586956521739 0.34964322120285424 0.8084239130434783 0.32415902140672787 0.84375 0.2925586136595311 0.8586956521739131 0.26809378185524974 0.8600543478260869 0.2487257900101937 0.8451086956521738 0.22426095820591235 0.8206521739130433 0.21304791029561673 0.8057065217391305 0.21304791029561673 0.8070652173913043 0.22324159021406728
53 0.7255434782608695 0.38328236493374107 0.7282608695652174 0.39551478083588176 0.8478260869565217 0.39551478083588176 0.8736413043478259 0.4016309887869521 0.9021739130434783 0.4026503567787971 0.9456521739130433 0.4209989806320082 0.9565217391304348 0.4189602446483181 0.9565217391304348 0.4118246687054027 0.9388586956521738 0.40061162079510704 0.8790760869565217 0.381243628950051 0.7595108695652174 0.37104994903160043 0.7296195652173914 0.38022426095820594 0.7255434782608695 0.38328236493374107
53 0.31657608695652173 0.3129459734964322 0.32065217391304346 0.32415902140672787 0.4008152173913043 0.26605504587155965 0.4592391304347826 0.25484199796126406 0.4741847826086956 0.2466870540265036 0.5706521739130435 0.273190621814475 0.5855978260869565 0.2691131498470948 0.5869565217391304 0.25993883792048933 0.5027173913043479 0.2324159021406728 0.43614130434782605 0.2385321100917431 0.4103260869565217 0.24362895005096843 0.3817934782608695 0.25993883792048933 0.3641304347826087 0.2650356778797146 0.35733695652173914 0.27726809378185524 0.32065217391304346 0.3068297655453619 0.31657608695652173 0.3129459734964322
53 0.5570652173913043 0.4454638124362895 0.5570652173913043 0.44954128440366975 0.5760869565217391 0.4658511722731906 0.6440217391304348 0.47196738022426094 0.7472826086956521 0.4648318042813456 0.826086956521739 0.4485219164118247 0.826086956521739 0.4444444444444445 0.796195652173913 0.43730886850152906 0.7608695652173914 0.4454638124362895 0.7241847826086956 0.44648318042813456 0.7133152173913043 0.4525993883792049 0.5692934782608695 0.4444444444444445 0.5570652173913043 0.4454638124362895
53 0.6616847826086956 0.563710499490316 0.6752717391304348 0.5759429153924567 0.7445652173913043 0.5290519877675841 0.7567934782608695 0.5188583078491336 0.7567934782608695 0.5127420998980632 0.7540760869565217 0.5096839959225281 0.7418478260869565 0.5107033639143731 0.7078804347826086 0.5188583078491336 0.6603260869565217 0.5545361875637105 0.6616847826086956 0.563710499490316
53 0.4633152173913043 0.31396534148827726 0.46603260869565216 0.3251783893985729 0.48233695652173914 0.32619775739041795 0.4959239130434782 0.32008154943934763 0.501358695652174 0.34046890927624873 0.5027173913043479 0.3037716615698267 0.4932065217391304 0.3017329255861366 0.46739130434782605 0.30784913353720694 0.4633152173913043 0.31396534148827726
53 0.5271739130434783 0.3129459734964322 0.532608695652174 0.31804281345565755 0.5380434782608695 0.31396534148827726 0.5883152173913043 0.30479102956167176 0.608695652173913 0.30479102956167176 0.6100543478260869 0.29357798165137616 0.6209239130434783 0.28236493374108057 0.6127717391304348 0.27726809378185524 0.5855978260869565 0.2864424057084608 0.5570652173913043 0.2884811416921509 0.5557065217391304 0.2925586136595311 0.5285326086956521 0.29663608562691135 0.5271739130434783 0.3129459734964322
53 0.5869565217391304 0.25993883792048933 0.5910326086956521 0.27522935779816515 0.6290760869565217 0.27420998980632005 0.6453804347826086 0.2691131498470948 0.6440217391304348 0.25688073394495414 0.5747282608695652 0.2507645259938838 0.5869565217391304 0.25993883792048933
53 0.5095108695652174 0.35983690112130484 0.514945652173913 0.3608562691131499 0.6032608695652174 0.34046890927624873 0.6508152173913043 0.3109072375127421 0.6290760869565217 0.3119266055045872 0.5855978260869565 0.3221202854230377 0.5339673913043479 0.3394495412844037 0.5108695652173914 0.35372069317023447 0.5095108695652174 0.35983690112130484
53 0.826086956521739 0.4770642201834862 0.8410326086956521 0.4841997961264016 0.875 0.4852191641182467 0.8817934782608695 0.490316004077472 0.8777173913043479 0.4974515800203874 0.8817934782608695 0.5015290519877676 0.923913043478261 0.5188583078491336 0.9361413043478259 0.5188583078491336 0.9402173913043479 0.5056065239551478 0.8913043478260869 0.4801223241590214 0.8586956521739131 0.46687054026503566 0.830163043478261 0.47196738022426094 0.826086956521739 0.4770642201834862
53 0.7432065217391304 0.46992864424057085 0.7432065217391304 0.472986748216106 0.751358695652174 0.4770642201834862 0.7934782608695652 0.48114169215086644 0.8247282608695652 0.4750254841997961 0.9076086956521738 0.4485219164118247 0.9144021739130433 0.43730886850152906 0.9103260869565217 0.43119266055045874 0.8994565217391305 0.43119266055045874 0.764945652173913 0.46381243628950053 0.7432065217391304 0.46992864424057085
53 0.8043478260869564 0.3730886850152905 0.8315217391304348 0.37410805300713557 0.8247282608695652 0.3557594291539246 0.8029891304347826 0.3282364933741081 0.782608695652174 0.3414882772680938 0.8043478260869564 0.3730886850152905
53 0.6657608695652174 0.31702344546381245 0.6657608695652174 0.3251783893985729 0.7092391304347826 0.3251783893985729 0.7241847826086956 0.3211009174311927 0.720108695652174 0.3068297655453619 0.6997282608695652 0.3068297655453619 0.6657608695652174 0.31702344546381245
53 0.39266304347826086 0.20285423037716616 0.4008152173913043 0.20693170234454641 0.4021739130434782 0.19571865443425077 0.39266304347826086 0.19367991845056065 0.39266304347826086 0.20285423037716616
53 0.3804347826086957 0.27930682976554533 0.3953804347826087 0.28950050968399593 0.4171195652173913 0.2915392456676861 0.4103260869565217 0.2711518858307849 0.4008152173913043 0.2701325178389399 0.3804347826086957 0.27930682976554533
53 0.6413043478260869 0.273190621814475 0.623641304347826 0.27522935779816515 0.6345108695652174 0.28440366972477066 0.6644021739130435 0.2864424057084608 0.6915760869565217 0.29357798165137616 0.7092391304347826 0.2925586136595311 0.7146739130434783 0.2813455657492355 0.7065217391304348 0.27420998980632005 0.6494565217391304 0.2640163098878695 0.6413043478260869 0.273190621814475
7 0.08831521739130435 0.3282364933741081 0.10054347826086955 0.3486238532110092 0.07201086956521739 0.36289500509684 0.07201086956521739 0.382262996941896 0.021739130434782608 0.4933741080530072 0.02717391304347826 0.5219164118246687 0.02309782608695652 0.5484199796126401 0.03804347826086956 0.5677879714576963 0.07065217391304349 0.580020387359837 0.11141304347826086 0.580020387359837 0.1956521739130435 0.6106014271151886 0.2554347826086957 0.6411824668705404 0.2758152173913043 0.6422018348623854 0.297554347826087 0.6493374108053007 0.3220108695652174 0.6788990825688074 0.3491847826086957 0.6952089704383282 0.46603260869565216 0.7308868501529052 0.5244565217391304 0.7665647298674821 0.5815217391304348 0.7849133537206933 0.6277173913043479 0.7889908256880734 0.6480978260869565 0.7951070336391438 0.6725543478260869 0.7951070336391438 0.7078804347826086 0.7930682976554537 0.7527173913043479 0.7777777777777778 0.8138586956521738 0.763506625891947 0.8192934782608695 0.763506625891947 0.84375 0.7849133537206933 0.8722826086956521 0.7716615698267074 0.8763586956521738 0.746177370030581 0.8491847826086957 0.7125382262996942 0.8491847826086957 0.7064220183486238 0.8192934782608695 0.6870540265035678 0.7771739130434783 0.6758409785932722 0.7386779891304348 0.6500173292558614 0.638586956521739 0.5372069317023446 0.6127717391304348 0.5259938837920489 0.5883152173913043 0.527013251783894 0.5652173913043479 0.5208970438328236 0.5597826086956521 0.5127420998980632 0.561141304347826 0.4964322120285424 0.5122282608695652 0.4444444444444445 0.45108695652173914 0.4077471967380224 0.43885869565217395 0.40672782874617736 0.4116847826086956 0.4148827726809379 0.40896739130434784 0.3904179408766565 0.39402173913043476 0.3608562691131499 0.3342391304347826 0.3414882772680938 0.3029891304347826 0.32008154943934763 0.27989130434782605 0.30988786952089703 0.24048913043478262 0.2782874617737003 0.21331521739130435 0.2691131498470948 0.18614130434782608 0.25178389398572887 0.12092391304347824 0.27217125382262997 0.10869565217391304 0.27930682976554533 0.09510869565217392 0.3007135575942915 0.08831521739130435 0.3282364933741081