7 0 0.4258409785932722 0 0.6720183486238531 0.03125 0.7507645259938838 0.042119565217391304 0.7629969418960244 0.04076086956521739 0.7744648318042813 0.0625 0.7989296636085627 0.09103260869565218 0.8088685015290519 0.13043478260869565 0.8386850152905199 0.17119565217391303 0.856269113149847 0.22282608695652173 0.8891437308868502 0.25815217391304346 0.8983180428134556 0.2717391304347826 0.9174311926605505 0.28940217391304346 0.9266055045871558 0.3233695652173913 0.937308868501529 0.34375 0.9396024464831804 0.3654891304347826 0.9311926605504587 0.36820652173913043 0.9220183486238532 0.37364130434782605 0.9197247706422018 0.39402173913043476 0.9220183486238532 0.4429347826086956 0.9174311926605505 0.5597826086956521 0.930428134556575 0.5788043478260869 0.9281345565749236 0.5910326086956521 0.9311926605504587 0.6005434782608695 0.9403669724770642 0.6154891304347826 0.9388379204892965 0.625 0.930428134556575 0.6671195652173914 0.9365443425076453 0.7228260869565217 0.9204892966360856 0.7622282608695652 0.9181957186544342 0.7894021739130435 0.9120795107033638 0.8804347826086957 0.8654434250764526 0.8953804347826086 0.849388379204893 0.8980978260869564 0.8256880733944953 0.892663043478261 0.8042813455657493 0.875 0.7821100917431193 0.7921195652173914 0.72782874617737 0.7622282608695652 0.7140672782874617 0.6317934782608695 0.6383792048929664 0.5883152173913043 0.6261467889908257 0.5597826086956521 0.636085626911315 0.5380434782608695 0.6314984709480123 0.5271739130434783 0.6223241590214067 0.46059782608695654 0.5863914373088684 0.4334239130434782 0.5634556574923547 0.37092391304347827 0.5214067278287462 0.2907608695652174 0.4969418960244648 0.2554347826086957 0.47782874617737 0.22010869565217392 0.44877675840978587 0.19157608695652173 0.43730886850152906 0.17527173913043476 0.4327217125382263 0.13994565217391303 0.43577981651376146 0.12364130434782608 0.4281345565749235 0.12228260869565218 0.4212538226299694 0.10869565217391304 0.4151376146788991 0.08695652173913043 0.4151376146788991 0.042119565217391304 0.422782874617737 0.008152173913043478 0.42431192660550454 0 0.4258409785932722
34 0.5910326086956521 0.5298165137614679 0.608695652173913 0.5412844036697247 0.6168478260869565 0.591743119266055 0.6114130434782609 0.5986238532110091 0.595108695652174 0.6055045871559633 0.592391304347826 0.6169724770642202 0.7581521739130435 0.709480122324159 0.7744565217391304 0.7140672782874617 0.8342391304347826 0.7492354740061162 0.8491847826086957 0.7545871559633027 0.8899456521739131 0.7507645259938838 0.919836956521739 0.7522935779816514 0.9728260869565217 0.7331804281345565 0.9986413043478259 0.7301223241590213 0.9986413043478259 0.422782874617737 0.9701086956521738 0.4151376146788991 0.9286684782608695 0.4151376146788991 0.8899456521739131 0.40443425076452594 0.8817934782608695 0.40672782874617736 0.8682065217391305 0.4029051987767584 0.8315217391304348 0.3746177370030581 0.8002717391304348 0.3814984709480122 0.7839673913043478 0.39220183486238536 0.7717391304347826 0.3952599388379205 0.7296195652173914 0.3937308868501529 0.7214673913043479 0.39755351681957185 0.7146739130434783 0.41131498470948014 0.6807065217391304 0.4304281345565749 0.6793478260869565 0.44495412844036697 0.6902173913043479 0.44877675840978587 0.6875 0.4579510703363915 0.6752717391304348 0.4610091743119266 0.6671195652173914 0.459480122324159 0.6508152173913043 0.4686544342507645 0.6182065217391304 0.4793577981651376 0.608695652173913 0.4862385321100917 0.59375 0.5114678899082569 0.5910326086956521 0.5298165137614679
53 0.5067934782608695 0.46559633027522934 0.5122282608695652 0.49847094801223235 0.5217391304347826 0.514525993883792 0.546195652173913 0.5275229357798165 0.5502717391304348 0.5015290519877675 0.5434782608695652 0.48241590214067276 0.5407608695652174 0.4059633027522936 0.5448369565217391 0.3830275229357798 0.5679347826086956 0.3348623853211009 0.5244565217391304 0.36314984709480125 0.5067934782608695 0.40443425076452594 0.5067934782608695 0.46559633027522934
53 0.3029891304347826 0.4977064220183486 0.3220108695652174 0.5022935779816514 0.4225543478260869 0.4801223241590214 0.40489130434782605 0.4663608562691131 0.39266304347826086 0.4648318042813456 0.3043478260869565 0.4908256880733945 0.3029891304347826 0.4977064220183486
53 0.4008152173913043 0.5061162079510704 0.42527173913043476 0.49923547400611623 0.4375 0.4908256880733945 0.42527173913043476 0.48547400611620795 0.4021739130434782 0.5007645259938838 0.4008152173913043 0.5061162079510704
53 0.44021739130434784 0.46712538226299694 0.46875 0.48088685015290517 0.5054347826086956 0.46712538226299694 0.5040760869565217 0.44571865443425074 0.5 0.44342507645259943 0.4646739130434782 0.44571865443425074 0.4375 0.4525993883792049 0.44021739130434784 0.46712538226299694
53 0.45516304347826086 0.4740061162079511 0.46739130434782605 0.48241590214067276 0.5054347826086956 0.4709480122324159 0.5040760869565217 0.4518348623853211 0.4646739130434782 0.4701834862385321 0.45652173913043476 0.4709480122324159 0.45516304347826086 0.4740061162079511
53 0.5407608695652174 0.45336391437308865 0.546195652173913 0.45642201834862384 0.5597826086956521 0.45565749235474007 0.595108695652174 0.44266055045871555 0.6019021739130435 0.43119266055045874 0.5692934782608695 0.4342507645259939 0.5665760869565217 0.4304281345565749 0.546195652173913 0.4304281345565749 0.5421195652173914 0.43348623853211005 0.5407608695652174 0.45336391437308865
53 0.5557065217391304 0.5451070336391437 0.546195652173913 0.5535168195718654 0.5489130434782609 0.5634556574923547 0.5557065217391304 0.5665137614678899 0.5747282608695652 0.5649847094801224 0.5991847826086956 0.49235474006116203 0.6317934782608695 0.46253822629969416 0.671195652173913 0.4388379204892966 0.671195652173913 0.422782874617737 0.686141304347826 0.4212538226299694 0.6875 0.4181957186544342 0.6684782608695652 0.418960244648318 0.6317934782608695 0.4342507645259939 0.5978260869565217 0.45642201834862384 0.577445652173913 0.47247706422018354 0.5543478260869565 0.5007645259938838 0.5475543478260869 0.5229357798165137 0.5557065217391304 0.5451070336391437
53 0.32065217391304346 0.39984709480122327 0.3464673913043478 0.4250764525993883 0.4171195652173913 0.4732415902140673 0.4266304347826087 0.4839449541284403 0.5190217391304348 0.5374617737003058 0.5366847826086956 0.5443425076452599 0.546195652173913 0.5412844036697247 0.5448369565217391 0.5282874617737002 0.47010869565217395 0.48853211009174313 0.37364130434782605 0.4143730886850153 0.34510869565217395 0.3837920489296636 0.3342391304347826 0.3814984709480122 0.32065217391304346 0.38990825688073394 0.32065217391304346 0.39984709480122327
53 0.12907608695652173 0.42966360856269115 0.13994565217391303 0.4327217125382263 0.18070652173913043 0.4319571865443425 0.21739130434782608 0.44266055045871555 0.27853260869565216 0.4541284403669724 0.35733695652173914 0.4571865443425076 0.38858695652173914 0.4525993883792049 0.3817934782608695 0.44571865443425074 0.3654891304347826 0.4388379204892966 0.27445652173913043 0.4319571865443425 0.20652173913043476 0.4166666666666667 0.13994565217391303 0.4128440366972477 0.1263586956521739 0.418960244648318 0.12907608695652173 0.42966360856269115
53 0.5434782608695652 0.42737003058103973 0.5570652173913043 0.4250764525993883 0.5679347826086956 0.4181957186544342 0.5597826086956521 0.4151376146788991 0.5434782608695652 0.41743119266055045 0.5434782608695652 0.42737003058103973
53 0.5 0.4151376146788991 0.4755434782608695 0.4235474006116208 0.39945652173913043 0.4319571865443425 0.4157608695652174 0.44571865443425074 0.4320652173913043 0.44877675840978587 0.4945652173913043 0.44036697247706424 0.5027173913043479 0.43654434250764523 0.5054347826086956 0.42737003058103973 0.501358695652174 0.4059633027522936 0.5 0.4151376146788991
53 0.07744565217391304 0.3318042813455657 0.08695652173913043 0.3348623853211009 0.16168478260869565 0.33103975535168195 0.19293478260869565 0.33256880733944955 0.2214673913043478 0.32874617737003053 0.33967391304347827 0.32874617737003053 0.38858695652173914 0.3226299694189602 0.4225543478260869 0.3226299694189602 0.5271739130434783 0.32492354740061163 0.6779891304347826 0.3425076452599388 0.6807065217391304 0.33868501529051986 0.671195652173913 0.3241590214067278 0.6358695652173914 0.31116207951070335 0.5529891304347826 0.3058103975535168 0.44972826086956524 0.30963302752293576 0.27853260869565216 0.3103975535168196 0.08016304347826086 0.32186544342507645 0.07744565217391304 0.3318042813455657
53 0.5448369565217391 0.41131498470948014 0.5720108695652174 0.4128440366972477 0.6467391304347826 0.3983180428134557 0.7092391304347826 0.39755351681957185 0.720108695652174 0.3906727828746177 0.7241847826086956 0.37920489296636084 0.720108695652174 0.3746177370030581 0.702445652173913 0.3723241590214067 0.671195652173913 0.37920489296636084 0.6644021739130435 0.3753822629969419 0.5679347826086956 0.3952599388379205 0.5570652173913043 0.38685015290519875 0.546195652173913 0.38990825688073394 0.5448369565217391 0.41131498470948014
53 0.5665760869565217 0.35550458715596334 0.5733695652173914 0.35932721712538224 0.5964673913043479 0.36009174311926606 0.6154891304347826 0.36544342507645255 0.6345108695652174 0.363914373088685 0.6521739130434783 0.36926605504587157 0.702445652173913 0.367737003058104 0.7078804347826086 0.3623853211009174 0.6915760869565217 0.3532110091743119 0.6752717391304348 0.35244648318042815 0.6657608695652174 0.34785932721712537 0.5815217391304348 0.345565749235474 0.5679347826086956 0.34785932721712537 0.5665760869565217 0.35550458715596334
53 0.15081521739130435 0.39143730886850153 0.1766304347826087 0.38837920489296635 0.18206521739130435 0.39143730886850153 0.19021739130434784 0.3814984709480122 0.2078804347826087 0.37155963302752293 0.22826086956521738 0.36850152905198774 0.24864130434782608 0.3562691131498471 0.27989130434782605 0.3570336391437309 0.28940217391304346 0.3486238532110092 0.27853260869565216 0.33715596330275227 0.2758152173913043 0.34174311926605505 0.2391304347826087 0.34174311926605505 0.1888586956521739 0.35856269113149847 0.1766304347826087 0.367737003058104 0.1480978260869565 0.3761467889908257 0.15081521739130435 0.39143730886850153
53 0.23641304347826084 0.41360856269113155 0.25407608695652173 0.4143730886850153 0.27717391304347827 0.39984709480122327 0.28940217391304346 0.3967889908256881 0.2934782608695652 0.3906727828746177 0.35733695652173914 0.3738532110091743 0.37635869565217395 0.3730886850152905 0.40760869565217395 0.36544342507645255 0.4171195652173913 0.36544342507645255 0.41983695652173914 0.3730886850152905 0.501358695652174 0.35932721712538224 0.5217391304347826 0.36162079510703365 0.5339673913043479 0.34938837920489296 0.5394021739130435 0.3486238532110092 0.5380434782608695 0.345565749235474 0.4796195652173913 0.3432721712538226 0.47010869565217395 0.3463302752293578 0.4320652173913043 0.345565749235474 0.32065217391304346 0.3516819571865443 0.3179347826086957 0.3730886850152905 0.28940217391304346 0.3761467889908257 0.28940217391304346 0.3845565749235474 0.28260869565217395 0.38837920489296635 0.2703804347826087 0.386085626911315 0.2622282608695652 0.3891437308868501 0.23641304347826084 0.40672782874617736 0.23641304347826084 0.41360856269113155
53 0.7703804347826086 0.37844036697247707 0.763586956521739 0.3830275229357798 0.7676630434782609 0.3837920489296636 0.7894021739130435 0.3730886850152905 0.7907608695652174 0.3662079510703364 0.7581521739130435 0.3723241590214067 0.7703804347826086 0.37844036697247707
53 0.21059782608695649 0.39143730886850153 0 0.3891437308868501 0 0.4029051987767584 0.08152173913043478 0.41055045871559626 0.22282608695652173 0.41131498470948014 0.25679347826086957 0.38990825688073394 0.23777173913043476 0.38837920489296635 0.21059782608695649 0.39143730886850153
53 0.5760869565217391 0.345565749235474 0.6019021739130435 0.3463302752293578 0.608695652173913 0.34174311926605505 0.595108695652174 0.33333333333333337 0.577445652173913 0.33103975535168195 0.5733695652173914 0.3348623853211009 0.5760869565217391 0.345565749235474
53 0.31657608695652173 0.345565749235474 0.358695652173913 0.3486238532110092 0.3695652173913043 0.35244648318042815 0.3804347826086957 0.3463302752293578 0.3872282608695652 0.3486238532110092 0.41440217391304346 0.3448012232415902 0.5366847826086956 0.3448012232415902 0.5529891304347826 0.34174311926605505 0.5625 0.33103975535168195 0.5529891304347826 0.327217125382263 0.514945652173913 0.3241590214067278 0.389945652173913 0.3241590214067278 0.34103260869565216 0.33715596330275227 0.3220108695652174 0.3379204892966361 0.3152173913043478 0.3348623853211009 0.31657608695652173 0.345565749235474
53 0.07608695652173912 0.3769113149847095 0.08152173913043478 0.3814984709480122 0.11820652173913042 0.386085626911315 0.1358695652173913 0.3837920489296636 0.14402173913043478 0.3761467889908257 0.11005434782608696 0.36926605504587157 0.07744565217391304 0.36926605504587157 0.07608695652173912 0.3769113149847095
53 0.6005434782608695 0.386085626911315 0.6059782608695652 0.38685015290519875 0.6154891304347826 0.3761467889908257 0.6019021739130435 0.3746177370030581 0.6005434782608695 0.386085626911315
53 0.40353260869565216 0.4120795107033639 0.4320652173913043 0.4128440366972477 0.4945652173913043 0.4051987767584098 0.5081521739130435 0.39220183486238536 0.5108695652173914 0.3799694189602446 0.44021739130434784 0.3906727828746177 0.40353260869565216 0.4013761467889908 0.40353260869565216 0.4120795107033639
53 0.37092391304347827 0.3983180428134557 0.37635869565217395 0.40214067278287463 0.3967391304347826 0.4013761467889908 0.4728260869565217 0.3830275229357798 0.5054347826086956 0.382262996941896 0.5122282608695652 0.3769113149847095 0.5135869565217391 0.3623853211009174 0.4904891304347826 0.36162079510703365 0.45652173913043476 0.3662079510703364 0.375 0.39143730886850153 0.37092391304347827 0.3983180428134557
53 0.546195652173913 0.4548929663608563 0.563858695652174 0.4525993883792049 0.6019021739130435 0.4388379204892966 0.6019021739130435 0.43119266055045874 0.5448369565217391 0.43119266055045874 0.546195652173913 0.4548929663608563
53 0.5434782608695652 0.45336391437308865 0.5706521739130435 0.44954128440366975 0.5815217391304348 0.4388379204892966 0.608695652173913 0.4388379204892966 0.6154891304347826 0.4319571865443425 0.626358695652174 0.43348623853211005 0.6358695652173914 0.4258409785932722 0.702445652173913 0.40825688073394495 0.7228260869565217 0.3891437308868501 0.75 0.3876146788990825 0.75 0.37920489296636084 0.6005434782608695 0.4097859327217125 0.5570652173913043 0.42431192660550454 0.5543478260869565 0.4304281345565749 0.5434782608695652 0.43119266055045874 0.5434782608695652 0.45336391437308865
53 0.28940217391304346 0.35397553516819574 0.297554347826087 0.367737003058104 0.297554347826087 0.3799694189602446 0.3505434782608695 0.4288990825688074 0.47690217391304346 0.5152905198776758 0.49864130434782605 0.5259938837920489 0.5108695652173914 0.5275229357798165 0.514945652173913 0.5344036697247707 0.5258152173913043 0.5397553516819571 0.5448369565217391 0.5420489296636085 0.5489130434782609 0.5389908256880733 0.5434782608695652 0.5275229357798165 0.4782608695652174 0.4954128440366972 0.4619565217391305 0.4801223241590214 0.4225543478260869 0.4541284403669724 0.358695652173913 0.39908256880733944 0.34510869565217395 0.3837920489296636 0.34510869565217395 0.3761467889908257 0.36141304347826086 0.3662079510703364 0.36277173913043476 0.35856269113149847 0.3342391304347826 0.363914373088685 0.327445652173913 0.3623853211009174 0.3179347826086957 0.35015290519877673 0.30027173913043476 0.34021406727828746 0.2921195652173913 0.3409785932721713 0.28940217391304346 0.35397553516819574
53 0.6929347826086956 0.3486238532110092 0.7078804347826086 0.35015290519877673 0.8002717391304348 0.3425076452599388 0.8192934782608695 0.3379204892966361 0.796195652173913 0.3318042813455657 0.6875 0.34021406727828746 0.6929347826086956 0.3486238532110092
53 0.39266304347826086 0.4250764525993883 0.39945652173913043 0.42966360856269115 0.42119565217391297 0.43119266055045874 0.43614130434782605 0.42660550458715596 0.501358695652174 0.418960244648318 0.5 0.40672782874617736 0.39266304347826086 0.41743119266055045 0.39266304347826086 0.4250764525993883
53 0.3505434782608695 0.38685015290519875 0.3654891304347826 0.39143730886850153 0.44972826086956524 0.36926605504587157 0.45516304347826086 0.36162079510703365 0.4375 0.35856269113149847 0.3491847826086957 0.3761467889908257 0.3505434782608695 0.38685015290519875
53 0.2595108695652174 0.4250764525993883 0.2730978260869565 0.4288990825688074 0.2758152173913043 0.41743119266055045 0.2622282608695652 0.42048929663608564 0.2595108695652174 0.4250764525993883
53 0.2391304347826087 0.459480122324159 0.24864130434782608 0.46559633027522934 0.2758152173913043 0.4525993883792049 0.25135869565217395 0.44954128440366975 0.24592391304347827 0.4525993883792049 0.2391304347826087 0.459480122324159
53 0.28532608695652173 0.4319571865443425 0.31385869565217395 0.4319571865443425 0.3233695652173913 0.4281345565749235 0.3192934782608695 0.418960244648318 0.3247282608695652 0.4097859327217125 0.3192934782608695 0.4029051987767584 0.30570652173913043 0.40672782874617736 0.28532608695652173 0.42431192660550454 0.28532608695652173 0.4319571865443425