6 0.6671875 0.6125 0.665625 0.5984375 0.6703125 0.5921875 0.678125 0.5875 0.6859375 0.5875 0.690625 0.5921875 0.6921875 0.5953125 0.690625 0.60625 0.684375 0.6125 0.678125 0.6140625 0.6765625 0.6171875 0.66875 0.6125
6 0.8609375 0.6671875 0.8671875 0.6734375 0.8671875 0.68125 0.8625 0.690625 0.853125 0.6984375 0.846875 0.6984375 0.8359375 0.690625 0.834375 0.678125 0.8453125 0.6671875 0.859375 0.6671875
6 0.928125 0.528125 0.9421875 0.528125 0.946875 0.534375 0.946875 0.55625 0.9421875 0.5625 0.9359375 0.56875 0.928125 0.5703125 0.9203125 0.56875 0.9171875 0.5671875 0.9140625 0.5578125 0.9171875 0.54375 0.925 0.5375 0.928125 0.5296875
6 0.603125 0.678125 0.6140625 0.6875 0.615625 0.7046875 0.6109375 0.7140625 0.6046875 0.7203125 0.5953125 0.725 0.5859375 0.7203125 0.584375 0.7171875 0.584375 0.6890625 0.59375 0.6796875 0.6015625 0.678125
6 0.70625 0.31875 0.7140625 0.3234375 0.7234375 0.334375 0.7265625 0.334375 0.7328125 0.3421875 0.7328125 0.346875 0.7234375 0.3546875 0.7203125 0.3546875 0.715625 0.3484375 0.70625 0.34375 0.7015625 0.34375 0.696875 0.3390625 0.6875 0.3359375 0.6875 0.328125 0.696875 0.31875 0.7046875 0.31875
6 0.834375 0.521875 0.8421875 0.5203125 0.8609375 0.521875 0.8703125 0.528125 0.8765625 0.5359375 0.8765625 0.5421875 0.8734375 0.546875 0.85625 0.5515625 0.834375 0.540625 0.83125 0.5359375 0.83125 0.5265625 0.834375 0.5234375
6 0.759375 0.4421875 0.7734375 0.434375 0.7890625 0.4359375 0.7921875 0.4421875 0.7890625 0.45625 0.784375 0.4609375 0.7796875 0.4609375 0.7765625 0.4640625 0.7609375 0.4640625 0.7578125 0.4609375 0.7546875 0.4484375 0.759375 0.44375
6 0.8625 0.60625 0.8671875 0.6125 0.8671875 0.6234375 0.8625 0.63125 0.853125 0.6390625 0.8421875 0.6390625 0.8359375 0.6328125 0.834375 0.6171875 0.8453125 0.60625 0.8515625 0.6046875 0.8609375 0.60625
6 0.815625 0.68125 0.8328125 0.69375 0.8390625 0.7046875 0.8375 0.7125 0.8328125 0.71875 0.828125 0.7171875 0.80625 0.69375 0.7984375 0.6890625 0.796875 0.684375 0.8 0.678125 0.8109375 0.678125 0.8140625 0.68125
6 0.8328125 0.44375 0.8421875 0.4484375 0.840625 0.45625 0.8265625 0.45625 0.8078125 0.465625 0.8 0.465625 0.7921875 0.459375 0.79375 0.453125 0.7984375 0.4484375 0.809375 0.4453125 0.8125 0.4421875 0.8296875 0.4421875 0.83125 0.44375
6 0.7875 0.578125 0.7921875 0.58125 0.8015625 0.5828125 0.8109375 0.5921875 0.8125 0.603125 0.80625 0.6125 0.7875 0.6125 0.771875 0.6015625 0.771875 0.596875 0.76875 0.5953125 0.7671875 0.5875 0.771875 0.58125 0.778125 0.578125 0.7859375 0.578125
6 0.7328125 0.5640625 0.7515625 0.5765625 0.7578125 0.5859375 0.7484375 0.59375 0.734375 0.596875 0.7234375 0.5921875 0.709375 0.5796875 0.709375 0.565625 0.7140625 0.5609375 0.7203125 0.559375 0.728125 0.5609375 0.73125 0.5640625
6 0.709375 0.490625 0.725 0.490625 0.740625 0.4953125 0.7484375 0.5 0.7515625 0.5078125 0.7484375 0.51875 0.7421875 0.521875 0.7125 0.5203125 0.7046875 0.5125 0.7015625 0.5046875 0.7046875 0.496875 0.709375 0.4921875
6 0.896875 0.703125 0.9 0.709375 0.8984375 0.7203125 0.89375 0.725 0.8828125 0.7265625 0.875 0.7171875 0.8765625 0.7109375 0.884375 0.7109375 0.8953125 0.7046875
6 0.878125 0.640625 0.8828125 0.646875 0.88125 0.6546875 0.875 0.6609375 0.8640625 0.6640625 0.84375 0.6640625 0.840625 0.6609375 0.840625 0.6515625 0.84375 0.65 0.84375 0.64375 0.8578125 0.6359375 0.871875 0.6359375 0.8765625 0.640625
6 0.9265625 0.4953125 0.9359375 0.5 0.9359375 0.503125 0.94375 0.5109375 0.946875 0.51875 0.946875 0.5234375 0.94375 0.5265625 0.9296875 0.525 0.925 0.5203125 0.921875 0.5203125 0.9171875 0.515625 0.9171875 0.5125 0.9125 0.509375 0.9109375 0.5 0.9171875 0.4953125 0.925 0.4953125
6 0.7578125 0.5984375 0.771875 0.6078125 0.771875 0.6171875 0.7703125 0.621875 0.7609375 0.6234375 0.753125 0.628125 0.74375 0.628125 0.7375 0.621875 0.7359375 0.6015625 0.740625 0.596875 0.75625 0.5984375
6 0.790625 0.6640625 0.796875 0.675 0.796875 0.678125 0.790625 0.6796875 0.7765625 0.678125 0.76875 0.671875 0.76875 0.6671875 0.7734375 0.6625 0.7890625 0.6640625
6 0.896875 0.3765625 0.9015625 0.375 0.9125 0.3765625 0.9203125 0.3875 0.9234375 0.396875 0.9234375 0.4078125 0.915625 0.415625 0.9046875 0.4171875 0.896875 0.4078125 0.8953125 0.3953125 0.896875 0.378125
6 0.578125 0.6515625 0.5921875 0.6625 0.59375 0.675 0.5921875 0.6796875 0.584375 0.6828125 0.5828125 0.6859375 0.578125 0.684375 0.575 0.675 0.575 0.65625 0.578125 0.653125
6 0.8421875 0.459375 0.8484375 0.46875 0.8484375 0.478125 0.8390625 0.484375 0.8328125 0.4921875 0.825 0.4953125 0.8125 0.4953125 0.8046875 0.4890625 0.80625 0.4734375 0.8125 0.4640625 0.8203125 0.459375 0.825 0.4578125 0.840625 0.459375
6 0.696875 0.321875 0.6984375 0.321875 0.696875 0.334375 0.7015625 0.3390625 0.70625 0.3390625 0.7078125 0.3359375 0.7125 0.334375 0.709375 0.3328125 0.70625 0.3234375 0.7125 0.325 0.71875 0.334375 0.728125 0.3390625 0.728125 0.34375 0.73125 0.3453125 0.7296875 0.3515625 0.73125 0.35625 0.728125 0.359375 0.7296875 0.3609375 0.7484375 0.3609375 0.7625 0.371875 0.765625 0.371875 0.775 0.3875 0.7875 0.39375 0.7921875 0.39375 0.796875 0.3984375 0.8015625 0.3984375 0.815625 0.4046875 0.8171875 0.409375 0.85 0.4078125 0.865625 0.3921875 0.8671875 0.3875 0.8734375 0.384375 0.875 0.3859375 0.8859375 0.3828125 0.8921875 0.384375 0.9 0.3765625 0.9109375 0.3765625 0.9234375 0.3953125 0.925 0.4 0.9234375 0.415625 0.9265625 0.421875 0.9328125 0.425 0.9421875 0.4359375 0.94375 0.4546875 0.940625 0.4578125 0.9421875 0.4625 0.9390625 0.4671875 0.946875 0.4734375 0.9546875 0.4875 0.9546875 0.5046875 0.9484375 0.5109375 0.9484375 0.515625 0.9515625 0.51875 0.95 0.521875 0.9515625 0.528125 0.946875 0.5328125 0.9515625 0.54375 0.946875 0.5671875 0.9484375 0.571875 0.94375 0.571875 0.940625 0.578125 0.9421875 0.5796875 0.946875 0.578125 0.95625 0.5828125 0.9578125 0.603125 0.9515625 0.6125 0.9484375 0.6125 0.9453125 0.6171875 0.9375 0.6203125 0.9359375 0.6234375 0.9375 0.628125 0.928125 0.6453125 0.9265625 0.66875 0.9125 0.6875 0.9046875 0.69375 0.9046875 0.703125 0.9 0.70625 0.9015625 0.7078125 0.9 0.7171875 0.8953125 0.7234375 0.8828125 0.7265625 0.8734375 0.7375 0.871875 0.740625 0.8734375 0.7515625 0.8671875 0.76875 0.8625 0.7734375 0.8578125 0.7734375 0.8515625 0.778125 0.834375 0.7796875 0.8328125 0.778125 0.8390625 0.7640625 0.8375 0.7515625 0.8390625 0.7390625 0.834375 0.73125 0.83125 0.71875 0.8234375 0.7109375 0.821875 0.70625 0.8015625 0.6890625 0.75625 0.665625 0.7265625 0.6609375 0.7046875 0.6609375 0.6984375 0.6625 0.696875 0.665625 0.6625 0.6640625 0.6546875 0.6765625 0.6515625 0.6765625 0.6359375 0.6875 0.628125 0.6875 0.6203125 0.6921875 0.615625 0.6875 0.6125 0.6921875 0.6125 0.696875 0.609375 0.6921875 0.6125 0.6859375 0.6109375 0.68125 0.6046875 0.6828125 0.596875 0.678125 0.59375 0.6859375 0.6 0.6890625 0.5875 0.6921875 0.584375 0.690625 0.578125 0.6796875 0.578125 0.665625 0.578125 0.66875 0.5828125 0.6734375 0.5921875 0.6734375 0.5953125 0.6609375 0.5984375 0.6640625 0.6015625 0.6609375 0.59375 0.653125 0.5953125 0.6515625 0.5984375 0.65625 0.6046875 0.6515625 0.6125 0.65 0.6109375 0.64375 0.6125 0.61875 0.6171875 0.60625 0.615625 0.5890625 0.61875 0.5765625 0.625 0.5609375 0.63125 0.55625 0.646875 0.525 0.65625 0.5203125 0.65625 0.515625 0.6609375 0.50625 0.6609375 0.4875 0.665625 0.4796875 0.671875 0.475 0.6703125 0.453125 0.675 0.4421875 0.671875 0.440625 0.671875 0.4203125 0.6734375 0.41875 0.6703125 0.403125 0.665625 0.39375 0.6671875 0.3828125 0.6609375 0.378125 0.6546875 0.3671875 0.646875 0.3625 0.6421875 0.3546875 0.6296875 0.3484375 0.6234375 0.3421875 0.6234375 0.3375 0.6265625 0.334375 0.6328125 0.3359375 0.6453125 0.334375 0.6484375 0.3390625 0.6546875 0.3390625 0.65625 0.3421875 0.671875 0.34375 0.678125 0.3390625 0.684375 0.3390625 0.6875 0.3359375 0.6875 0.33125 0.6953125 0.3234375
6 0.8015625 0.5453125 0.8109375 0.5546875 0.8109375 0.571875 0.803125 0.5796875 0.79375 0.578125 0.7859375 0.5703125 0.7859375 0.5640625 0.7921875 0.5484375 0.7953125 0.5453125 0.8 0.5453125
6 0.9125 0.4546875 0.9234375 0.4625 0.9265625 0.4671875 0.9265625 0.484375 0.9234375 0.4890625 0.9078125 0.4890625 0.896875 0.475 0.8953125 0.4671875 0.896875 0.459375 0.9046875 0.453125 0.9109375 0.4546875
6 0.72109375 0.62265625 0.0296875 0.02265625
6 0.709375 0.425 0.7140625 0.4234375 0.73125 0.425 0.7390625 0.4359375 0.7390625 0.446875 0.7359375 0.4546875 0.728125 0.4609375 0.721875 0.4609375 0.7125 0.45625 0.7046875 0.446875 0.7046875 0.4359375 0.709375 0.4265625
6 0.7515625 0.41875 0.759375 0.421875 0.759375 0.4296875 0.7484375 0.4359375 0.740625 0.434375 0.7390625 0.425 0.740625 0.4203125 0.75 0.41875
6 0.69375 0.4359375 0.7 0.440625 0.7015625 0.4453125 0.7 0.453125 0.690625 0.4671875 0.678125 0.4734375 0.6703125 0.471875 0.66875 0.46875 0.6703125 0.4515625 0.6734375 0.446875 0.678125 0.4453125 0.678125 0.4421875 0.6921875 0.4359375
6 0.90625 0.609375 0.9125 0.6078125 0.921875 0.5984375 0.9265625 0.5984375 0.93125 0.603125 0.93125 0.6125 0.9265625 0.6234375 0.9234375 0.628125 0.9203125 0.628125 0.9125 0.634375 0.90625 0.6328125 0.896875 0.61875 0.896875 0.6140625 0.9046875 0.6140625 0.90625 0.6109375
6 0.8453125 0.571875 0.85625 0.5765625 0.8640625 0.5875 0.8640625 0.5984375 0.85625 0.603125 0.83125 0.6015625 0.821875 0.5953125 0.8140625 0.5828125 0.815625 0.5765625 0.825 0.5703125 0.8421875 0.5703125 0.84375 0.571875
6 0.8640625 0.703125 0.865625 0.70625 0.8640625 0.721875 0.853125 0.7328125 0.8453125 0.7359375 0.8375 0.7359375 0.8328125 0.7265625 0.8328125 0.721875 0.840625 0.70625 0.8515625 0.7 0.859375 0.7 0.8625 0.703125
6 0.89375 0.5 0.9015625 0.5078125 0.903125 0.5125 0.8984375 0.5203125 0.8875 0.53125 0.8828125 0.5328125 0.875 0.53125 0.8671875 0.521875 0.871875 0.5171875 0.8734375 0.50625 0.878125 0.5 0.8921875 0.5
6 0.625 0.559375 0.63125 0.559375 0.634375 0.5625 0.6375 0.56875 0.640625 0.5703125 0.6453125 0.584375 0.64375 0.5953125 0.6359375 0.6015625 0.625 0.603125 0.615625 0.5984375 0.615625 0.5875 0.6203125 0.56875 0.625 0.5609375
6 0.809375 0.4140625 0.8109375 0.4296875 0.803125 0.434375 0.7921875 0.4328125 0.7875 0.428125 0.7875 0.421875 0.79375 0.4140625 0.8015625 0.4125 0.8078125 0.4140625
6 0.86875 0.7421875 0.8703125 0.746875 0.86875 0.7671875 0.8640625 0.7734375 0.846875 0.78125 0.8328125 0.78125 0.828125 0.778125 0.834375 0.7640625 0.834375 0.75 0.840625 0.7421875 0.8484375 0.7421875 0.853125 0.7390625 0.8671875 0.7421875
6 0.7453125 0.3625 0.75625 0.371875 0.759375 0.371875 0.7640625 0.3796875 0.7640625 0.3859375 0.7609375 0.3921875 0.75 0.3953125 0.734375 0.3953125 0.725 0.3921875 0.71875 0.3875 0.715625 0.38125 0.715625 0.3703125 0.71875 0.365625 0.7296875 0.3625 0.74375 0.3625
6 0.94375 0.471875 0.953125 0.48125 0.9546875 0.4890625 0.953125 0.503125 0.946875 0.509375 0.9421875 0.5078125 0.93125 0.49375 0.928125 0.48125 0.9296875 0.4703125 0.9421875 0.471875
6 0.8640625 0.40625 0.871875 0.409375 0.875 0.4140625 0.8734375 0.4234375 0.865625 0.428125 0.84375 0.4171875 0.8453125 0.409375 0.8625 0.40625
6 0.7140625 0.5859375 0.721875 0.5921875 0.728125 0.603125 0.71875 0.6125 0.70625 0.61875 0.6984375 0.6171875 0.69375 0.6109375 0.6953125 0.596875 0.7015625 0.5875 0.7125 0.5859375
6 0.6671875 0.403125 0.6625 0.3921875 0.6609375 0.384375 0.6625 0.38125 0.6703125 0.38125 0.675 0.3828125 0.6765625 0.3859375 0.6765625 0.396875 0.671875 0.403125 0.66875 0.403125
6 0.709375 0.4625 0.7234375 0.4625 0.734375 0.46875 0.7421875 0.4796875 0.7421875 0.4859375 0.7390625 0.4890625 0.721875 0.4890625 0.715625 0.484375 0.709375 0.484375 0.7046875 0.478125 0.7046875 0.46875 0.709375 0.4640625
6 0.6890625 0.4 0.6984375 0.4046875 0.703125 0.4046875 0.7078125 0.409375 0.7078125 0.4203125 0.696875 0.4265625 0.6875 0.4265625 0.6796875 0.4234375 0.6703125 0.4125 0.6703125 0.40625 0.6765625 0.4 0.6875 0.4
6 0.828125 0.6140625 0.83125 0.61875 0.834375 0.640625 0.83125 0.646875 0.825 0.6515625 0.825 0.6546875 0.8171875 0.6546875 0.8125 0.65 0.80625 0.6375 0.80625 0.63125 0.8125 0.6140625 0.8171875 0.6125 0.8265625 0.6140625
6 0.9171875 0.6390625 0.9265625 0.64375 0.9265625 0.6609375 0.91875 0.6765625 0.915625 0.678125 0.9109375 0.6765625 0.90625 0.6671875 0.9 0.665625 0.90625 0.6453125 0.909375 0.640625 0.915625 0.640625
6 0.69375 0.5546875 0.7015625 0.5609375 0.703125 0.571875 0.696875 0.5796875 0.684375 0.5828125 0.675 0.5796875 0.671875 0.575 0.6703125 0.5609375 0.678125 0.5546875 0.6921875 0.5546875
6 0.890625 0.41875 0.8984375 0.4203125 0.9046875 0.425 0.903125 0.45 0.89375 0.4578125 0.878125 0.45625 0.8734375 0.45 0.871875 0.4328125 0.875 0.425 0.88125 0.4203125 0.8890625 0.4203125
6 0.8953125 0.6234375 0.9046875 0.634375 0.9046875 0.6515625 0.9015625 0.659375 0.8953125 0.665625 0.8796875 0.665625 0.878125 0.6640625 0.878125 0.659375 0.884375 0.653125 0.884375 0.646875 0.8765625 0.6359375 0.8796875 0.6265625 0.884375 0.621875 0.89375 0.6234375
6 0.865625 0.446875 0.8734375 0.453125 0.875 0.4609375 0.8734375 0.465625 0.859375 0.478125 0.853125 0.4765625 0.8453125 0.45625 0.846875 0.453125 0.8515625 0.453125 0.8640625 0.446875
6 0.646875 0.653125 0.6578125 0.6640625 0.6578125 0.671875 0.6546875 0.6765625 0.6375 0.6875 0.621875 0.6875 0.615625 0.68125 0.615625 0.6671875 0.625 0.65625 0.634375 0.653125 0.6453125 0.653125
6 0.9453125 0.6 0.02890625 0.04453125
6 0.640625 0.3328125 0.6484375 0.334375 0.659375 0.3421875 0.65625 0.3484375 0.6484375 0.35 0.6453125 0.353125 0.6375 0.353125 0.6296875 0.35 0.6203125 0.34375 0.6171875 0.3390625 0.6171875 0.334375 0.6390625 0.3328125
6 0.875 0.3859375 0.884375 0.3875 0.8890625 0.39375 0.8875 0.4015625 0.88125 0.40625 0.865625 0.40625 0.85625 0.403125 0.85625 0.3984375 0.8703125 0.384375 0.8734375 0.3859375
6 0.6859375 0.340625 0.7078125 0.3453125 0.7125 0.35 0.715625 0.35 0.71875 0.359375 0.7171875 0.3625 0.715625 0.3640625 0.6921875 0.3640625 0.6859375 0.359375 0.68125 0.359375 0.675 0.353125 0.671875 0.3453125 0.6765625 0.3421875 0.684375 0.3421875
6 0.6671875 0.521875 0.6765625 0.528125 0.6796875 0.5328125 0.6796875 0.540625 0.6765625 0.546875 0.6625 0.553125 0.6390625 0.553125 0.6359375 0.55 0.6359375 0.5421875 0.6484375 0.521875 0.665625 0.521875
6 0.7 0.4828125 0.70625 0.484375 0.7078125 0.490625 0.696875 0.509375 0.6875 0.509375 0.6828125 0.503125 0.6828125 0.4953125 0.690625 0.484375 0.6984375 0.4828125
6 0.8546875 0.48125 0.8640625 0.4859375 0.871875 0.50625 0.8703125 0.5171875 0.8640625 0.521875 0.8515625 0.5203125 0.8453125 0.5171875 0.834375 0.503125 0.834375 0.490625 0.8421875 0.484375 0.853125 0.48125
6 0.65625 0.3609375 0.665625 0.35625 0.6765625 0.35625 0.684375 0.365625 0.6796875 0.375 0.675 0.378125 0.6625 0.3796875 0.6546875 0.3703125 0.65625 0.3625
6 0.8875 0.5671875 0.8953125 0.5703125 0.90625 0.58125 0.915625 0.584375 0.9171875 0.5890625 0.915625 0.6015625 0.9109375 0.60625 0.90625 0.60625 0.9015625 0.609375 0.8859375 0.60625 0.8765625 0.6015625 0.865625 0.5921875 0.8640625 0.5859375 0.865625 0.5765625 0.8734375 0.5703125 0.8859375 0.5671875
6 0.8890625 0.465625 0.8953125 0.475 0.8953125 0.4859375 0.884375 0.4984375 0.875 0.4984375 0.86875 0.4890625 0.86875 0.4796875 0.878125 0.46875 0.8875 0.465625
6 0.9015625 0.66875 0.9109375 0.678125 0.909375 0.6859375 0.9046875 0.6890625 0.9046875 0.6921875 0.8953125 0.703125 0.8921875 0.703125 0.884375 0.709375 0.875 0.709375 0.865625 0.703125 0.865625 0.7 0.8625 0.6984375 0.8625 0.69375 0.86875 0.6828125 0.8703125 0.6734375 0.878125 0.66875 0.890625 0.6671875 0.9 0.66875
6 0.75625 0.5375 0.76875 0.5453125 0.7734375 0.55625 0.7734375 0.5671875 0.7703125 0.571875 0.7640625 0.575 0.7546875 0.575 0.7484375 0.56875 0.7453125 0.56875 0.7359375 0.5578125 0.7328125 0.55 0.73125 0.54375 0.740625 0.534375 0.7484375 0.534375 0.7546875 0.5375
6 0.928125 0.421875 0.93125 0.425 0.9359375 0.425 0.9359375 0.428125 0.940625 0.43125 0.9453125 0.440625 0.9453125 0.4515625 0.9421875 0.45625 0.9375 0.4578125 0.9234375 0.45625 0.9171875 0.4515625 0.9171875 0.4484375 0.9109375 0.4421875 0.9109375 0.4328125 0.9140625 0.425 0.91875 0.421875 0.9265625 0.421875
6 0.8234375 0.5265625 0.828125 0.5296875 0.8296875 0.5375 0.8328125 0.540625 0.8328125 0.546875 0.8265625 0.553125 0.81875 0.5546875 0.8140625 0.5546875 0.8078125 0.55 0.8046875 0.54375 0.8046875 0.5375 0.80625 0.5328125 0.8125 0.528125 0.821875 0.5265625
6 0.76875 0.3953125 0.7796875 0.3984375 0.784375 0.4078125 0.784375 0.4125 0.7796875 0.41875 0.775 0.4203125 0.759375 0.41875 0.753125 0.4125 0.753125 0.40625 0.75625 0.4015625 0.7609375 0.396875 0.7671875 0.3953125
6 0.790625 0.46875 0.8015625 0.48125 0.8015625 0.4890625 0.790625 0.496875 0.7734375 0.4921875 0.765625 0.4859375 0.7640625 0.48125 0.771875 0.4703125 0.7890625 0.46875
6 0.7578125 0.50625 0.7640625 0.5046875 0.7765625 0.50625 0.7859375 0.5296875 0.784375 0.534375 0.775 0.540625 0.76875 0.5375 0.7625 0.5375 0.753125 0.53125 0.75 0.5265625 0.75 0.51875 0.7578125 0.5078125
6 0.8046875 0.49375 0.8171875 0.5 0.821875 0.5078125 0.821875 0.5203125 0.8109375 0.525 0.7984375 0.5203125 0.7921875 0.5140625 0.790625 0.509375 0.7921875 0.5 0.796875 0.4953125 0.803125 0.49375
6 0.865625 0.71875 0.871875 0.7265625 0.8703125 0.7390625 0.865625 0.740625 0.853125 0.7390625 0.8546875 0.73125 0.865625 0.7203125
6 0.6921875 0.6140625 0.7078125 0.625 0.7078125 0.628125 0.7171875 0.6390625 0.7171875 0.65 0.7140625 0.6546875 0.703125 0.659375 0.6890625 0.6546875 0.6828125 0.65 0.675 0.6375 0.675 0.6265625 0.678125 0.61875 0.6828125 0.6140625 0.690625 0.6140625
6 0.8171875 0.4203125 0.8234375 0.4171875 0.8375 0.4171875 0.85625 0.425 0.8640625 0.43125 0.8640625 0.4421875 0.8609375 0.4453125 0.8421875 0.446875 0.8296875 0.440625 0.825 0.440625 0.815625 0.4296875 0.8171875 0.421875
6 0.615625 0.6109375 0.6296875 0.6140625 0.6375 0.6234375 0.640625 0.6328125 0.6390625 0.6390625 0.6296875 0.646875 0.615625 0.646875 0.6109375 0.64375 0.609375 0.6375 0.6109375 0.6359375 0.6109375 0.61875 0.615625 0.6125
6 0.90625 0.5109375 0.9125 0.5125 0.91875 0.51875 0.9234375 0.528125 0.9203125 0.5375 0.909375 0.546875 0.89375 0.546875 0.8859375 0.5375 0.8859375 0.534375 0.896875 0.5234375 0.8984375 0.51875 0.90625 0.5125
6 0.7734375 0.625 0.778125 0.634375 0.7734375 0.64375 0.765625 0.65 0.7515625 0.65 0.7453125 0.6359375 0.7484375 0.6296875 0.7609375 0.625 0.76875 0.6234375 0.771875 0.625
6 0.684375 0.6515625 0.696875 0.6609375 0.696875 0.665625 0.6890625 0.6671875 0.6765625 0.665625 0.6671875 0.6546875 0.66875 0.6453125 0.6765625 0.6453125 0.6828125 0.6515625
26 0.05842391304347826 0.4491525423728813 0.06793478260869565 0.4782082324455206 0.07201086956521739 0.4721549636803874 0.20923913043478262 0.4733656174334141 0.24864130434782608 0.44309927360774815 0.27445652173913043 0.46246973365617433 0.2717391304347826 0.46973365617433416 0.2866847826086957 0.49031476997578693 0.3247282608695652 0.5024213075060533 0.35190217391304346 0.5266343825665859 0.3668478260869565 0.5326876513317191 0.42527173913043476 0.5012106537530265 0.42391304347826086 0.49031476997578693 0.42934782608695654 0.48426150121065376 0.40760869565217395 0.37409200968523 0.41440217391304346 0.3353510895883777 0.4171195652173913 0.32082324455205813 0.4279891304347826 0.3171912832929782 0.4415760869565217 0.2966101694915254 0.4429347826086956 0.28450363196125905 0.46739130434782605 0.26755447941888616 0.4578804347826087 0.261501210653753 0.45516304347826086 0.25060532687651327 0.42391304347826086 0.2542372881355932 0.3654891304347826 0.2772397094430993 0.29891304347826086 0.29539951573849876 0.28804347826086957 0.3026634382566586 0.1875 0.32687651331719125 0.17255434782608697 0.32687651331719125 0.1576086956521739 0.3196125907990315 0.1644021739130435 0.2857142857142857 0.12092391304347824 0.2941888619854721 0.09510869565217392 0.3171912832929782 0.08423913043478261 0.3353510895883777 0.05842391304347826 0.41041162227602906 0.05842391304347826 0.4491525423728813
50 0.5828804347826086 0.7820823244552058 0.5855978260869565 0.8317191283292977 0.6059782608695652 0.8861985472154963 0.6290760869565217 0.9043583535108958 0.6807065217391304 0.910411622276029 0.71875 0.8898305084745763 0.7717391304347826 0.8450363196125907 0.8247282608695652 0.7784503631961259 0.8328804347826086 0.7336561743341404 0.8152173913043479 0.7033898305084746 0.7676630434782609 0.6743341404358353 0.7404891304347826 0.6658595641646489 0.7105978260869565 0.6646489104116222 0.6671195652173914 0.6731234866828087 0.6508152173913043 0.6815980629539952 0.5896739130434783 0.7469733656174334 0.5828804347826086 0.7820823244552058
48 0.529891304347826 0.22154963680387407 0.5529891304347826 0.23002421307506055 0.5706521739130435 0.2457627118644068 0.5760869565217391 0.2651331719128329 0.5842391304347826 0.2736077481840194 0.6440217391304348 0.28450363196125905 0.702445652173913 0.31234866828087166 0.8002717391304348 0.3934624697336562 0.8247282608695652 0.40314769975786924 0.84375 0.40314769975786924 0.8546195652173912 0.39951573849878935 0.8641304347826086 0.387409200968523 0.8695652173913043 0.3765133171912833 0.8695652173913043 0.35108958837772397 0.8654891304347826 0.3353510895883777 0.8519021739130433 0.31598062953995154 0.7894021739130435 0.25786924939467315 0.717391304347826 0.2154963680387409 0.6739130434782609 0.20096852300242132 0.6005434782608695 0.1937046004842615 0.563858695652174 0.19975786924939468 0.5285326086956521 0.21670702179176754 0.529891304347826 0.22154963680387407
5 0.42119565217391297 0.4116222760290557 0.42934782608695654 0.4322033898305085 0.4279891304347826 0.4455205811138015 0.43885869565217395 0.45641646489104115 0.4375 0.5145278450363195 0.4429347826086956 0.5217917675544794 0.43478260869565216 0.5290556900726392 0.43478260869565216 0.5569007263922517 0.5122282608695652 0.6949152542372882 0.514945652173913 0.7191283292978208 0.546195652173913 0.7445520581113801 0.5665760869565217 0.74818401937046 0.5760869565217391 0.7263922518159805 0.5706521739130435 0.6452784503631961 0.6019021739130435 0.639225181598063 0.6141304347826086 0.576271186440678 0.654891304347826 0.5060532687651331 0.657608695652174 0.4818401937046005 0.6671195652173914 0.463680387409201 0.6671195652173914 0.40920096852300236 0.6589673913043479 0.38256658595641646 0.6440217391304348 0.3631961259079903 0.6154891304347826 0.34019370460048426 0.595108695652174 0.31234866828087166 0.5828804347826086 0.2796610169491526 0.5692934782608695 0.2639225181598063 0.5665760869565217 0.24455205811138012 0.5529891304347826 0.2336561743341404 0.5285326086956521 0.22518159806295399 0.514945652173913 0.2263922518159806 0.45244565217391297 0.2893462469733656 0.41983695652173914 0.3389830508474576 0.42119565217391297 0.4116222760290557
5 0.4171195652173913 0.40072639225181594 0.43478260869565216 0.5 0.4320652173913043 0.5375302663438257 0.4171195652173913 0.5774818401937046 0.42934782608695654 0.6162227602905569 0.4266304347826087 0.6476997578692494 0.45244565217391297 0.6731234866828087 0.48233695652173914 0.6912832929782082 0.49184782608695654 0.6658595641646489 0.4932065217391304 0.6428571428571429 0.4755434782608695 0.6138014527845036 0.4728260869565217 0.5326876513317191 0.44565217391304346 0.45036319612590797 0.43478260869565216 0.3946731234866828 0.43478260869565216 0.364406779661017 0.4538043478260869 0.33777239709443097 0.45652173913043476 0.3220338983050847 0.4619565217391305 0.32082324455205813 0.45516304347826086 0.30871670702179177 0.4578804347826087 0.2929782082324455 0.46875 0.2893462469733656 0.46603260869565216 0.28087167070217917 0.44565217391304346 0.29539951573849876 0.4171195652173913 0.34261501210653755 0.4171195652173913 0.40072639225181594
54 0.21059782608695649 0.06900726392251816 0.20516304347826084 0.07990314769975787 0.1793478260869565 0.2566585956416465 0.16168478260869565 0.3135593220338983 0.17255434782608697 0.324455205811138 0.23641304347826084 0.3135593220338983 0.4171195652173913 0.25302663438256656 0.44021739130434784 0.24939467312348668 0.5380434782608695 0.20460048426150118 0.5760869565217391 0.1937046004842615 0.6114130434782609 0.1731234866828087 0.6779891304347826 0.15738498789346247 0.6902173913043479 0.14769975786924938 0.6779891304347826 0.1198547215496368 0.6616847826086956 0.10169491525423728 0.638586956521739 0.09079903147699757 0.6141304347826086 0.09079903147699757 0.5855978260869565 0.0774818401937046 0.5217391304347826 0.06658595641646489 0.4619565217391305 0.04963680387409201 0.3192934782608695 0.0387409200968523 0.24864130434782608 0.013317191283292978 0.21059782608695649 0.024213075060532687 0.20516304347826084 0.03389830508474576 0.21059782608695649 0.06900726392251816
15 0.26358695652173914 0.5121065375302664 0.2717391304347826 0.5338983050847458 0.28260869565217395 0.5411622276029056 0.296195652173913 0.5423728813559322 0.3179347826086957 0.5569007263922517 0.31657608695652173 0.585956416464891 0.32065217391304346 0.5883777239709442 0.3342391304347826 0.576271186440678 0.34375 0.5811138014527846 0.3559782608695652 0.5738498789346247 0.36820652173913043 0.5484261501210653 0.36820652173913043 0.5423728813559322 0.358695652173913 0.5338983050847458 0.30978260869565216 0.5 0.28804347826086957 0.4939467312348668 0.264945652173913 0.5 0.26358695652173914 0.5121065375302664
15 0.09103260869565218 0.513317191283293 0.11277173913043478 0.5532687651331719 0.13722826086956522 0.5375302663438257 0.11141304347826086 0.486682808716707 0.10597826086956522 0.48305084745762705 0.09782608695652174 0.486682808716707 0.09103260869565218 0.513317191283293
15 0.06929347826086957 0.6138014527845036 0.07744565217391304 0.6210653753026635 0.10054347826086955 0.6283292978208233 0.11413043478260869 0.6283292978208233 0.12092391304347824 0.62227602905569 0.12092391304347824 0.6041162227602905 0.10461956521739131 0.5907990314769975 0.08152173913043478 0.5823244552058111 0.07201086956521739 0.5944309927360775 0.06929347826086957 0.6138014527845036
15 0.24592391304347827 0.6380145278450363 0.25 0.6440677966101694 0.26766304347826086 0.6380145278450363 0.3029891304347826 0.6065375302663438 0.3016304347826087 0.6004842615012106 0.28532608695652173 0.589588377723971 0.2554347826086957 0.5907990314769975 0.24864130434782608 0.5956416464891041 0.24592391304347827 0.6380145278450363
15 0.13858695652173914 0.7300242130750605 0.14945652173913043 0.7348668280871671 0.18070652173913043 0.7191283292978208 0.18206521739130435 0.711864406779661 0.1576086956521739 0.6598062953995157 0.1467391304347826 0.6573849878934624 0.14130434782608697 0.6646489104116222 0.13858695652173914 0.7300242130750605
15 0.07608695652173912 0.6815980629539952 0.09510869565217392 0.6949152542372882 0.09782608695652174 0.757869249394673 0.10326086956521738 0.761501210653753 0.13179347826086957 0.761501210653753 0.13451086956521738 0.6755447941888619 0.12364130434782608 0.6610169491525424 0.11005434782608696 0.6646489104116222 0.07744565217391304 0.6622276029055689 0.07608695652173912 0.6815980629539952
15 0.2078804347826087 0.4782082324455206 0.21739130434782608 0.4915254237288136 0.2391304347826087 0.5 0.2622282608695652 0.49878934624697335 0.27989130434782605 0.48789346246973364 0.27853260869565216 0.4782082324455206 0.26902173913043476 0.4721549636803874 0.2703804347826087 0.4600484261501211 0.29483695652173914 0.4455205811138015 0.264945652173913 0.4309927360774818 0.22010869565217392 0.4661016949152542 0.2078804347826087 0.4782082324455206
15 0.34375 0.6295399515738499 0.3695652173913043 0.635593220338983 0.4021739130434782 0.6343825665859564 0.4157608695652174 0.6077481840193705 0.41440217391304346 0.5786924939467312 0.40760869565217395 0.5738498789346247 0.3872282608695652 0.5738498789346247 0.36141304347826086 0.6077481840193705 0.34239130434782605 0.6162227602905569 0.34375 0.6295399515738499
15 0.16304347826086957 0.5883777239709442 0.18206521739130435 0.6029055690072639 0.19157608695652173 0.6041162227602905 0.20380434782608697 0.5944309927360775 0.23777173913043476 0.5883777239709442 0.2296195652173913 0.5799031476997578 0.19429347826086957 0.5653753026634383 0.16576086956521738 0.5605326876513317 0.15896739130434784 0.5665859564164648 0.16304347826086957 0.5883777239709442
15 0.15896739130434784 0.5338983050847458 0.17391304347826086 0.5338983050847458 0.18206521739130435 0.5242130750605327 0.17527173913043476 0.5012106537530265 0.16847826086956522 0.49757869249394676 0.15489130434782608 0.5072639225181599 0.15896739130434784 0.5338983050847458
15 0.13994565217391303 0.761501210653753 0.16032608695652173 0.7736077481840193 0.1956521739130435 0.7602905569007263 0.19972826086956522 0.7360774818401936 0.19293478260869565 0.7300242130750605 0.1779891304347826 0.728813559322034 0.14130434782608697 0.7421307506053268 0.13994565217391303 0.761501210653753
15 0.1956521739130435 0.7687651331719129 0.20244565217391303 0.7760290556900726 0.23369565217391303 0.7990314769975787 0.25815217391304346 0.7953995157384988 0.27717391304347827 0.7360774818401936 0.2622282608695652 0.7348668280871671 0.23369565217391303 0.7445520581113801 0.19972826086956522 0.7651331719128329 0.1956521739130435 0.7687651331719129
15 0.25815217391304346 0.6731234866828087 0.2730978260869565 0.6755447941888619 0.27989130434782605 0.6876513317191283 0.29891304347826086 0.6694915254237288 0.30842391304347827 0.6501210653753027 0.30027173913043476 0.6428571428571429 0.2866847826086957 0.6416464891041163 0.2703804347826087 0.648910411622276 0.2608695652173913 0.6610169491525424 0.25815217391304346 0.6731234866828087
15 0.1644021739130435 0.5460048426150121 0.17527173913043476 0.5581113801452784 0.19972826086956522 0.562953995157385 0.21739130434782608 0.5532687651331719 0.22826086956521738 0.5375302663438257 0.2296195652173913 0.5254237288135594 0.22690217391304346 0.5181598062953995 0.21331521739130435 0.5108958837772397 0.1671195652173913 0.5387409200968523 0.1644021739130435 0.5460048426150121
15 0.09239130434782608 0.576271186440678 0.10190217391304349 0.585956416464891 0.15081521739130435 0.5883777239709442 0.1576086956521739 0.5835351089588378 0.13722826086956522 0.5423728813559322 0.11548913043478262 0.5508474576271186 0.09375 0.5690072639225181 0.09239130434782608 0.576271186440678
15 0.18478260869565216 0.6949152542372882 0.1983695652173913 0.7203389830508474 0.22690217391304346 0.7203389830508474 0.25135869565217395 0.711864406779661 0.25 0.6997578692493946 0.23505434782608697 0.6815980629539952 0.21059782608695649 0.6731234866828087 0.18614130434782608 0.6815980629539952 0.18478260869565216 0.6949152542372882
15 0.2717391304347826 0.5544794188861986 0.2866847826086957 0.5871670702179177 0.31114130434782605 0.6113801452784504 0.327445652173913 0.6150121065375302 0.33016304347826086 0.6113801452784504 0.3192934782608695 0.5907990314769975 0.3152173913043478 0.5593220338983051 0.296195652173913 0.5423728813559322 0.28260869565217395 0.5423728813559322 0.2758152173913043 0.5472154963680388 0.2717391304347826 0.5544794188861986
15 0.18614130434782608 0.6537530266343825 0.20244565217391303 0.6646489104116222 0.2323369565217391 0.6731234866828087 0.24184782608695649 0.6719128329297821 0.24592391304347827 0.6658595641646489 0.24728260869565216 0.6513317191283293 0.2214673913043478 0.6331719128329298 0.20652173913043476 0.6319612590799031 0.18342391304347824 0.6404358353510895 0.18614130434782608 0.6537530266343825
15 0.04755434782608696 0.62590799031477 0.059782608695652176 0.6404358353510895 0.09510869565217392 0.738498789346247 0.09646739130434782 0.7542372881355932 0.10461956521739131 0.761501210653753 0.12432065217391304 0.7602905569007263 0.15353260869565216 0.774818401937046 0.16304347826086957 0.7881355932203389 0.1793478260869565 0.7941888619854721 0.21059782608695649 0.8196125907990315 0.2214673913043478 0.8232445520581114 0.23505434782608697 0.8208232445520581 0.24184782608695649 0.8002421307506052 0.2595108695652174 0.7929782082324455 0.28532608695652173 0.7046004842615012 0.31114130434782605 0.6803874092009685 0.3192934782608695 0.6537530266343825 0.3695652173913043 0.6331719128329298 0.4008152173913043 0.6343825665859564 0.41440217391304346 0.612590799031477 0.41440217391304346 0.5811138014527846 0.40353260869565216 0.572639225181598 0.38858695652173914 0.5738498789346247 0.37907608695652173 0.5811138014527846 0.3641304347826087 0.5799031476997578 0.360054347826087 0.5641646489104116 0.3668478260869565 0.5423728813559322 0.32608695652173914 0.5072639225181599 0.2839673913043478 0.4927360774818402 0.27853260869565216 0.47699757869249393 0.26902173913043476 0.47094430992736075 0.26902173913043476 0.46246973365617433 0.2921195652173913 0.4455205811138015 0.26902173913043476 0.4322033898305085 0.2608695652173913 0.4322033898305085 0.21603260869565216 0.4733656174334141 0.20923913043478262 0.47457627118644063 0.1983695652173913 0.4539951573849879 0.1983695652173913 0.44188861985472155 0.2078804347826087 0.4322033898305085 0.20652173913043476 0.4273607748184019 0.1671195652173913 0.4455205811138015 0.14402173913043478 0.47094430992736075 0.10597826086956522 0.46125907990314763 0.08423913043478261 0.46125907990314763 0.07472826086956522 0.46973365617433416 0.04755434782608696 0.62590799031477
15 0.264945652173913 0.837772397094431 0.2730978260869565 0.8801452784503632 0.2907608695652174 0.9019370460048426 0.32608695652173914 0.914043583535109 0.37907608695652173 0.9031476997578693 0.39402173913043476 0.8934624697336562 0.40353260869565216 0.9031476997578693 0.4171195652173913 0.9019370460048426 0.4945652173913043 0.8728813559322033 0.5203804347826086 0.8680387409200968 0.5665760869565217 0.8474576271186441 0.5788043478260869 0.8256658595641646 0.577445652173913 0.7796610169491525 0.5692934782608695 0.7639225181598063 0.40353260869565216 0.6380145278450363 0.36820652173913043 0.6380145278450363 0.3546195652173913 0.6428571428571429 0.3220108695652174 0.6694915254237288 0.28532608695652173 0.711864406779661 0.27989130434782605 0.7445520581113801 0.264945652173913 0.7832929782082324 0.264945652173913 0.837772397094431
43 0.264945652173913 0.837772397094431 0.2730978260869565 0.8801452784503632 0.2907608695652174 0.9019370460048426 0.327445652173913 0.914043583535109 0.3858695652173913 0.8983050847457626 0.4171195652173913 0.9019370460048426 0.4945652173913043 0.8728813559322033 0.5271739130434783 0.8656174334140436 0.5679347826086956 0.8462469733656175 0.5788043478260869 0.8256658595641646 0.577445652173913 0.7796610169491525 0.5692934782608695 0.7639225181598063 0.40353260869565216 0.6380145278450363 0.3641304347826087 0.639225181598063 0.34375 0.6476997578692494 0.3220108695652174 0.6694915254237288 0.28532608695652173 0.7130750605326877 0.27989130434782605 0.7445520581113801 0.264945652173913 0.7832929782082324 0.264945652173913 0.837772397094431