4 0.6703125 0.55625 0.6859375 0.5578125 0.6765625 0.571875 0.671875 0.575 0.671875 0.578125 0.6703125 0.5578125
4 0.5671875 0.296875 0.5921875 0.3 0.60625 0.3078125 0.603125 0.3140625 0.5921875 0.3234375 0.5921875 0.328125 0.5875 0.334375 0.584375 0.3453125 0.5859375 0.3640625 0.59375 0.375 0.603125 0.3796875 0.603125 0.384375 0.6 0.3890625 0.59375 0.390625 0.584375 0.384375 0.5796875 0.378125 0.5609375 0.3734375 0.571875 0.35 0.575 0.334375 0.5734375 0.315625 0.565625 0.3015625 0.5671875 0.2984375
4 0.50625 0.4875 0.5125 0.490625 0.5234375 0.5015625 0.528125 0.5109375 0.5296875 0.5171875 0.528125 0.5421875 0.509375 0.5625 0.509375 0.56875 0.5015625 0.5765625 0.490625 0.58125 0.490625 0.553125 0.4796875 0.5359375 0.4796875 0.5328125 0.4609375 0.5203125 0.4484375 0.51875 0.4296875 0.5203125 0.4296875 0.51875 0.45625 0.490625 0.4625 0.4875 0.4765625 0.484375 0.48125 0.48125 0.4921875 0.48125 0.5046875 0.4875
4 0.725 0.4046875 0.7390625 0.4109375 0.74375 0.409375 0.753125 0.4109375 0.759375 0.4171875 0.7671875 0.4328125 0.7671875 0.446875 0.7546875 0.4484375 0.74375 0.446875 0.7359375 0.4390625 0.728125 0.4359375 0.709375 0.4359375 0.69375 0.44375 0.6890625 0.428125 0.6890625 0.41875 0.703125 0.40625 0.7234375 0.4046875
4 0.5953125 0.46875 0.615625 0.490625 0.6234375 0.4921875 0.653125 0.490625 0.665625 0.484375 0.66875 0.4796875 0.6734375 0.4796875 0.6765625 0.4765625 0.6796875 0.478125 0.68125 0.4890625 0.6765625 0.503125 0.6625 0.5296875 0.659375 0.5296875 0.6546875 0.534375 0.6328125 0.528125 0.6140625 0.528125 0.6015625 0.51875 0.6 0.5140625 0.59375 0.5078125 0.59375 0.503125 0.5890625 0.4984375 0.5828125 0.496875 0.584375 0.478125 0.59375 0.46875
4 0.41875 0.665625 0.4328125 0.6796875 0.434375 0.6859375 0.4265625 0.7078125 0.4265625 0.7171875 0.41875 0.740625 0.4109375 0.75625 0.4046875 0.7609375 0.384375 0.759375 0.375 0.7546875 0.375 0.75 0.371875 0.7453125 0.371875 0.7140625 0.375 0.70625 0.375 0.6921875 0.3859375 0.6703125 0.396875 0.6625 0.4078125 0.6625 0.4171875 0.665625
4 0.6234375 0.2171875 0.6328125 0.2203125 0.640625 0.228125 0.6453125 0.2296875 0.653125 0.246875 0.6515625 0.2609375 0.6484375 0.26875 0.6390625 0.2796875 0.634375 0.28125 0.6109375 0.259375 0.60625 0.259375 0.5984375 0.2546875 0.5796875 0.2515625 0.5796875 0.2421875 0.584375 0.23125 0.5953125 0.21875 0.6 0.21875 0.6078125 0.2140625 0.615625 0.2140625 0.621875 0.2171875
4 0.6203125 0.65 0.625 0.6546875 0.63125 0.65625 0.640625 0.6671875 0.64375 0.6671875 0.65 0.6734375 0.6546875 0.684375 0.6578125 0.709375 0.653125 0.728125 0.6484375 0.734375 0.640625 0.7390625 0.6203125 0.7453125 0.615625 0.7453125 0.61875 0.7375 0.61875 0.721875 0.615625 0.715625 0.6140625 0.7 0.6046875 0.684375 0.6046875 0.6796875 0.5921875 0.665625 0.5875 0.665625 0.5875 0.6625 0.59375 0.65625 0.6015625 0.6546875 0.6125 0.6484375 0.61875 0.65
4 0.653125 0.3046875 0.6765625 0.31875 0.6828125 0.3359375 0.6828125 0.353125 0.6765625 0.3734375 0.6609375 0.3890625 0.6546875 0.3921875 0.634375 0.3921875 0.6296875 0.3890625 0.60625 0.3828125 0.6 0.375 0.59375 0.371875 0.5875 0.3625 0.5890625 0.3359375 0.59375 0.325 0.609375 0.309375 0.625 0.3015625 0.6515625 0.3046875
4 0.5375 0.4328125 0.5421875 0.4359375 0.55625 0.4375 0.571875 0.4515625 0.571875 0.45625 0.575 0.459375 0.5734375 0.46875 0.575 0.4703125 0.578125 0.46875 0.578125 0.4859375 0.571875 0.5 0.5625 0.5109375 0.553125 0.5296875 0.5484375 0.534375 0.534375 0.5390625 0.5296875 0.5375 0.53125 0.521875 0.5296875 0.5140625 0.521875 0.4984375 0.5109375 0.4890625 0.4953125 0.48125 0.4890625 0.4796875 0.48125 0.48125 0.4796875 0.478125 0.4828125 0.4703125 0.5 0.4484375 0.515625 0.4375 0.5359375 0.4328125
4 0.696875 0.409375 0.690625 0.396875 0.690625 0.3875 0.6953125 0.378125 0.6984375 0.3765625 0.703125 0.38125 0.7078125 0.39375 0.7171875 0.4 0.7171875 0.403125 0.7046875 0.4046875 0.6984375 0.4078125
4 0.578125 0.5 0.5765625 0.515625 0.58125 0.5328125 0.5859375 0.540625 0.578125 0.5515625 0.5734375 0.5515625 0.5625 0.5625 0.5578125 0.571875 0.5515625 0.5703125 0.546875 0.55625 0.5484375 0.540625 0.5625 0.51875 0.5640625 0.5125 0.5765625 0.5
4 0.6046875 0.53125 0.6375 0.53125 0.653125 0.5390625 0.665625 0.5515625 0.66875 0.5640625 0.66875 0.578125 0.665625 0.584375 0.6625 0.6046875 0.646875 0.6234375 0.634375 0.6296875 0.621875 0.63125 0.615625 0.634375 0.59375 0.63125 0.5734375 0.6171875 0.5625 0.596875 0.5609375 0.5734375 0.5640625 0.5640625 0.5734375 0.5546875 0.5796875 0.553125 0.5890625 0.5421875 0.5921875 0.5421875 0.6046875 0.5328125
4 0.6578125 0.621875 0.665625 0.625 0.66875 0.634375 0.6765625 0.640625 0.68125 0.65 0.6828125 0.6953125 0.675 0.703125 0.6625 0.709375 0.6578125 0.7078125 0.6578125 0.6953125 0.6515625 0.675 0.63125 0.6546875 0.615625 0.646875 0.6171875 0.6359375 0.6359375 0.6328125 0.6453125 0.628125 0.646875 0.625 0.65625 0.621875
4 0.3578125 0.61875 0.3734375 0.625 0.384375 0.6359375 0.3953125 0.6578125 0.3859375 0.6671875 0.384375 0.6734375 0.378125 0.6796875 0.3734375 0.690625 0.3671875 0.690625 0.3578125 0.6859375 0.353125 0.6796875 0.3484375 0.6765625 0.34375 0.6765625 0.3328125 0.665625 0.3296875 0.665625 0.3203125 0.6578125 0.3234375 0.6484375 0.334375 0.634375 0.334375 0.628125 0.3484375 0.615625 0.353125 0.615625 0.35625 0.61875
4 0.4921875 0.703125 0.5109375 0.709375 0.5234375 0.709375 0.5203125 0.7171875 0.515625 0.7203125 0.509375 0.7296875 0.50625 0.7703125 0.49375 0.775 0.48125 0.775 0.4765625 0.771875 0.4765625 0.76875 0.4796875 0.765625 0.4796875 0.7609375 0.490625 0.7390625 0.490625 0.728125 0.49375 0.7171875 0.4921875 0.7046875
4 0.6625 0.3984375 0.6671875 0.4015625 0.671875 0.4015625 0.6859375 0.4171875 0.6859375 0.4265625 0.6890625 0.43125 0.690625 0.440625 0.690625 0.45625 0.6859375 0.465625 0.6734375 0.478125 0.6671875 0.4796875 0.653125 0.4890625 0.6390625 0.490625 0.6171875 0.4890625 0.59375 0.465625 0.59375 0.434375 0.6046875 0.4125 0.6203125 0.403125 0.6265625 0.396875 0.6609375 0.3984375
4 0.7 0.3765625 0.7078125 0.39375 0.7140625 0.396875 0.7171875 0.4015625 0.703125 0.4046875 0.696875 0.409375 0.6921875 0.4046875 0.6921875 0.384375 0.6953125 0.378125 0.6984375 0.3765625
4 0.478125 0.5953125 0.4890625 0.6046875 0.4890625 0.609375 0.478125 0.625 0.475 0.634375 0.4609375 0.6515625 0.4578125 0.6625 0.446875 0.6765625 0.440625 0.6796875 0.43125 0.6765625 0.4234375 0.6640625 0.428125 0.646875 0.434375 0.640625 0.4484375 0.6109375 0.4578125 0.6046875 0.4671875 0.59375 0.4765625 0.5953125
4 0.6046875 0.3859375 0.6140625 0.3859375 0.6328125 0.39375 0.6328125 0.3953125 0.6265625 0.3953125 0.609375 0.4078125 0.6046875 0.4078125 0.603125 0.4046875 0.6046875 0.3875
4 0.6890625 0.259375 0.6953125 0.2609375 0.703125 0.2671875 0.7109375 0.2765625 0.7109375 0.2796875 0.6921875 0.2796875 0.675 0.2890625 0.665625 0.2875 0.640625 0.2890625 0.6390625 0.284375 0.646875 0.275 0.646875 0.271875 0.6546875 0.2671875 0.6578125 0.2625 0.675 0.2578125 0.6875 0.259375
4 0.7 0.478125 0.7015625 0.478125 0.6984375 0.4953125 0.7015625 0.50625 0.696875 0.509375 0.6875 0.509375 0.675 0.51875 0.671875 0.5171875 0.671875 0.5140625 0.678125 0.503125 0.68125 0.490625 0.690625 0.4796875 0.6984375 0.478125
4 0.734375 0.440625 0.74375 0.45 0.7203125 0.4546875 0.7109375 0.459375 0.7 0.4765625 0.6921875 0.478125 0.6859375 0.4828125 0.6828125 0.478125 0.6828125 0.46875 0.6875 0.4640625 0.6921875 0.4484375 0.6984375 0.4421875 0.709375 0.4375 0.7265625 0.4375 0.7328125 0.440625
4 0.5984375 0.25625 0.6125 0.2625 0.634375 0.284375 0.634375 0.290625 0.6296875 0.290625 0.61875 0.3015625 0.609375 0.30625 0.590625 0.2984375 0.565625 0.2953125 0.5609375 0.2859375 0.5609375 0.2734375 0.5671875 0.2609375 0.58125 0.2546875 0.596875 0.25625
4 0.575 0.378125 0.58125 0.38125 0.6015625 0.4015625 0.603125 0.40625 0.603125 0.4125 0.5921875 0.4296875 0.590625 0.4390625 0.5921875 0.453125 0.5890625 0.4671875 0.5828125 0.4703125 0.578125 0.465625 0.5734375 0.45 0.5578125 0.4359375 0.5359375 0.4296875 0.5265625 0.43125 0.521875 0.434375 0.5203125 0.4328125 0.521875 0.4203125 0.53125 0.40625 0.53125 0.3953125 0.534375 0.3859375 0.553125 0.378125 0.5609375 0.3765625 0.5734375 0.378125
4 0.465625 0.6671875 0.4765625 0.678125 0.478125 0.684375 0.4890625 0.6984375 0.4921875 0.71875 0.4890625 0.7296875 0.4890625 0.7390625 0.478125 0.7609375 0.478125 0.765625 0.465625 0.7765625 0.4578125 0.7796875 0.44375 0.7796875 0.428125 0.76875 0.4203125 0.7546875 0.4203125 0.7390625 0.428125 0.71875 0.428125 0.709375 0.4375 0.6875 0.4484375 0.6796875 0.4484375 0.6765625 0.45625 0.6671875 0.4640625 0.6671875
4 0.3515625 0.6828125 0.3703125 0.69375 0.3734375 0.6984375 0.3703125 0.721875 0.3734375 0.759375 0.3671875 0.7625 0.3640625 0.7671875 0.35625 0.7703125 0.3421875 0.7703125 0.315625 0.75625 0.303125 0.74375 0.296875 0.7265625 0.296875 0.715625 0.303125 0.703125 0.303125 0.6984375 0.3125 0.6875 0.328125 0.68125 0.3484375 0.68125 0.35 0.6828125
4 0.55625 0.5734375 0.559375 0.575 0.5609375 0.596875 0.571875 0.6171875 0.5796875 0.625 0.590625 0.6296875 0.5953125 0.634375 0.6109375 0.6359375 0.6125 0.6390625 0.6109375 0.6453125 0.6015625 0.6515625 0.5796875 0.659375 0.5671875 0.659375 0.5625 0.6546875 0.5625 0.64375 0.553125 0.625 0.53125 0.60625 0.53125 0.6 0.5375 0.5890625 0.5484375 0.578125 0.5546875 0.575
4 0.765625 0.45 0.7765625 0.453125 0.78125 0.459375 0.7890625 0.4609375 0.8015625 0.4734375 0.8015625 0.4796875 0.7984375 0.484375 0.8015625 0.490625 0.8015625 0.5140625 0.7984375 0.5203125 0.7921875 0.5296875 0.78125 0.534375 0.775 0.540625 0.765625 0.5421875 0.7390625 0.5421875 0.7234375 0.534375 0.7109375 0.5203125 0.7015625 0.4984375 0.703125 0.484375 0.7015625 0.478125 0.7125 0.4609375 0.75 0.45 0.7640625 0.45
4 0.509375 0.578125 0.509375 0.58125 0.5234375 0.603125 0.5015625 0.60625 0.490625 0.60625 0.4875 0.603125 0.484375 0.5953125 0.4953125 0.584375 0.5078125 0.5796875
4 0.446875 0.51875 0.453125 0.521875 0.465625 0.5234375 0.46875 0.528125 0.478125 0.5328125 0.48125 0.540625 0.4859375 0.5453125 0.4890625 0.553125 0.4890625 0.578125 0.4796875 0.5921875 0.4734375 0.5890625 0.465625 0.5625 0.446875 0.54375 0.4296875 0.5375 0.421875 0.5375 0.4046875 0.5453125 0.40625 0.540625 0.4171875 0.5296875 0.4296875 0.521875 0.4375 0.521875 0.4453125 0.51875
4 0.540625 0.43125 0.559375 0.4375 0.571875 0.4484375 0.571875 0.4546875 0.5796875 0.4703125 0.578125 0.4765625 0.5640625 0.4671875 0.546875 0.45 0.5359375 0.4453125 0.521875 0.44375 0.5171875 0.4390625 0.5203125 0.4328125 0.5390625 0.43125
4 0.546875 0.5390625 0.546875 0.5609375 0.5515625 0.5734375 0.5328125 0.59375 0.5296875 0.603125 0.521875 0.6015625 0.5140625 0.584375 0.5109375 0.5828125 0.5109375 0.5671875 0.5328125 0.5421875 0.5453125 0.5390625
4 0.5828125 0.490625 0.5921875 0.4984375 0.603125 0.5203125 0.6125 0.5265625 0.6109375 0.5296875 0.60625 0.5296875 0.5921875 0.540625 0.584375 0.540625 0.578125 0.5203125 0.578125 0.5046875 0.5765625 0.503125 0.5828125 0.4921875
4 0.43125 0.5390625 0.446875 0.5453125 0.4578125 0.5546875 0.4640625 0.5625 0.471875 0.5828125 0.471875 0.5890625 0.465625 0.5921875 0.45625 0.603125 0.446875 0.609375 0.44375 0.609375 0.4296875 0.5921875 0.4109375 0.5828125 0.4015625 0.58125 0.3890625 0.5828125 0.3765625 0.5890625 0.371875 0.5890625 0.3703125 0.5859375 0.375 0.5734375 0.390625 0.55625 0.4078125 0.54375 0.4296875 0.5390625
4 0.3875 0.60625 0.4046875 0.61875 0.4046875 0.621875 0.415625 0.6359375 0.4171875 0.65625 0.4140625 0.6609375 0.396875 0.659375 0.3859375 0.6375 0.371875 0.6234375 0.353125 0.6171875 0.3515625 0.6140625 0.353125 0.6109375 0.3625 0.603125 0.3859375 0.60625
4 0.6796875 0.375 0.690625 0.3890625 0.6921875 0.4109375 0.6890625 0.415625 0.6859375 0.415625 0.6859375 0.4125 0.671875 0.3984375 0.6609375 0.39375 0.6703125 0.38125 0.678125 0.375
4 0.5609375 0.70625 0.565625 0.709375 0.5796875 0.7109375 0.5984375 0.725 0.603125 0.7328125 0.603125 0.7375 0.6125 0.7515625 0.6125 0.759375 0.603125 0.775 0.5828125 0.7890625 0.546875 0.796875 0.5390625 0.796875 0.5265625 0.790625 0.521875 0.790625 0.5203125 0.7875 0.5109375 0.7828125 0.509375 0.7796875 0.5109375 0.771875 0.509375 0.7703125 0.509375 0.7375 0.5109375 0.7296875 0.5171875 0.7203125 0.53125 0.709375 0.5390625 0.709375 0.5421875 0.70625 0.559375 0.70625
4 0.58125 0.665625 0.5921875 0.6671875 0.603125 0.678125 0.603125 0.6828125 0.6140625 0.7015625 0.6140625 0.7125 0.6171875 0.71875 0.6171875 0.7421875 0.6140625 0.746875 0.60625 0.7390625 0.6015625 0.7265625 0.5921875 0.7171875 0.584375 0.7140625 0.58125 0.709375 0.5671875 0.7078125 0.55625 0.703125 0.5421875 0.703125 0.540625 0.70625 0.5328125 0.70625 0.55 0.690625 0.56875 0.665625 0.5796875 0.665625
4 0.725 0.5515625 0.73125 0.553125 0.7484375 0.5734375 0.7578125 0.5953125 0.75625 0.6078125 0.7515625 0.621875 0.74375 0.634375 0.740625 0.6359375 0.7390625 0.6421875 0.7328125 0.6484375 0.703125 0.6609375 0.690625 0.6578125 0.678125 0.6390625 0.6703125 0.63125 0.6640625 0.6140625 0.6640625 0.6078125 0.6671875 0.6015625 0.6671875 0.5890625 0.6875 0.5578125 0.69375 0.553125 0.70625 0.5484375 0.7171875 0.5484375 0.7234375 0.5515625
4 0.7546875 0.4078125 0.771875 0.403125 0.775 0.4046875 0.7703125 0.4203125 0.765625 0.4265625 0.7609375 0.421875 0.7609375 0.4171875 0.7578125 0.415625 0.7546875 0.409375
4 0.7109375 0.2796875 0.715625 0.28125 0.7328125 0.296875 0.7390625 0.30625 0.7390625 0.3140625 0.7328125 0.3171875 0.7203125 0.31875 0.7109375 0.3234375 0.7078125 0.328125 0.703125 0.328125 0.7015625 0.3140625 0.6984375 0.3078125 0.6765625 0.2890625 0.678125 0.2859375 0.6875 0.28125 0.709375 0.2796875
4 0.6796875 0.375 0.690625 0.390625 0.6921875 0.40625 0.690625 0.415625 0.6859375 0.415625 0.68125 0.4078125 0.665625 0.3953125 0.6640625 0.396875 0.653125 0.3953125 0.6640625 0.3890625 0.678125 0.375
4 0.678125 0.5171875 0.6875 0.5109375 0.696875 0.509375 0.70625 0.5109375 0.7109375 0.5203125 0.715625 0.5234375 0.71875 0.53125 0.7328125 0.540625 0.746875 0.5421875 0.7546875 0.5453125 0.75625 0.5484375 0.75625 0.559375 0.7484375 0.5703125 0.74375 0.5671875 0.7359375 0.5546875 0.7171875 0.546875 0.7046875 0.546875 0.6890625 0.5546875 0.66875 0.553125 0.6609375 0.54375 0.659375 0.5359375 0.6671875 0.5296875 0.671875 0.521875 0.678125 0.51875
4 0.6703125 0.290625 0.6828125 0.2953125 0.6921875 0.303125 0.696875 0.3078125 0.7015625 0.321875 0.7015625 0.328125 0.696875 0.3375 0.6953125 0.353125 0.6859375 0.3671875 0.6828125 0.36875 0.678125 0.36875 0.6828125 0.353125 0.6828125 0.334375 0.678125 0.3203125 0.6703125 0.3125 0.6484375 0.3015625 0.625 0.3015625 0.6265625 0.296875 0.634375 0.2921875 0.64375 0.2921875 0.65 0.2890625 0.66875 0.290625
4 0.4109375 0.584375 0.4296875 0.59375 0.4359375 0.6 0.4421875 0.6125 0.440625 0.6234375 0.4359375 0.634375 0.4265625 0.646875 0.421875 0.6578125 0.41875 0.659375 0.4171875 0.659375 0.4171875 0.6390625 0.409375 0.625 0.40625 0.6234375 0.40625 0.6203125 0.4 0.6140625 0.396875 0.6140625 0.3875 0.60625 0.359375 0.60625 0.36875 0.59375 0.3890625 0.584375 0.409375 0.584375
4 0.5296875 0.6078125 0.5515625 0.625 0.5609375 0.64375 0.5609375 0.6546875 0.5640625 0.665625 0.559375 0.675 0.5515625 0.6828125 0.5515625 0.6859375 0.540625 0.696875 0.525 0.7046875 0.5171875 0.70625 0.5078125 0.70625 0.5 0.703125 0.490625 0.6953125 0.4796875 0.68125 0.475 0.6578125 0.475 0.6390625 0.4796875 0.6296875 0.4796875 0.625 0.484375 0.621875 0.490625 0.609375 0.50625 0.60625 0.5265625 0.60625 0.528125 0.6078125
4 0.7546875 0.3171875 0.7765625 0.3265625 0.7890625 0.340625 0.7921875 0.353125 0.7921875 0.3703125 0.790625 0.38125 0.778125 0.4 0.7640625 0.4046875 0.7421875 0.4078125 0.7203125 0.4015625 0.715625 0.3953125 0.709375 0.3921875 0.6984375 0.3734375 0.6953125 0.359375 0.7015625 0.334375 0.709375 0.3265625 0.721875 0.3203125 0.7359375 0.3171875 0.753125 0.3171875
29 0.21603260869565216 0.6114130434782609 0.23369565217391303 0.6467391304347826 0.2527173913043478 0.657608695652174 0.3043478260869565 0.6589673913043479 0.3192934782608695 0.6508152173913043 0.33016304347826086 0.6317934782608695 0.34239130434782605 0.5665760869565217 0.31657608695652173 0.546195652173913 0.2730978260869565 0.5407608695652174 0.24456521739130435 0.5557065217391304 0.21875 0.5910326086956521 0.21603260869565216 0.6114130434782609
29 0.296195652173913 0.49864130434782605 0.31657608695652173 0.5 0.35190217391304346 0.5230978260869565 0.36820652173913043 0.5434782608695652 0.375 0.5665760869565217 0.39266304347826086 0.5475543478260869 0.38858695652173914 0.5054347826086956 0.3668478260869565 0.4728260869565217 0.33695652173913043 0.46059782608695654 0.3043478260869565 0.4728260869565217 0.296195652173913 0.48641304347826086 0.296195652173913 0.49864130434782605
29 0.28804347826086957 0.5190217391304348 0.25 0.546195652173913 0.2866847826086957 0.5380434782608695 0.3179347826086957 0.5448369565217391 0.3355978260869565 0.5570652173913043 0.34510869565217395 0.577445652173913 0.3383152173913043 0.6182065217391304 0.358695652173913 0.6005434782608695 0.37228260869565216 0.5733695652173914 0.3668478260869565 0.5448369565217391 0.35190217391304346 0.5244565217391304 0.33016304347826086 0.5081521739130435 0.3152173913043478 0.501358695652174 0.2921195652173913 0.5027173913043479 0.28804347826086957 0.5190217391304348
29 0.18342391304347824 0.48097826086956524 0.1983695652173913 0.5190217391304348 0.23369565217391303 0.5421195652173914 0.24592391304347827 0.5407608695652174 0.2839673913043478 0.5190217391304348 0.296195652173913 0.4646739130434782 0.28940217391304346 0.44565217391304346 0.2758152173913043 0.4307065217391305 0.2323369565217391 0.4157608695652174 0.19972826086956522 0.4171195652173913 0.18206521739130435 0.42934782608695654 0.18342391304347824 0.48097826086956524
29 0.21467391304347827 0.4116847826086956 0.2527173913043478 0.41847826086956524 0.27445652173913043 0.4279891304347826 0.28532608695652173 0.43614130434782605 0.30027173913043476 0.46739130434782605 0.328804347826087 0.4619565217391305 0.34510869565217395 0.43614130434782605 0.3464673913043478 0.41847826086956524 0.3152173913043478 0.375 0.2622282608695652 0.360054347826087 0.24456521739130435 0.360054347826087 0.21603260869565216 0.391304347826087 0.21467391304347827 0.4116847826086956
29 0.24456521739130435 0.358695652173913 0.2717391304347826 0.36141304347826086 0.3233695652173913 0.3817934782608695 0.3491847826086957 0.41983695652173914 0.358695652173913 0.4157608695652174 0.358695652173913 0.3967391304347826 0.34510869565217395 0.3654891304347826 0.3029891304347826 0.33695652173913043 0.27445652173913043 0.33152173913043476 0.24728260869565216 0.3491847826086957 0.24456521739130435 0.358695652173913
29 0.2717391304347826 0.328804347826087 0.2907608695652174 0.328804347826087 0.34375 0.360054347826087 0.3546195652173913 0.37907608695652173 0.36141304347826086 0.4157608695652174 0.37092391304347827 0.4103260869565217 0.3668478260869565 0.3654891304347826 0.3559782608695652 0.34782608695652173 0.31657608695652173 0.3179347826086957 0.27853260869565216 0.31657608695652173 0.27445652173913043 0.32065217391304346 0.2717391304347826 0.328804347826087
29 0.33967391304347827 0.45652173913043476 0.3668478260869565 0.4728260869565217 0.37907608695652173 0.48777173913043476 0.389945652173913 0.5095108695652174 0.3967391304347826 0.546195652173913 0.42934782608695654 0.5135869565217391 0.4266304347826087 0.4850543478260869 0.40760869565217395 0.45244565217391297 0.3858695652173913 0.4375 0.358695652173913 0.4320652173913043 0.34782608695652173 0.43885869565217395 0.33967391304347827 0.45652173913043476
29 0.36141304347826086 0.4279891304347826 0.3980978260869565 0.4429347826086956 0.4171195652173913 0.4633152173913043 0.43478260869565216 0.5027173913043479 0.47690217391304346 0.4741847826086956 0.48233695652173914 0.4619565217391305 0.4755434782608695 0.42527173913043476 0.44972826086956524 0.38315217391304346 0.4103260869565217 0.37092391304347827 0.37907608695652173 0.40353260869565216 0.36141304347826086 0.4279891304347826
29 0.3070652173913043 0.31385869565217395 0.3220108695652174 0.3179347826086957 0.3559782608695652 0.3464673913043478 0.36820652173913043 0.3641304347826087 0.37228260869565216 0.389945652173913 0.3872282608695652 0.39266304347826086 0.42119565217391297 0.34239130434782605 0.40353260869565216 0.2934782608695652 0.358695652173913 0.26766304347826086 0.32065217391304346 0.28260869565217395 0.30978260869565216 0.2921195652173913 0.3070652173913043 0.31385869565217395
29 0.4171195652173913 0.3695652173913043 0.44972826086956524 0.3817934782608695 0.46059782608695654 0.39266304347826086 0.4755434782608695 0.41983695652173914 0.48369565217391297 0.4633152173913043 0.501358695652174 0.44021739130434784 0.5095108695652174 0.39945652173913043 0.4945652173913043 0.3559782608695652 0.48777173913043476 0.3505434782608695 0.4429347826086956 0.3505434782608695 0.4171195652173913 0.360054347826087 0.4171195652173913 0.3695652173913043
29 0.42527173913043476 0.34239130434782605 0.4279891304347826 0.35190217391304346 0.48777173913043476 0.3491847826086957 0.4932065217391304 0.3532608695652174 0.5108695652173914 0.3967391304347826 0.5027173913043479 0.44021739130434784 0.5067934782608695 0.43885869565217395 0.5258152173913043 0.40896739130434784 0.532608695652174 0.3845108695652174 0.532608695652174 0.3668478260869565 0.5122282608695652 0.3328804347826087 0.5067934782608695 0.327445652173913 0.4782608695652174 0.327445652173913 0.4320652173913043 0.3355978260869565 0.42527173913043476 0.34239130434782605
29 0.3192934782608695 0.28125 0.3233695652173913 0.28125 0.36141304347826086 0.266304347826087 0.3980978260869565 0.28532608695652173 0.4103260869565217 0.3070652173913043 0.4157608695652174 0.3070652173913043 0.4130434782608695 0.27853260869565216 0.375 0.25135869565217395 0.36141304347826086 0.25 0.33152173913043476 0.2608695652173913 0.32065217391304346 0.2730978260869565 0.3192934782608695 0.28125
29 0.34782608695652173 0.25135869565217395 0.37092391304347827 0.24864130434782608 0.3804347826086957 0.2527173913043478 0.4171195652173913 0.28260869565217395 0.41847826086956524 0.3043478260869565 0.4279891304347826 0.33016304347826086 0.43478260869565216 0.327445652173913 0.45652173913043476 0.28532608695652173 0.43614130434782605 0.23641304347826084 0.42391304347826086 0.22690217391304346 0.3872282608695652 0.21467391304347827 0.37635869565217395 0.21603260869565216 0.3464673913043478 0.23641304347826084 0.34782608695652173 0.25135869565217395
29 0.4442934782608695 0.328804347826087 0.4932065217391304 0.3247282608695652 0.5135869565217391 0.3328804347826087 0.5353260869565217 0.36820652173913043 0.5353260869565217 0.3804347826086957 0.5584239130434783 0.37092391304347827 0.5733695652173914 0.3342391304347826 0.5652173913043479 0.30027173913043476 0.5543478260869565 0.27989130434782605 0.5230978260869565 0.2554347826086957 0.4741847826086956 0.26902173913043476 0.46603260869565216 0.296195652173913 0.44565217391304346 0.32065217391304346 0.4442934782608695 0.328804347826087
29 0.4619565217391305 0.2323369565217391 0.4728260869565217 0.26766304347826086 0.5190217391304348 0.25407608695652173 0.5557065217391304 0.2758152173913043 0.561141304347826 0.24456521739130435 0.5570652173913043 0.22010869565217392 0.5489130434782609 0.20652173913043476 0.47690217391304346 0.20244565217391303 0.4646739130434782 0.21467391304347827 0.4619565217391305 0.2323369565217391
29 0.38858695652173914 0.21603260869565216 0.42527173913043476 0.22690217391304346 0.43885869565217395 0.2391304347826087 0.45652173913043476 0.27717391304347827 0.4483695652173913 0.31114130434782605 0.46875 0.28940217391304346 0.46875 0.266304347826087 0.46059782608695654 0.23505434782608697 0.4225543478260869 0.20923913043478262 0.391304347826087 0.21195652173913043 0.38858695652173914 0.21603260869565216