11 0.553125 0.3484375 0.5828125 0.3515625 0.6203125 0.35 0.63125 0.3578125 0.63125 0.36875 0.6203125 0.3765625 0.6046875 0.378125 0.56875 0.3953125 0.5578125 0.4046875 0.546875 0.409375 0.540625 0.41875 0.5296875 0.425 0.521875 0.4203125 0.51875 0.4109375 0.5125 0.4046875 0.5109375 0.4 0.4921875 0.3828125 0.4921875 0.3765625 0.5015625 0.365625 0.50625 0.3640625 0.5125 0.3578125 0.5203125 0.35625 0.521875 0.353125 0.53125 0.35 0.5515625 0.3484375
11 0.478125 0.2953125 0.4953125 0.3 0.5 0.3078125 0.515625 0.3203125 0.5203125 0.3265625 0.521875 0.3359375 0.5265625 0.340625 0.5265625 0.346875 0.5203125 0.353125 0.5109375 0.35625 0.509375 0.359375 0.5 0.3640625 0.4890625 0.375 0.4890625 0.3796875 0.478125 0.3765625 0.425 0.3796875 0.4046875 0.390625 0.3984375 0.390625 0.396875 0.3890625 0.396875 0.371875 0.3921875 0.3578125 0.384375 0.3484375 0.35625 0.3421875 0.35625 0.3375 0.365625 0.3296875 0.3796875 0.3265625 0.4 0.3171875 0.415625 0.30625 0.4171875 0.303125 0.4328125 0.303125 0.4375 0.30625 0.4484375 0.30625 0.4625 0.303125 0.46875 0.3 0.4703125 0.296875 0.4765625 0.296875
11 0.478125 0.3796875 0.4890625 0.384375 0.509375 0.403125 0.509375 0.40625 0.5140625 0.4109375 0.525 0.43125 0.525 0.4390625 0.51875 0.4515625 0.5046875 0.4609375 0.4921875 0.465625 0.471875 0.48125 0.471875 0.4890625 0.4765625 0.5015625 0.4765625 0.5109375 0.4703125 0.51875 0.4609375 0.5234375 0.446875 0.5234375 0.440625 0.5203125 0.4265625 0.503125 0.403125 0.4921875 0.3890625 0.4890625 0.3796875 0.4796875 0.35625 0.46875 0.34375 0.45625 0.340625 0.4484375 0.34375 0.4421875 0.34375 0.4359375 0.3375 0.425 0.346875 0.4109375 0.359375 0.40625 0.3671875 0.40625 0.3796875 0.39375 0.3890625 0.39375 0.3921875 0.396875 0.3984375 0.396875 0.4046875 0.39375 0.40625 0.390625 0.425 0.3828125 0.440625 0.3828125 0.45 0.3796875 0.4765625 0.3796875
11 0.5828125 0.4546875 0.6171875 0.4734375 0.6203125 0.4765625 0.6203125 0.48125 0.6140625 0.4859375 0.603125 0.5015625 0.603125 0.534375 0.6109375 0.55 0.6125 0.5578125 0.6109375 0.5625 0.6125 0.5953125 0.609375 0.6 0.6 0.603125 0.5921875 0.609375 0.5921875 0.615625 0.58125 0.6328125 0.571875 0.6328125 0.565625 0.6296875 0.5546875 0.6171875 0.5546875 0.609375 0.55 0.603125 0.5453125 0.603125 0.540625 0.6078125 0.540625 0.6109375 0.5515625 0.6171875 0.5515625 0.6265625 0.5421875 0.6265625 0.5296875 0.615625 0.525 0.615625 0.521875 0.6125 0.521875 0.6046875 0.5171875 0.6015625 0.51875 0.6 0.521875 0.6015625 0.525 0.5984375 0.5234375 0.584375 0.521875 0.5828125 0.5203125 0.584375 0.515625 0.578125 0.5109375 0.5765625 0.5109375 0.571875 0.5078125 0.56875 0.5015625 0.571875 0.5 0.575 0.503125 0.578125 0.4984375 0.5796875 0.4859375 0.5703125 0.4796875 0.5640625 0.4796875 0.55 0.475 0.5453125 0.475 0.540625 0.4796875 0.5359375 0.4796875 0.53125 0.484375 0.53125 0.496875 0.5203125 0.490625 0.5109375 0.48125 0.503125 0.478125 0.496875 0.478125 0.4859375 0.484375 0.4765625 0.4921875 0.4703125 0.503125 0.4640625 0.5140625 0.4609375 0.525 0.453125 0.58125 0.4546875
11 0.60625 0.290625 0.6125 0.29375 0.6203125 0.29375 0.6375 0.2875 0.6453125 0.290625 0.6625 0.303125 0.6828125 0.3046875 0.6921875 0.3109375 0.7078125 0.3125 0.715625 0.31875 0.7203125 0.334375 0.7171875 0.3484375 0.70625 0.359375 0.6890625 0.36875 0.68125 0.3765625 0.675 0.396875 0.665625 0.4078125 0.6640625 0.415625 0.646875 0.4375 0.6390625 0.4625 0.6328125 0.471875 0.6265625 0.4765625 0.621875 0.471875 0.6078125 0.465625 0.5890625 0.453125 0.565625 0.4515625 0.5609375 0.4484375 0.546875 0.446875 0.5421875 0.4453125 0.5375 0.4390625 0.5375 0.43125 0.5421875 0.421875 0.5546875 0.4078125 0.559375 0.40625 0.5734375 0.39375 0.578125 0.39375 0.6 0.38125 0.625 0.3734375 0.6328125 0.3640625 0.63125 0.3578125 0.621875 0.3484375 0.6140625 0.346875 0.603125 0.35 0.55625 0.3484375 0.55 0.3453125 0.546875 0.3375 0.5390625 0.328125 0.54375 0.3171875 0.5640625 0.3 0.5703125 0.3 0.5875 0.290625 0.6046875 0.290625
11 0.234375 0.3734375 0.2390625 0.3765625 0.24375 0.3859375 0.2453125 0.396875 0.25625 0.4078125 0.2609375 0.4234375 0.2671875 0.428125 0.2671875 0.4328125 0.2625 0.4359375 0.2484375 0.4328125 0.2171875 0.4484375 0.1984375 0.4625 0.178125 0.4875 0.1734375 0.4859375 0.1578125 0.4875 0.14375 0.471875 0.115625 0.459375 0.1125 0.453125 0.115625 0.4375 0.1421875 0.4109375 0.1546875 0.403125 0.1671875 0.390625 0.203125 0.3765625 0.2234375 0.371875 0.2328125 0.3734375
11 0.2484375 0.2328125 0.2609375 0.2375 0.2921875 0.2390625 0.303125 0.24375 0.3203125 0.246875 0.3359375 0.2625 0.35 0.26875 0.353125 0.2765625 0.3625 0.2859375 0.378125 0.2859375 0.384375 0.290625 0.3859375 0.3046875 0.3796875 0.315625 0.3734375 0.321875 0.359375 0.328125 0.353125 0.3359375 0.346875 0.3390625 0.3234375 0.3671875 0.321875 0.3765625 0.328125 0.3828125 0.3296875 0.3875 0.321875 0.4 0.321875 0.409375 0.31875 0.4125 0.3015625 0.4171875 0.28125 0.415625 0.2671875 0.4125 0.2625 0.409375 0.25 0.396875 0.246875 0.3859375 0.240625 0.378125 0.240625 0.375 0.234375 0.36875 0.2171875 0.359375 0.2046875 0.3578125 0.1859375 0.365625 0.1640625 0.3671875 0.1421875 0.35625 0.134375 0.3484375 0.1328125 0.34375 0.1265625 0.3390625 0.1265625 0.334375 0.13125 0.3328125 0.1359375 0.3265625 0.134375 0.296875 0.1390625 0.2828125 0.146875 0.275 0.1484375 0.2671875 0.165625 0.259375 0.171875 0.246875 0.18125 0.24375 0.1921875 0.2359375 0.209375 0.2390625 0.2359375 0.2328125 0.246875 0.2328125
11 0.2953125 0.4390625 0.3015625 0.440625 0.3015625 0.446875 0.3125 0.4640625 0.321875 0.4671875 0.3296875 0.453125 0.3359375 0.45 0.3484375 0.4671875 0.375 0.48125 0.384375 0.4890625 0.3859375 0.49375 0.390625 0.496875 0.3953125 0.496875 0.40625 0.5078125 0.4109375 0.5109375 0.415625 0.5109375 0.4265625 0.51875 0.4265625 0.5296875 0.4234375 0.5328125 0.4 0.5453125 0.3859375 0.546875 0.3796875 0.55 0.3734375 0.55625 0.3734375 0.559375 0.359375 0.5625 0.3546875 0.559375 0.340625 0.55625 0.328125 0.5640625 0.3171875 0.5625 0.303125 0.5484375 0.303125 0.5453125 0.2953125 0.5359375 0.296875 0.515625 0.2921875 0.5125 0.275 0.5125 0.2578125 0.5171875 0.2140625 0.5171875 0.2125 0.51875 0.196875 0.51875 0.19375 0.515625 0.1984375 0.5046875 0.2015625 0.503125 0.2015625 0.4984375 0.1890625 0.4875 0.1890625 0.484375 0.1984375 0.4796875 0.1984375 0.4734375 0.19375 0.4703125 0.196875 0.4703125 0.2 0.4640625 0.2046875 0.4625 0.2140625 0.453125 0.2171875 0.453125 0.21875 0.45 0.228125 0.4484375 0.2453125 0.4390625 0.2484375 0.440625 0.29375 0.4390625
11 0.4890625 0.5109375 0.4984375 0.51875 0.5 0.528125 0.509375 0.53125 0.5109375 0.534375 0.51875 0.528125 0.540625 0.540625 0.54375 0.54375 0.5421875 0.55 0.5453125 0.55625 0.5578125 0.5640625 0.5609375 0.5734375 0.5609375 0.5921875 0.5546875 0.5984375 0.5546875 0.60625 0.5578125 0.6203125 0.5609375 0.6234375 0.5609375 0.63125 0.54375 0.6296875 0.5265625 0.61875 0.5125 0.6203125 0.4984375 0.61875 0.48125 0.6265625 0.4671875 0.6265625 0.4578125 0.6078125 0.4546875 0.6078125 0.453125 0.6125 0.45 0.609375 0.446875 0.6109375 0.4375 0.609375 0.4359375 0.60625 0.4375 0.6015625 0.4453125 0.596875 0.4515625 0.5828125 0.4515625 0.5734375 0.4484375 0.5671875 0.4375 0.5578125 0.4390625 0.5484375 0.4484375 0.534375 0.475 0.5203125 0.4828125 0.5109375 0.4875 0.5109375
11 0.3625 0.3453125 0.38125 0.35 0.3875 0.35625 0.39375 0.3734375 0.3953125 0.3921875 0.39375 0.39375 0.3890625 0.390625 0.3796875 0.390625 0.371875 0.3953125 0.36875 0.4015625 0.3546875 0.4046875 0.3453125 0.409375 0.3359375 0.4203125 0.3359375 0.428125 0.3390625 0.4328125 0.3375 0.4421875 0.321875 0.459375 0.3109375 0.4515625 0.3015625 0.4359375 0.303125 0.4203125 0.309375 0.4171875 0.3171875 0.4171875 0.3234375 0.4125 0.325 0.3984375 0.33125 0.3921875 0.33125 0.3828125 0.3234375 0.3734375 0.328125 0.365625 0.3359375 0.3625 0.3421875 0.346875 0.3453125 0.34375 0.3609375 0.3453125
11 0.415625 0.3375 0.41875 0.34375 0.4296875 0.346875 0.4359375 0.35 0.4390625 0.3546875 0.446875 0.3578125 0.45625 0.3765625 0.446875 0.3796875 0.425 0.3796875 0.403125 0.3921875 0.396875 0.3921875 0.39375 0.3640625 0.3859375 0.3515625 0.3734375 0.3453125 0.3640625 0.3453125 0.3546875 0.3421875 0.3546875 0.3390625 0.3640625 0.3296875 0.3703125 0.3265625 0.378125 0.3265625 0.4046875 0.3140625 0.40625 0.3140625 0.4078125 0.3296875 0.4140625 0.3375
11 0.615625 0.4875 0.6203125 0.4859375 0.64375 0.4875 0.6609375 0.4953125 0.671875 0.4921875 0.6765625 0.49375 0.678125 0.4984375 0.6859375 0.5046875 0.7078125 0.5078125 0.7203125 0.5234375 0.728125 0.525 0.728125 0.528125 0.7171875 0.54375 0.71875 0.5578125 0.7171875 0.5875 0.7078125 0.603125 0.6953125 0.60625 0.6609375 0.6328125 0.65625 0.6328125 0.6453125 0.6390625 0.628125 0.6421875 0.6140625 0.6484375 0.59375 0.646875 0.5828125 0.6421875 0.5796875 0.6359375 0.584375 0.63125 0.596875 0.6078125 0.603125 0.6015625 0.609375 0.6015625 0.6140625 0.59375 0.6140625 0.553125 0.6109375 0.5484375 0.6046875 0.525 0.6046875 0.5046875 0.615625 0.4890625
11 0.4390625 0.528125 0.4421875 0.534375 0.440625 0.5453125 0.4375 0.546875 0.4375 0.55625 0.446875 0.565625 0.453125 0.578125 0.4546875 0.5890625 0.4578125 0.5921875 0.4640625 0.590625 0.46875 0.5953125 0.475 0.5953125 0.4765625 0.6 0.4953125 0.6109375 0.4953125 0.615625 0.484375 0.6234375 0.48125 0.6234375 0.4796875 0.6265625 0.465625 0.628125 0.453125 0.634375 0.45 0.6328125 0.4390625 0.634375 0.41875 0.6296875 0.4015625 0.6203125 0.396875 0.6203125 0.378125 0.6125 0.353125 0.5921875 0.3390625 0.5859375 0.3328125 0.56875 0.3390625 0.5609375 0.3515625 0.5609375 0.359375 0.565625 0.36875 0.5640625 0.3828125 0.5515625 0.4015625 0.546875 0.4125 0.540625 0.4171875 0.540625 0.4234375 0.5375 0.4328125 0.528125 0.4375 0.528125
21 0 0.561671763506626 0.043478260869565216 0.581039755351682 0.11141304347826086 0.5790010193679919 0.14402173913043478 0.5647298674821611 0.16983695652173914 0.5168195718654435 0.1576086956521739 0.49439347604485223 0.1358695652173913 0.47196738022426094 0.11005434782608696 0.45871559633027525 0.06385869565217392 0.45158002038735984 0.03125 0.454638124362895 0.001358695652173913 0.4648318042813456 0 0.561671763506626
21 0.01358695652173913 0.6483180428134557 0.021739130434782608 0.6809378185524975 0.03668478260869565 0.7043832823649337 0.05570652173913043 0.7206931702344547 0.07744565217391304 0.7308868501529052 0.11141304347826086 0.7370030581039756 0.14945652173913043 0.7512742099898063 0.15896739130434784 0.7512742099898063 0.19429347826086957 0.7370030581039756 0.18478260869565216 0.7349643221202855 0.18070652173913043 0.726809378185525 0.19157608695652173 0.7104994903160041 0.1983695652173913 0.6819571865443426 0.1956521739130435 0.6442405708460754 0.19972826086956522 0.6218144750254841 0.1983695652173913 0.6126401630988787 0.18478260869565216 0.598369011213048 0.15217391304347824 0.5830784913353722 0.12771739130434784 0.580020387359837 0.05027173913043478 0.5830784913353722 0.028532608695652172 0.5973496432212029 0.014945652173913044 0.6248725790010193 0.01358695652173913 0.6483180428134557
21 0.18070652173913043 0.5953109072375128 0.19972826086956522 0.6156982670744139 0.19429347826086957 0.6513761467889909 0.1956521739130435 0.6982670744138634 0.1766304347826087 0.7319062181447503 0.15353260869565216 0.7431192660550459 0.15625 0.7492354740061162 0.16304347826086957 0.7492354740061162 0.22418478260869565 0.72782874617737 0.2527173913043478 0.7074413863404689 0.2730978260869565 0.6707441386340469 0.2758152173913043 0.6248725790010193 0.25679347826086957 0.5851172273190622 0.24048913043478262 0.5728848114169216 0.21059782608695649 0.5657492354740061 0.15896739130434784 0.5851172273190622 0.18070652173913043 0.5953109072375128
21 0.27445652173913043 0.6126401630988787 0.27717391304347827 0.6523955147808359 0.2717391304347826 0.6768603465851173 0.2608695652173913 0.6952089704383282 0.24592391304347827 0.7135575942915393 0.21739130434782608 0.7359836901121305 0.22418478260869565 0.7451580020387361 0.24048913043478262 0.7492354740061162 0.28532608695652173 0.7471967380224261 0.3179347826086957 0.7339449541284404 0.3491847826086957 0.7064220183486238 0.3668478260869565 0.6554536187563711 0.3668478260869565 0.6126401630988787 0.35190217391304346 0.5973496432212029 0.34103260869565216 0.5973496432212029 0.31657608695652173 0.5840978593272171 0.25815217391304346 0.5840978593272171 0.27445652173913043 0.6126401630988787
21 0.3668478260869565 0.6656472986748216 0.35190217391304346 0.7003058103975535 0.3220108695652174 0.7329255861365953 0.28940217391304346 0.7512742099898063 0.3070652173913043 0.7726809378185525 0.38858695652173914 0.7920489296636086 0.43478260869565216 0.7767584097859327 0.4415760869565217 0.7706422018348624 0.46739130434782605 0.7329255861365953 0.47010869565217395 0.7003058103975535 0.4633152173913043 0.672782874617737 0.44972826086956524 0.6554536187563711 0.4307065217391305 0.6401630988786953 0.4021739130434782 0.6258919469928644 0.37635869565217395 0.6156982670744139 0.3695652173913043 0.6167176350662589 0.3668478260869565 0.6656472986748216
21 0.3668478260869565 0.6656472986748216 0.3491847826086957 0.7094801223241591 0.3152173913043478 0.7380224260958206 0.28940217391304346 0.7522935779816514 0.3070652173913043 0.7726809378185525 0.389945652173913 0.7920489296636086 0.4279891304347826 0.7798165137614679 0.4415760869565217 0.7706422018348624 0.46739130434782605 0.7329255861365953 0.47010869565217395 0.7003058103975535 0.4633152173913043 0.6738022426095821 0.4483695652173913 0.654434250764526 0.4021739130434782 0.6258919469928644 0.37635869565217395 0.6156982670744139 0.3695652173913043 0.617737003058104 0.3668478260869565 0.6656472986748216
21 0.46875 0.6799184505606524 0.47146739130434784 0.72782874617737 0.4578804347826087 0.7543323139653415 0.4375 0.7787971457696228 0.4116847826086956 0.7859327217125383 0.4021739130434782 0.7961264016309888 0.41847826086956524 0.8053007135575942 0.4904891304347826 0.8093781855249744 0.532608695652174 0.7889908256880734 0.546195652173913 0.7757390417940877 0.561141304347826 0.744138634046891 0.5597826086956521 0.7145769622833844 0.5448369565217391 0.6819571865443426 0.5095108695652174 0.6574923547400612 0.47010869565217395 0.6432212028542305 0.4538043478260869 0.6401630988786953 0.4429347826086956 0.6432212028542305 0.46875 0.6799184505606524
21 0.5285326086956521 0.6687054026503568 0.5475543478260869 0.6829765545361876 0.5597826086956521 0.708460754332314 0.563858695652174 0.7420998980632009 0.5557065217391304 0.7655453618756372 0.5421195652173914 0.7849133537206933 0.529891304347826 0.7951070336391438 0.5081521739130435 0.8012232415902141 0.4959239130434782 0.8103975535168196 0.5081521739130435 0.8205912334352702 0.5217391304347826 0.8246687054026504 0.5842391304347826 0.8216106014271153 0.6046195652173914 0.8114169215086646 0.6304347826086956 0.7879714576962285 0.639945652173913 0.7584097859327217 0.6372282608695652 0.72782874617737 0.6154891304347826 0.6941896024464832 0.6005434782608695 0.6799184505606524 0.5516304347826086 0.6595310907237513 0.5271739130434783 0.6605504587155964 0.5285326086956521 0.6687054026503568
21 0.6032608695652174 0.6788990825688074 0.638586956521739 0.72579001019368 0.6426630434782609 0.7584097859327217 0.626358695652174 0.7961264016309888 0.6046195652173914 0.8134556574923547 0.6032608695652174 0.8205912334352702 0.6195652173913043 0.8277268093781857 0.686141304347826 0.8267074413863404 0.7214673913043479 0.8073394495412843 0.7404891304347826 0.7838939857288482 0.7459239130434783 0.762487257900102 0.7350543478260869 0.7217125382262998 0.717391304347826 0.6962283384301733 0.6929347826086956 0.6809378185524975 0.6616847826086956 0.6687054026503568 0.6426630434782609 0.6676860346585117 0.6073369565217391 0.6748216106014271 0.6032608695652174 0.6788990825688074
21 0.6752717391304348 0.654434250764526 0.6929347826086956 0.6768603465851173 0.733695652173913 0.7003058103975535 0.7350543478260869 0.6901121304791029 0.7269021739130435 0.6758409785932722 0.7105978260869565 0.6085626911314985 0.6929347826086956 0.6106014271151886 0.669836956521739 0.6299694189602446 0.6752717391304348 0.654434250764526
21 0.7445652173913043 0.5840978593272171 0.7880434782608695 0.7094801223241591 0.7975543478260869 0.7227319062181448 0.8342391304347826 0.7237512742099899 0.8695652173913043 0.7054026503567787 0.888586956521739 0.6788990825688074 0.8967391304347826 0.6330275229357798 0.8899456521739131 0.6095820591233435 0.8478260869565217 0.5739041794087666 0.8192934782608695 0.5606523955147809 0.779891304347826 0.5535168195718654 0.7445652173913043 0.5555555555555556 0.7445652173913043 0.5840978593272171