33 0.044897959183673466 0.8571428571428571 0.06666666666666667 0.9169096209912537 0.11564625850340135 0.9752186588921281 0.14557823129251699 0.9941690962099126 0.37006802721088433 0.9941690962099126 0.401360544217687 0.9664723032069971 0.4299319727891156 0.9037900874635568 0.4299319727891156 0.8177842565597666 0.4122448979591836 0.7653061224489796 0.39183673469387753 0.7244897959183673 0.3442176870748299 0.6661807580174928 0.29795918367346935 0.6370262390670554 0.27210884353741494 0.6282798833819242 0.19319727891156463 0.6268221574344023 0.14829931972789115 0.641399416909621 0.11428571428571428 0.6632653061224489 0.061224489795918366 0.7230320699708455 0.04897959183673469 0.749271137026239 0.04081632653061225 0.7944606413994169 0.044897959183673466 0.8571428571428571
33 0.3836734693877551 0.5991253644314869 0.41768707482993195 0.6049562682215743 0.4625850340136054 0.5962099125364431 0.4721088435374149 0.5889212827988338 0.4993197278911564 0.5874635568513119 0.5523809523809524 0.565597667638484 0.5687074829931973 0.553935860058309 0.5727891156462585 0.5408163265306122 0.6027210884353742 0.5408163265306122 0.6299319727891156 0.5276967930029154 0.6435374149659864 0.5102040816326531 0.6231292517006802 0.4839650145772595 0.5918367346938775 0.46355685131195334 0.5659863945578232 0.456268221574344 0.5319727891156463 0.4577259475218659 0.4299319727891156 0.5 0.401360544217687 0.5349854227405247 0.38503401360544215 0.5787172011661808 0.3836734693877551 0.5991253644314869
33 0.3795918367346939 0.6603498542274052 0.38911564625850337 0.7128279883381924 0.4312925170068027 0.803206997084548 0.47891156462585033 0.8396501457725947 0.5401360544217687 0.8542274052478133 0.601360544217687 0.8483965014577259 0.6421768707482993 0.8177842565597666 0.6748299319727891 0.7609329446064139 0.6816326530612244 0.7244897959183673 0.6816326530612244 0.6195335276967929 0.6707482993197279 0.5685131195335277 0.6571428571428571 0.5379008746355685 0.5034013605442176 0.6151603498542274 0.4258503401360544 0.6253644314868805 0.38095238095238093 0.6253644314868805 0.3795918367346939 0.6603498542274052
33 0.0816326530612245 0.47667638483965014 0.10204081632653061 0.5393586005830904 0.12380952380952381 0.5728862973760933 0.1619047619047619 0.6137026239067055 0.18095238095238095 0.6239067055393586 0.25850340136054417 0.6224489795918366 0.2952380952380952 0.6326530612244897 0.3197278911564626 0.6195335276967929 0.3183673469387755 0.6107871720116618 0.2761904761904762 0.6005830903790087 0.20816326530612245 0.5670553935860058 0.14421768707482993 0.5131195335276968 0.09523809523809523 0.4577259475218659 0.0816326530612245 0.44897959183673464 0.0816326530612245 0.47667638483965014
33 0.08435374149659863 0.40962099125364426 0.13333333333333333 0.44897959183673464 0.1401360544217687 0.4679300291545189 0.15918367346938775 0.4941690962099125 0.2598639455782313 0.565597667638484 0.3129251700680272 0.5860058309037901 0.33741496598639453 0.5874635568513119 0.3510204081632653 0.5772594752186588 0.3768707482993197 0.5247813411078717 0.382312925170068 0.4985422740524781 0.38095238095238093 0.4533527696793002 0.3564625850340136 0.36588921282798836 0.3319727891156462 0.32215743440233235 0.30204081632653057 0.29154518950437314 0.2761904761904762 0.2769679300291545 0.24489795918367346 0.26822157434402333 0.2149659863945578 0.26822157434402333 0.17278911564625848 0.27988338192419826 0.1564625850340136 0.29591836734693877 0.15918367346938775 0.30466472303206993 0.1346938775510204 0.314868804664723 0.11156462585034013 0.3411078717201166 0.09251700680272108 0.368804664723032 0.08435374149659863 0.39358600583090375 0.08435374149659863 0.40962099125364426
33 0.363265306122449 0.37755102040816324 0.38911564625850337 0.4912536443148688 0.40680272108843535 0.5131195335276968 0.4421768707482993 0.4897959183673469 0.5319727891156463 0.45481049562682213 0.5823129251700679 0.45481049562682213 0.5850340136054422 0.44897959183673464 0.5931972789115646 0.4110787172011662 0.5959183673469387 0.36005830903790087 0.5823129251700679 0.30612244897959184 0.5564625850340136 0.26676384839650147 0.5251700680272109 0.24781341107871718 0.491156462585034 0.2376093294460641 0.4693877551020408 0.2376093294460641 0.4244897959183674 0.25510204081632654 0.4054421768707483 0.27113702623906705 0.38503401360544215 0.3017492711370262 0.36462585034013606 0.36005830903790087 0.363265306122449 0.37755102040816324
33 0.18231292517006803 0.20699708454810492 0.20136054421768707 0.2638483965014577 0.24217687074829933 0.26530612244897955 0.2761904761904762 0.2755102040816326 0.30476190476190473 0.29154518950437314 0.34557823129251697 0.3338192419825073 0.35918367346938773 0.3279883381924198 0.38911564625850337 0.27988338192419826 0.4136054421768708 0.2594752186588921 0.4204081632653061 0.24635568513119535 0.4217687074829932 0.2215743440233236 0.4 0.20991253644314867 0.4 0.19679300291545188 0.3727891156462585 0.1618075801749271 0.3768707482993197 0.15160349854227403 0.3986394557823129 0.13702623906705538 0.39591836734693875 0.11661807580174925 0.3768707482993197 0.09183673469387754 0.363265306122449 0.08309037900874636 0.3238095238095238 0.08017492711370262 0.3034013605442177 0.07288629737609328 0.27210884353741494 0.07288629737609328 0.2435374149659864 0.08017492711370262 0.22448979591836732 0.09183673469387754 0.20408163265306123 0.11661807580174925 0.1836734693877551 0.16763848396501457 0.18231292517006803 0.20699708454810492
33 0.4340136054421769 0.0597667638483965 0.4503401360544218 0.06705539358600583 0.4979591836734694 0 0.47346938775510206 0.0058309037900874635 0.4408163265306122 0.04227405247813411 0.4340136054421769 0.0597667638483965
33 0.43809523809523804 0.21574344023323616 0.4530612244897959 0.23615160349854225 0.4979591836734694 0.23615160349854225 0.5401360544217687 0.25218658892128276 0.564625850340136 0.2696793002915452 0.5850340136054422 0.2565597667638484 0.6136054421768707 0.2201166180758017 0.6340136054421769 0.15889212827988336 0.6340136054421769 0.08746355685131195 0.6122448979591837 0.023323615160349854 0.6054421768707483 0.023323615160349854 0.5129251700680272 0.09912536443148687 0.47891156462585033 0.1705539358600583 0.4408163265306122 0.2055393586005831 0.43809523809523804 0.21574344023323616
33 0 0 0 0.07434402332361516 0.009523809523809523 0.08309037900874636 0.0013605442176870747 0.09912536443148687 0.021768707482993196 0.15160349854227403 0.06394557823129252 0.18221574344023322 0.11564625850340135 0.1924198250728863 0.1346938775510204 0.1924198250728863 0.1564625850340136 0.18221574344023322 0.17959183673469387 0.16034985422740525 0.19863945578231293 0.119533527696793 0.23537414965986395 0.07871720116618075 0.2312925170068027 0.06559766763848396 0.25850340136054417 0.05393586005830904 0.26122448979591834 0.014577259475218656 0.25578231292517006 0 0 0
33 0 0.4854227405247813 0.021768707482993196 0.4970845481049563 0.04081632653061225 0.5 0.061224489795918366 0.5 0.08027210884353742 0.4927113702623907 0.07482993197278912 0.4460641399416909 0.0027210884353741495 0.37317784256559766 0 0.4854227405247813
33 0.047619047619047616 0.2900874635568513 0 0.28425655976676384 0 0.30466472303206993 0.061224489795918366 0.38629737609329445 0.08027210884353742 0.40087463556851305 0.09931972789115646 0.3542274052478134 0.13741496598639455 0.30612244897959184 0.11972789115646258 0.2857142857142857 0.06530612244897958 0.282798833819242 0.047619047619047616 0.2900874635568513
33 0 0.21137026239067053 0 0.2696793002915452 0.13605442176870747 0.2696793002915452 0.15374149659863945 0.2900874635568513 0.18639455782312925 0.26822157434402333 0.18503401360544217 0.25801749271137026 0.16734693877551018 0.23177842565597667 0.12244897959183673 0.19825072886297374 0.09387755102040815 0.18950437317784258 0.05170068027210885 0.1880466472303207 0.013605442176870746 0.20116618075801748 0 0.21137026239067053
33 0.6870748299319728 0.6793002915451896 0.6802721088435374 0.7536443148688046 0.6448979591836734 0.8192419825072885 0.6095238095238095 0.8498542274052477 0.616326530612245 0.8819241982507288 0.6408163265306122 0.9241982507288629 0.6775510204081632 0.9635568513119533 0.710204081632653 0.9854227405247814 0.7414965986394557 0.9941690962099126 0.8312925170068027 0.9912536443148687 0.8653061224489795 0.9635568513119533 0.8843537414965986 0.9096209912536443 0.8870748299319727 0.8411078717201166 0.8734693877551021 0.782798833819242 0.8585034013605443 0.749271137026239 0.7918367346938775 0.6895043731778425 0.7605442176870748 0.641399416909621 0.7170068027210884 0.6282798833819242 0.6857142857142857 0.629737609329446 0.6870748299319728 0.6793002915451896
33 0.4312925170068027 0.9067055393586004 0.39319727891156464 0.988338192419825 0.4312925170068027 0.9970845481049562 0.5401360544217687 0.9956268221574345 0.5551020408163265 0.9912536443148687 0.5700680272108843 0.9781341107871719 0.5904761904761904 0.9489795918367345 0.6054421768707483 0.9139941690962099 0.6081632653061224 0.8892128279883382 0.6 0.8556851311953352 0.5496598639455782 0.858600583090379 0.4870748299319728 0.8483965014577259 0.44625850340136053 0.8206997084548104 0.4340136054421769 0.8192419825072885 0.4312925170068027 0.9067055393586004
33 0.6625850340136055 0.5379008746355685 0.6870748299319728 0.6151603498542274 0.7401360544217687 0.5816326530612245 0.7414965986394557 0.5160349854227405 0.7605442176870748 0.4431486880466472 0.6653061224489796 0.5291545189504373 0.6625850340136055 0.5379008746355685
33 0.5877551020408163 0.456268221574344 0.6149659863945578 0.4737609329446064 0.6503401360544218 0.5116618075801749 0.7442176870748299 0.42565597667638483 0.7877551020408162 0.3760932944606414 0.7333333333333333 0.31341107871720114 0.6911564625850339 0.30612244897959184 0.6421768707482993 0.3250728862973761 0.6204081632653061 0.3469387755102041 0.5986394557823129 0.38046647230320696 0.5877551020408163 0.456268221574344
33 0.963265306122449 0.1880466472303207 0.9945578231292517 0.2565597667638484 0.9986394557823128 0.24927113702623904 0.9945578231292517 0.18221574344023322 0.9755102040816326 0.141399416909621 0.9428571428571428 0.10787172011661808 0.963265306122449 0.1880466472303207
33 0.727891156462585 0.24489795918367346 0.7387755102040816 0.2813411078717201 0.763265306122449 0.32944606413994165 0.7945578231292517 0.36005830903790087 0.8040816326530612 0.36443148688046645 0.85578231292517 0.33819241982507287 0.8693877551020408 0.34256559766763844 0.8843537414965986 0.36005830903790087 0.9292517006802721 0.368804664723032 0.9469387755102041 0.36588921282798836 0.9619047619047618 0.3498542274052478 0.963265306122449 0.3440233236151603 0.9510204081632653 0.326530612244898 0.8340136054421767 0.061224489795918366 0.7986394557823129 0.06851311953352769 0.7564625850340135 0.10204081632653061 0.7360544217687075 0.13702623906705538 0.7251700680272108 0.1793002915451895 0.727891156462585 0.24489795918367346
33 0.7442176870748299 0.5699708454810495 0.7605442176870748 0.629737609329446 0.7959183673469388 0.6880466472303206 0.8353741496598639 0.7259475218658892 0.8775510204081632 0.7463556851311953 0.9183673469387754 0.749271137026239 0.9605442176870748 0.7332361516034985 0.9986394557823128 0.6982507288629737 0.9986394557823128 0.41253644314868804 0.9714285714285713 0.3892128279883382 0.9414965986394558 0.37317784256559766 0.8884353741496598 0.36588921282798836 0.8829931972789116 0.3746355685131195 0.8517006802721088 0.37317784256559766 0.8149659863945578 0.39067055393586003 0.7931972789115646 0.40670553935860054 0.7700680272108843 0.43586005830903785 0.7578231292517007 0.4591836734693877 0.7442176870748299 0.5116618075801749 0.7442176870748299 0.5699708454810495