33 0.2875 0.4339622641509434 0.3125 0.48050314465408805 0.32916666666666666 0.49433962264150944 0.37361111111111106 0.5031446540880504 0.4208333333333333 0.519496855345912 0.4708333333333333 0.5207547169811322 0.523611111111111 0.5069182389937107 0.5527777777777778 0.49308176100628937 0.5736111111111111 0.4641509433962264 0.5736111111111111 0.41635220125786165 0.5583333333333333 0.3786163522012579 0.5125 0.33333333333333337 0.4625 0.31194968553459124 0.4 0.30691823899371073 0.3416666666666667 0.3207547169811321 0.3069444444444444 0.349685534591195 0.2861111111111111 0.39245283018867927 0.2875 0.4339622641509434
33 0.24166666666666664 0.6226415094339622 0.26944444444444443 0.6767295597484277 0.3138888888888889 0.7220125786163523 0.35 0.7433962264150944 0.39305555555555555 0.7547169811320755 0.4527777777777778 0.7484276729559749 0.4847222222222222 0.7333333333333334 0.5166666666666666 0.6981132075471699 0.525 0.669182389937107 0.525 0.640251572327044 0.5125 0.6 0.4819444444444444 0.5622641509433962 0.4305555555555555 0.5270440251572327 0.3416666666666667 0.49811320754716987 0.3 0.5006289308176102 0.2722222222222222 0.5119496855345912 0.2583333333333333 0.5232704402515724 0.2375 0.5672955974842767 0.24166666666666664 0.6226415094339622
33 0.19722222222222222 0.7786163522012579 0.20833333333333331 0.8213836477987423 0.22777777777777777 0.8528301886792453 0.2513888888888889 0.8729559748427673 0.3 0.8918238993710693 0.3375 0.8943396226415095 0.38055555555555554 0.8817610062893083 0.4 0.8616352201257863 0.40555555555555556 0.8515723270440253 0.40694444444444444 0.7610062893081762 0.3333333333333333 0.7371069182389938 0.3125 0.7232704402515724 0.2722222222222222 0.6817610062893082 0.24722222222222218 0.689308176100629 0.22777777777777777 0.7044025157232705 0.2 0.749685534591195 0.19722222222222222 0.7786163522012579
33 0.2847222222222222 0.2339622641509434 0.2944444444444444 0.26415094339622647 0.3263888888888889 0.29811320754716986 0.3402777777777778 0.30817610062893086 0.35972222222222217 0.31320754716981136 0.3902777777777778 0.3056603773584906 0.4444444444444445 0.30188679245283023 0.4583333333333333 0.289308176100629 0.4736111111111111 0.26792452830188684 0.47638888888888886 0.2389937106918239 0.4930555555555555 0.21257861635220127 0.49444444444444435 0.16603773584905662 0.4833333333333333 0.12704402515723273 0.4611111111111111 0.09182389937106919 0.4263888888888888 0.06666666666666668 0.3902777777777778 0.0628930817610063 0.3638888888888889 0.07044025157232706 0.3333333333333333 0.09308176100628932 0.3 0.139622641509434 0.2847222222222222 0.189937106918239 0.2847222222222222 0.2339622641509434
33 0.47777777777777775 0.27421383647798747 0.4930555555555555 0.3144654088050315 0.5402777777777777 0.35220125786163525 0.5680555555555555 0.3836477987421384 0.6013888888888889 0.4075471698113208 0.6333333333333333 0.41635220125786165 0.6638888888888889 0.39119496855345914 0.7069444444444444 0.3685534591194969 0.7138888888888888 0.3459119496855346 0.7222222222222221 0.2754716981132076 0.7194444444444443 0.26289308176100634 0.6916666666666667 0.22515723270440252 0.6708333333333333 0.21006289308176102 0.6305555555555555 0.19119496855345913 0.55 0.18867924528301888 0.5041666666666667 0.20754716981132076 0.47916666666666663 0.23773584905660378 0.47777777777777775 0.27421383647798747
33 0.05972222222222222 0.4037735849056604 0.08194444444444444 0.44025157232704404 0.11944444444444444 0.4641509433962264 0.1736111111111111 0.4691823899371069 0.2444444444444444 0.4440251572327044 0.28194444444444444 0.4226415094339623 0.2861111111111111 0.38616352201257864 0.3 0.35597484276729563 0.3388888888888889 0.3144654088050315 0.2958333333333333 0.2704402515723271 0.25416666666666665 0.26289308176100634 0.1986111111111111 0.26415094339622647 0.10555555555555556 0.2867924528301887 0.0736111111111111 0.32830188679245287 0.05833333333333333 0.3584905660377359 0.05972222222222222 0.4037735849056604
33 0 0.610062893081761 0.043055555555555555 0.6138364779874215 0.07083333333333333 0.608805031446541 0.10972222222222221 0.589937106918239 0.1472222222222222 0.5547169811320755 0.1611111111111111 0.5283018867924529 0.1625 0.48930817610062893 0.15416666666666665 0.4729559748427673 0.12638888888888888 0.4691823899371069 0.08472222222222223 0.44528301886792454 0.05694444444444444 0.40628930817610065 0.03611111111111111 0.40628930817610065 0.0027777777777777775 0.41635220125786165 0 0.610062893081761
33 0.19027777777777777 0.2238993710691824 0.1986111111111111 0.2603773584905661 0.25 0.2603773584905661 0.29166666666666663 0.2666666666666667 0.2833333333333333 0.23270440251572327 0.2847222222222222 0.18742138364779876 0.3013888888888889 0.1358490566037736 0.3222222222222222 0.10314465408805032 0.31527777777777777 0.09811320754716982 0.29027777777777775 0.09685534591194969 0.23888888888888887 0.11446540880503145 0.20833333333333331 0.14339622641509436 0.19583333333333333 0.17735849056603775 0.19027777777777777 0.2238993710691824
33 0.16666666666666666 0.5534591194968554 0.18194444444444444 0.5874213836477987 0.20833333333333331 0.610062893081761 0.23888888888888887 0.6226415094339622 0.2333333333333333 0.578616352201258 0.25416666666666665 0.5270440251572327 0.2875 0.5031446540880504 0.3222222222222222 0.49433962264150944 0.2875 0.4440251572327044 0.2611111111111111 0.4440251572327044 0.21805555555555553 0.45534591194968554 0.19722222222222222 0.4666666666666667 0.1736111111111111 0.49308176100628937 0.16666666666666666 0.5182389937106919 0.16666666666666666 0.5534591194968554
33 0.043055555555555555 0.7018867924528303 0.06388888888888888 0.7383647798742139 0.09305555555555554 0.7635220125786164 0.1375 0.7786163522012579 0.1847222222222222 0.7748427672955975 0.19166666666666665 0.7534591194968554 0.2208333333333333 0.709433962264151 0.2597222222222222 0.6779874213836479 0.25416666666666665 0.6540880503144655 0.2347222222222222 0.6251572327044025 0.2125 0.6150943396226415 0.18333333333333332 0.5911949685534592 0.15138888888888888 0.5849056603773585 0.11944444444444444 0.588679245283019 0.07777777777777777 0.6075471698113207 0.05694444444444444 0.6327044025157232 0.041666666666666664 0.6666666666666667 0.043055555555555555 0.7018867924528303
33 0.40694444444444444 0.8364779874213838 0.4180555555555555 0.8666666666666668 0.43611111111111106 0.8918238993710693 0.47777777777777775 0.9157232704402516 0.5222222222222223 0.919496855345912 0.5583333333333333 0.909433962264151 0.5875 0.8880503144654088 0.6097222222222223 0.8540880503144654 0.6097222222222223 0.7459119496855346 0.5902777777777778 0.7245283018867925 0.548611111111111 0.7081761006289309 0.5180555555555555 0.7081761006289309 0.475 0.7421383647798743 0.425 0.7559748427672957 0.4083333333333333 0.789937106918239 0.40694444444444444 0.8364779874213838
33 0.4847222222222222 0.5610062893081762 0.5083333333333333 0.588679245283019 0.525 0.6276729559748427 0.5263888888888888 0.6918238993710693 0.5736111111111111 0.7157232704402516 0.6180555555555556 0.7207547169811321 0.648611111111111 0.6729559748427674 0.6916666666666667 0.6364779874213837 0.6541666666666666 0.6150943396226415 0.6263888888888889 0.589937106918239 0.6138888888888888 0.5710691823899372 0.5972222222222222 0.5245283018867924 0.6 0.47924528301886793 0.5888888888888888 0.4742138364779874 0.575 0.47547169811320755 0.5458333333333333 0.5006289308176102 0.4958333333333333 0.5169811320754717 0.48611111111111105 0.5333333333333334 0.4847222222222222 0.5610062893081762
33 0.6083333333333333 0.8062893081761008 0.6208333333333333 0.8503144654088051 0.6611111111111111 0.8930817610062893 0.6930555555555555 0.9081761006289308 0.7388888888888888 0.909433962264151 0.7861111111111111 0.889308176100629 0.8111111111111111 0.8666666666666668 0.836111111111111 0.8138364779874214 0.8388888888888889 0.7534591194968554 0.825 0.7031446540880504 0.7972222222222222 0.6616352201257862 0.7722222222222221 0.6427672955974842 0.7 0.6377358490566037 0.6694444444444444 0.6540880503144655 0.6277777777777778 0.7081761006289309 0.6097222222222223 0.7672955974842768 0.6083333333333333 0.8062893081761008
33 0.6 0.5257861635220127 0.6083333333333333 0.5534591194968554 0.6222222222222221 0.5811320754716982 0.6583333333333333 0.6150943396226415 0.6972222222222222 0.6339622641509435 0.7666666666666666 0.640251572327044 0.8027777777777777 0.6276729559748427 0.8347222222222221 0.5974842767295597 0.85 0.5522012578616352 0.8458333333333332 0.5044025157232704 0.836111111111111 0.47924528301886793 0.8055555555555556 0.43018867924528303 0.7666666666666666 0.38616352201257864 0.7333333333333333 0.3748427672955975 0.7125 0.3748427672955975 0.6694444444444444 0.389937106918239 0.6305555555555555 0.4226415094339623 0.6041666666666666 0.4729559748427673 0.6 0.5257861635220127
33 0.5777777777777777 0.15220125786163524 0.6083333333333333 0.16352201257861637 0.6416666666666666 0.1949685534591195 0.6916666666666667 0.22264150943396227 0.7208333333333333 0.22515723270440252 0.7277777777777777 0.2050314465408805 0.7236111111111111 0.16729559748427675 0.7138888888888888 0.149685534591195 0.6916666666666667 0.12830188679245286 0.6611111111111111 0.11572327044025157 0.6361111111111111 0.11446540880503145 0.6125 0.12201257861635222 0.586111111111111 0.139622641509434 0.5777777777777777 0.15220125786163524
33 0.5 0.20754716981132076 0.548611111111111 0.18742138364779876 0.5930555555555556 0.1849056603773585 0.6305555555555555 0.18867924528301888 0.6166666666666666 0.169811320754717 0.5805555555555555 0.1547169811320755 0.5458333333333333 0.1547169811320755 0.5013888888888889 0.17232704402515725 0.5 0.20754716981132076
33 0.736111111111111 0.3157232704402516 0.7527777777777778 0.3584905660377359 0.8069444444444445 0.38113207547169814 0.8347222222222221 0.4088050314465409 0.8777777777777777 0.410062893081761 0.9069444444444444 0.4025157232704403 0.9305555555555556 0.3886792452830189 0.9583333333333333 0.35597484276729563 0.9666666666666666 0.32704402515723274 0.9597222222222221 0.27798742138364785 0.9361111111111111 0.2427672955974843 0.9138888888888888 0.22264150943396227 0.8819444444444444 0.2050314465408805 0.8375 0.19622641509433963 0.8125 0.19874213836477989 0.7847222222222221 0.2088050314465409 0.7472222222222221 0.2427672955974843 0.736111111111111 0.2767295597484277 0.736111111111111 0.3157232704402516
33 0.8527777777777776 0.5308176100628932 0.8486111111111111 0.5723270440251572 0.8347222222222221 0.6012578616352202 0.8097222222222221 0.6264150943396227 0.8069444444444445 0.6415094339622642 0.8291666666666666 0.6666666666666667 0.8652777777777777 0.6754716981132076 0.8930555555555555 0.6767295597484277 0.9347222222222221 0.6666666666666667 0.9569444444444445 0.6540880503144655 0.9986111111111111 0.608805031446541 0.9986111111111111 0.5207547169811322 0.9694444444444444 0.5031446540880504 0.9319444444444445 0.4918238993710692 0.8819444444444444 0.4918238993710692 0.8625 0.49433962264150944 0.8486111111111111 0.5018867924528302 0.8527777777777776 0.5308176100628932
33 0.836111111111111 0.4176100628930818 0.8458333333333332 0.49308176100628937 0.899073611111111 0.48930817610062893 0.95 0.49308176100628937 0.9569444444444445 0.48805031446540886 0.9666666666666666 0.46540880503144655 0.9666666666666666 0.4427672955974843 0.9583333333333333 0.4125786163522013 0.9416666666666667 0.389937106918239 0.9333333333333332 0.38742138364779877 0.8916666666666666 0.4088050314465409 0.8402777777777777 0.4125786163522013 0.836111111111111 0.4176100628930818