7 0.4130434782608695 0.8509174311926605 0.4538043478260869 0.882262996941896 0.46739130434782605 0.900611620795107 0.48233695652173914 0.9113149847094801 0.48233695652173914 0.9181957186544342 0.5027173913043479 0.9220183486238532 0.5366847826086956 0.9403669724770642 0.5706521739130435 0.9449541284403671 0.6005434782608695 0.9457186544342507 0.6141304347826086 0.9380733944954128 0.6277173913043479 0.9235474006116208 0.639945652173913 0.9235474006116208 0.657608695652174 0.9319571865443426 0.702445652173913 0.9227828746177369 0.7527173913043479 0.9212538226299694 0.7663043478260869 0.9151376146788991 0.875 0.8906727828746177 0.8899456521739131 0.8830275229357799 0.8858695652173912 0.8776758409785932 0.796195652173913 0.8555045871559633 0.6589673913043479 0.845565749235474 0.5665760869565217 0.8272171253822631 0.4904891304347826 0.8073394495412843 0.46603260869565216 0.8088685015290519 0.43478260869565216 0.8256880733944953 0.42527173913043476 0.8287461773700306 0.4130434782608695 0.8279816513761468 0.4130434782608695 0.8509174311926605
7 0.35190217391304346 0.7928134556574923 0.3546195652173913 0.8035168195718654 0.3695652173913043 0.8165137614678899 0.389945652173913 0.8249235474006117 0.40353260869565216 0.8157492354740061 0.43885869565217395 0.8188073394495413 0.4470108695652174 0.8172782874617737 0.4592391304347826 0.8058103975535168 0.4850543478260869 0.8042813455657493 0.5108695652173914 0.8073394495412843 0.53125 0.8188073394495413 0.5502717391304348 0.819571865443425 0.5720108695652174 0.8279816513761468 0.6494565217391304 0.8432721712538227 0.7554347826086956 0.8501529051987766 0.8220108695652174 0.8593272171253823 0.8315217391304348 0.8593272171253823 0.8600543478260869 0.8463302752293578 0.8763586956521738 0.8448012232415902 0.8953804347826086 0.8348623853211009 0.888586956521739 0.8149847094801222 0.892663043478261 0.8073394495412843 0.8831521739130433 0.8019877675840978 0.8858695652173912 0.7989296636085627 0.8722826086956521 0.8050458715596329 0.8586956521739131 0.8035168195718654 0.8478260869565217 0.7981651376146789 0.8464673913043479 0.7935779816513762 0.830163043478261 0.7874617737003058 0.8247282608695652 0.7897553516819571 0.7921195652173914 0.7889908256880733 0.7894021739130435 0.7912844036697247 0.7744565217391304 0.7882262996941896 0.7676630434782609 0.7897553516819571 0.563858695652174 0.7759938837920489 0.5584239130434783 0.7813455657492354 0.5353260869565217 0.7805810397553516 0.5217391304347826 0.7759938837920489 0.4320652173913043 0.7714067278287462 0.40489130434782605 0.7737003058103975 0.37635869565217395 0.7714067278287462 0.360054347826087 0.7782874617737002 0.35190217391304346 0.7928134556574923
7 0.36820652173913043 0.7599388379204892 0.36820652173913043 0.7698776758409787 0.375 0.77217125382263 0.5625 0.7828746177370031 0.5706521739130435 0.7798165137614679 0.5960149456521739 0.7805810397553516 0.6290760869565217 0.786697247706422 0.6453804347826086 0.7836391437308868 0.686141304347826 0.786697247706422 0.7078804347826086 0.7813455657492354 0.7119565217391304 0.786697247706422 0.720108695652174 0.7874617737003058 0.7404891304347826 0.7805810397553516 0.7581521739130435 0.7828746177370031 0.7934782608695652 0.7767584097859327 0.8016304347826086 0.7805810397553516 0.8029891304347826 0.786697247706422 0.8084239130434783 0.7828746177370031 0.8247282608695652 0.786697247706422 0.8315217391304348 0.7798165137614679 0.8519021739130433 0.7744648318042813 0.8654891304347826 0.7744648318042813 0.8804347826086957 0.7576452599388379 0.8913043478260869 0.7545871559633027 0.8899456521739131 0.7507645259938838 0.8804347826086957 0.7507645259938838 0.8695652173913043 0.7415902140672783 0.8451086956521738 0.7362385321100917 0.763586956521739 0.7331804281345565 0.4592391304347826 0.7110091743119267 0.40489130434782605 0.7125382262996942 0.3817934782608695 0.7270642201834863 0.375 0.7423547400611621 0.36820652173913043 0.7599388379204892
7 0.37228260869565216 0.7071865443425076 0.3817934782608695 0.7125382262996942 0.37907608695652173 0.7285932721712538 0.375 0.7301223241590213 0.37907608695652173 0.7347094801223242 0.360054347826087 0.7584097859327217 0.360054347826087 0.7851681957186545 0.3505434782608695 0.7966360856269113 0.3505434782608695 0.8035168195718654 0.37364130434782605 0.8249235474006117 0.39266304347826086 0.8302752293577982 0.3953804347826087 0.8157492354740061 0.40896739130434784 0.8088685015290519 0.43885869565217395 0.8188073394495413 0.4429347826086956 0.8134556574923547 0.4578804347826087 0.8073394495412843 0.48777173913043476 0.8035168195718654 0.5040760869565217 0.8073394495412843 0.5095108695652174 0.8058103975535168 0.5353260869565217 0.8180428134556574 0.5516304347826086 0.8180428134556574 0.5788043478260869 0.8279816513761468 0.5855978260869565 0.8241590214067278 0.5910326086956521 0.8249235474006117 0.5991847826086956 0.831039755351682 0.6480978260869565 0.8417431192660552 0.7377717391304348 0.8463302752293578 0.7730978260869565 0.8532110091743119 0.826086956521739 0.8585626911314984 0.8845108695652174 0.8417431192660552 0.9008152173913043 0.831039755351682 0.892663043478261 0.8211009174311925 0.8994565217391305 0.7966360856269113 0.8953804347826086 0.7935779816513762 0.8913043478260869 0.7561162079510704 0.9021739130434783 0.7515290519877675 0.9103260869565217 0.7201834862385321 0.9646739130434783 0.6957186544342507 0.9524456521739131 0.6827217125382263 0.951086956521739 0.6697247706422018 0.9184782608695652 0.6399082568807339 0.8695652173913043 0.6307339449541284 0.8396739130434783 0.636085626911315 0.8247282608695652 0.6345565749235474 0.8029891304347826 0.6269113149847094 0.7364130434782609 0.6238532110091743 0.733695652173913 0.6200305810397554 0.720108695652174 0.6223241590214067 0.6739130434782609 0.6200305810397554 0.6616847826086956 0.6070336391437309 0.6644021739130435 0.5978593272171253 0.5910326086956521 0.5871559633027523 0.577445652173913 0.5871559633027523 0.5706521739130435 0.5932721712538227 0.5489130434782609 0.5932721712538227 0.5448369565217391 0.5963302752293578 0.5380434782608695 0.5948012232415902 0.5339673913043479 0.5978593272171253 0.5258152173913043 0.5963302752293578 0.4945652173913043 0.6016819571865443 0.4741847826086956 0.6085626911314985 0.3980978260869565 0.6536697247706422 0.39402173913043476 0.6643730886850153 0.38315217391304346 0.6697247706422018 0.37092391304347827 0.6941896024464832 0.37228260869565216 0.7071865443425076
7 0 0.6995412844036697 0.01358695652173913 0.7079510703363915 0.042119565217391304 0.7178899082568807 0.0733695652173913 0.7178899082568807 0.10597826086956522 0.7247706422018348 0.11820652173913042 0.7240061162079511 0.19293478260869565 0.7140672782874617 0.21739130434782608 0.7071865443425076 0.23369565217391303 0.6980122324159022 0.24728260869565216 0.6964831804281346 0.25679347826086957 0.6880733944954128 0.28125 0.6827217125382263 0.2839673913043478 0.6758409785932722 0.3464673913043478 0.6704892966360856 0.3654891304347826 0.6743119266055045 0.3980978260869565 0.6475535168195719 0.4103260869565217 0.6284403669724771 0.39402173913043476 0.6131498470948011 0.31114130434782605 0.6116207951070336 0.27989130434782605 0.6070336391437309 0.23777173913043476 0.6200305810397554 0.20652173913043476 0.6185015290519877 0.1576086956521739 0.6253822629969419 0.14945652173913043 0.632262996941896 0.13179347826086957 0.632262996941896 0.10869565217391304 0.642966360856269 0.021739130434782608 0.6605504587155963 0.004076086956521739 0.6674311926605505 0 0.6995412844036697
7 0.16304347826086957 0.77217125382263 0.1793478260869565 0.8058103975535168 0.18478260869565216 0.8065749235474007 0.19293478260869565 0.7928134556574923 0.20652173913043476 0.7874617737003058 0.264945652173913 0.7775229357798165 0.3016304347826087 0.7935779816513762 0.3247282608695652 0.7928134556574923 0.3532608695652174 0.7691131498470948 0.36820652173913043 0.7240061162079511 0.3668478260869565 0.709480122324159 0.3559782608695652 0.7010703363914372 0.3668478260869565 0.6857798165137614 0.37228260869565216 0.6666666666666667 0.36277173913043476 0.672782874617737 0.327445652173913 0.6643730886850153 0.3220108695652174 0.6681957186544343 0.3016304347826087 0.6681957186544343 0.22418478260869565 0.7033639143730887 0.21875 0.7087155963302753 0.20244565217391303 0.713302752293578 0.1644021739130435 0.7652905198776758 0.16304347826086957 0.77217125382263
7 0.18070652173913043 0.8149847094801222 0.19157608695652173 0.845565749235474 0.19021739130434784 0.8631498470948011 0.23505434782608697 0.8814984709480121 0.27989130434782605 0.8837920489296636 0.3152173913043478 0.8792048929663607 0.34510869565217395 0.8792048929663607 0.35733695652173914 0.8761467889908257 0.3967391304347826 0.8501529051987766 0.391304347826087 0.8348623853211009 0.3505434782608695 0.8188073394495413 0.3342391304347826 0.8050458715596329 0.30027173913043476 0.7966360856269113 0.27853260869565216 0.7851681957186545 0.25815217391304346 0.7813455657492354 0.21875 0.7859327217125383 0.18206521739130435 0.8004587155963302 0.18070652173913043 0.8149847094801222
7 0.501358695652174 0.5948012232415902 0.5067934782608695 0.6032110091743119 0.5244565217391304 0.6016819571865443 0.5910326086956521 0.6085626911314985 0.608695652173913 0.6070336391437309 0.6127717391304348 0.6100917431192661 0.639945652173913 0.6108562691131498 0.6630434782608695 0.6162079510703363 0.6684782608695652 0.6207951070336392 0.7269021739130435 0.6215596330275229 0.7758152173913043 0.6276758409785932 0.8029891304347826 0.6269113149847094 0.8410326086956521 0.636085626911315 0.8722826086956521 0.6299694189602446 0.8790760869565217 0.6337920489296636 0.9076086956521738 0.636085626911315 0.923913043478261 0.6414373088685015 0.9334239130434783 0.6551987767584098 0.9497282608695652 0.6666666666666667 0.96875 0.6643730886850153 0.96875 0.6574923547400611 0.9864130434782608 0.650611620795107 0.9904891304347826 0.6399082568807339 0.9836956521739131 0.6077981651376148 0.9673913043478259 0.5963302752293578 0.9442934782608695 0.5871559633027523 0.8967391304347826 0.5848623853211009 0.8736413043478259 0.5795107033639144 0.8315217391304348 0.5764525993883792 0.7364130434782609 0.5741590214067278 0.688858695652174 0.5795107033639144 0.657608695652174 0.5688073394495412 0.6032608695652174 0.573394495412844 0.5896739130434783 0.5779816513761468 0.5625 0.5787461773700306 0.5421195652173914 0.5726299694189603 0.5081521739130435 0.5764525993883792 0.5054347826086956 0.581039755351682 0.501358695652174 0.5948012232415902
7 0.03260869565217391 0.6223241590214067 0.03940217391304347 0.6269113149847094 0.059782608695652176 0.6314984709480123 0.08695652173913043 0.6307339449541284 0.10461956521739131 0.6368501529051988 0.11956521739130435 0.6368501529051988 0.13926630434782608 0.6299694189602446 0.35733695652173914 0.6077981651376148 0.4008152173913043 0.6085626911314985 0.41847826086956524 0.6200305810397554 0.42934782608695654 0.6200305810397554 0.4755434782608695 0.5948012232415902 0.4782608695652174 0.5802752293577982 0.45652173913043476 0.5626911314984709 0.43885869565217395 0.558868501529052 0.4171195652173913 0.5596330275229358 0.3980978260869565 0.5527522935779816 0.37635869565217395 0.5596330275229358 0.3383152173913043 0.558868501529052 0.32065217391304346 0.5603975535168195 0.3179347826086957 0.5634556574923547 0.26766304347826086 0.5573394495412843 0.21603260869565216 0.5573394495412843 0.1956521739130435 0.5542813455657492 0.1576086956521739 0.5603975535168195 0.14266304347826086 0.5596330275229358 0.10461956521739131 0.5703363914373089 0.09103260869565218 0.5825688073394495 0.03668478260869565 0.6154434250764526 0.03260869565217391 0.6223241590214067
7 0.529891304347826 0.5581039755351682 0.5366847826086956 0.5657492354740061 0.561141304347826 0.5680428134556574 0.5842391304347826 0.5741590214067278 0.6616847826086956 0.5649847094801224 0.6942934782608695 0.5756880733944955 0.7269021739130435 0.5726299694189603 0.7894021739130435 0.573394495412844 0.9633152173913043 0.5902140672782875 0.9836956521739131 0.5428134556574923 0.9619565217391305 0.5122324159021406 0.9456521739130433 0.5061162079510704 0.9320652173913043 0.4908256880733945 0.9048913043478259 0.4908256880733945 0.8899456521739131 0.48547400611620795 0.8858695652173912 0.48853211009174313 0.6331521739130435 0.5359327217125383 0.6127717391304348 0.5328746177370031 0.595108695652174 0.5420489296636085 0.5665760869565217 0.5435779816513762 0.5339673913043479 0.5519877675840978 0.529891304347826 0.5581039755351682
7 0.7730978260869565 0.4847094801223242 0.7663043478260869 0.4908256880733945 0.8165760869565217 0.5122324159021406 0.8165760869565217 0.5068807339449541 0.8315217391304348 0.49464831804281345 0.8722826086956521 0.49617737003058104 0.8899456521739131 0.4847094801223242 0.8722826086956521 0.4740061162079511 0.861413043478261 0.47629969418960244 0.8532608695652174 0.47247706422018354 0.8532608695652174 0.46712538226299694 0.8410326086956521 0.45642201834862384 0.8274456521739131 0.4548929663608563 0.8192934782608695 0.459480122324159 0.8029891304347826 0.4525993883792049 0.7880434782608695 0.4602446483180428 0.7703804347826086 0.4801223241590214 0.7730978260869565 0.4847094801223242
7 0.1467391304347826 0.5359327217125383 0.1467391304347826 0.5428134556574923 0.17119565217391303 0.5558103975535168 0.2574728260869565 0.5565749235474006 0.48097826086956524 0.5764525993883792 0.4959239130434782 0.5657492354740061 0.5108695652173914 0.5642201834862386 0.5217391304347826 0.558868501529052 0.65625 0.5305810397553516 0.671195652173913 0.5229357798165137 0.6779891304347826 0.525229357798165 0.6929347826086956 0.5152905198776758 0.6942934782608695 0.5045871559633027 0.686141304347826 0.49923547400611623 0.686141304347826 0.48547400611620795 0.6942934782608695 0.4831804281345565 0.6942934782608695 0.4793577981651376 0.686141304347826 0.47247706422018354 0.6820652173913043 0.47553516819571867 0.6739130434782609 0.4740061162079511 0.671195652173913 0.46253822629969416 0.6779891304347826 0.45565749235474007 0.671195652173913 0.45336391437308865 0.669836956521739 0.4617737003058104 0.625 0.4701834862385321 0.6182065217391304 0.4686544342507645 0.5964673913043479 0.47629969418960244 0.5801630434782609 0.4740061162079511 0.5597826086956521 0.481651376146789 0.5353260869565217 0.4793577981651376 0.5176630434782609 0.4831804281345565 0.46603260869565216 0.4839449541284403 0.43885869565217395 0.4862385321100917 0.42391304347826086 0.49159021406727826 0.3328804347826087 0.5007645259938838 0.327445652173913 0.49847094801223235 0.2866847826086957 0.5 0.28260869565217395 0.5068807339449541 0.25407608695652173 0.5137614678899083 0.2323369565217391 0.5129969418960244 0.18206521739130435 0.52217125382263 0.15353260869565216 0.5321100917431193 0.1467391304347826 0.5359327217125383
7 0.03532608695652174 0.6230886850152906 0.05298913043478261 0.6299694189602446 0.09103260869565218 0.6314984709480123 0.11548913043478262 0.6368501529051988 0.13179347826086957 0.6299694189602446 0.14945652173913043 0.6307339449541284 0.15353260869565216 0.6246177370030581 0.20923913043478262 0.6169724770642202 0.24456521739130435 0.617737003058104 0.25 0.6108562691131498 0.41440217391304346 0.6123853211009174 0.4307065217391305 0.6169724770642202 0.4415760869565217 0.6146788990825688 0.4483695652173913 0.6062691131498471 0.45652173913043476 0.6077981651376148 0.4578804347826087 0.6024464831804281 0.48369565217391297 0.5948012232415902 0.48369565217391297 0.5825688073394495 0.5407608695652174 0.5603975535168195 0.5502717391304348 0.5649847094801224 0.5570652173913043 0.5634556574923547 0.577445652173913 0.5680428134556574 0.6222826086956521 0.5680428134556574 0.65625 0.5573394495412843 0.669836956521739 0.5443425076452599 0.7119565217391304 0.5428134556574923 0.7214673913043479 0.536697247706422 0.764945652173913 0.5336391437308868 0.782608695652174 0.5351681957186545 0.8016304347826086 0.5298165137614679 0.8410326086956521 0.5290519877675841 0.8654891304347826 0.52217125382263 0.8709239130434783 0.5244648318042813 0.8790760869565217 0.52217125382263 0.8994565217391305 0.5282874617737002 0.9320652173913043 0.5290519877675841 0.9375 0.540519877675841 0.9429347826086957 0.5389908256880733 0.9701086956521738 0.5489296636085628 0.9782608695652174 0.5382262996941896 0.9633152173913043 0.5152905198776758 0.9565217391304348 0.5122324159021406 0.9429347826086957 0.5129969418960244 0.9456521739130433 0.5045871559633027 0.9279891304347826 0.5040772171253822 0.9279891304347826 0.4931192660550459 0.919836956521739 0.4938837920489297 0.8899456521739131 0.48547400611620795 0.875 0.47553516819571867 0.8736413043478259 0.4709480122324159 0.8899456521739131 0.45871559633027525 0.8790760869565217 0.43960244648318036 0.8654891304347826 0.4281345565749235 0.8478260869565217 0.43119266055045874 0.8315217391304348 0.4258409785932722 0.7744565217391304 0.4250764525993883 0.751358695652174 0.4327217125382263 0.7241847826086956 0.43119266055045874 0.717391304347826 0.4281345565749235 0.733695652173913 0.4128440366972477 0.7391304347826086 0.39449541284403666 0.748641304347826 0.3929663608562691 0.748641304347826 0.38990825688073394 0.7105978260869565 0.39449541284403666 0.6413043478260869 0.39602446483180426 0.608695652173913 0.3906727828746177 0.5665760869565217 0.39220183486238536 0.5394021739130435 0.3967889908256881 0.48369565217391297 0.4143730886850153 0.4415760869565217 0.40366972477064217 0.4266304347826087 0.40366972477064217 0.38315217391304346 0.41743119266055045 0.36277173913043476 0.4181957186544342 0.358695652173913 0.41590214067278286 0.33152173913043476 0.41972477064220187 0.3233695652173913 0.4319571865443425 0.327445652173913 0.43654434250764523 0.3233695652173913 0.4441896024464832 0.3247282608695652 0.4678899082568807 0.2608695652173913 0.4870030581039755 0.22826086956521738 0.5045871559633027 0.23097826086956524 0.5129969418960244 0.18206521739130435 0.52217125382263 0.1576086956521739 0.5305810397553516 0.1480978260869565 0.5374617737003058 0.13858695652173914 0.5626911314984709 0.10190217391304349 0.5726299694189603 0.08831521739130435 0.5856269113149847 0.03804347826086956 0.6162079510703363 0.03532608695652174 0.6230886850152906
7 0.32065217391304346 0.44954128440366975 0.3342391304347826 0.4525993883792049 0.34782608695652173 0.4388379204892966 0.34782608695652173 0.4181957186544342 0.33152173913043476 0.418960244648318 0.32065217391304346 0.43119266055045874 0.32065217391304346 0.44954128440366975
7 0.5081521739130435 0.41131498470948014 0.5163043478260869 0.4166666666666667 0.5230978260869565 0.41590214067278286 0.529891304347826 0.422782874617737 0.5421195652173914 0.41743119266055045 0.5842391304347826 0.4258409785932722 0.720108695652174 0.42737003058103973 0.7404891304347826 0.43119266055045874 0.7853260869565217 0.42431192660550454 0.8383152173913043 0.4258409785932722 0.8559782608695652 0.42966360856269115 0.8899456521739131 0.41972477064220187 0.8858695652173912 0.4051987767584098 0.8600543478260869 0.39449541284403666 0.841711956521739 0.39449541284403666 0.7880434782608695 0.38685015290519875 0.686141304347826 0.3937308868501529 0.5625 0.38990825688073394 0.5095108695652174 0.4074923547400611 0.5081521739130435 0.41131498470948014
7 0.6793478260869565 0.345565749235474 0.6956521739130435 0.35550458715596334 0.8967391304347826 0.4212538226299694 0.9225543478260869 0.4120795107033639 0.9293478260869564 0.3937308868501529 0.9252717391304348 0.3761467889908257 0.9144021739130433 0.36162079510703365 0.8953804347826086 0.35244648318042815 0.8845108695652174 0.3264525993883792 0.8817934782608695 0.3012232415902141 0.8940217391304348 0.2706422018348624 0.892663043478261 0.25535168195718655 0.8858695652173912 0.2515290519877676 0.8763586956521738 0.25076452599388377 0.8233695652173912 0.25993883792048933 0.7989130434782609 0.2691131498470948 0.7717391304347826 0.27140672782874614 0.7676630434782609 0.27522935779816515 0.751358695652174 0.2782874617737003 0.7214673913043479 0.30428134556574926 0.7092391304347826 0.30810397553516816 0.6820652173913043 0.3348623853211009 0.6793478260869565 0.345565749235474
7 0.45108695652173914 0.3425076452599388 0.46603260869565216 0.36314984709480125 0.4904891304347826 0.3761467889908257 0.5067934782608695 0.38073394495412843 0.5394021739130435 0.3814984709480122 0.5978260869565217 0.37003058103975534 0.657608695652174 0.34938837920489296 0.671195652173913 0.34174311926605505 0.7105978260869565 0.30428134556574926 0.733695652173913 0.29281345565749234 0.748641304347826 0.2775229357798165 0.7690217391304348 0.2691131498470948 0.7703804347826086 0.25688073394495414 0.7581521739130435 0.25382262996941896 0.748641304347826 0.25535168195718655 0.7445652173913043 0.25076452599388377 0.7391304347826086 0.25535168195718655 0.7228260869565217 0.25382262996941896 0.7160326086956521 0.2484709480122324 0.6807065217391304 0.2561162079510703 0.6616847826086956 0.2515290519877676 0.657608695652174 0.24694189602446484 0.6494565217391304 0.25 0.625 0.24923547400611618 0.6222826086956521 0.24617737003058102 0.6141304347826086 0.25 0.6046195652173914 0.24694189602446484 0.6019021739130435 0.25 0.5869565217391304 0.25076452599388377 0.577445652173913 0.2607033639143731 0.563858695652174 0.25382262996941896 0.5529891304347826 0.2576452599388379 0.5244565217391304 0.25688073394495414 0.5217391304347826 0.2545871559633027 0.5095108695652174 0.2576452599388379 0.4945652173913043 0.2545871559633027 0.4850543478260869 0.25840978593272174 0.48641304347826086 0.26223241590214064 0.4796195652173913 0.2668195718654434 0.4782608695652174 0.2859327217125382 0.47010869565217395 0.2897553516819572 0.45244565217391297 0.290519877675841 0.4470108695652174 0.3134556574923547 0.45108695652173914 0.3425076452599388
7 0.13994565217391303 0.11926605504587155 0.1453804347826087 0.12920489296636087 0.13722826086956522 0.1353211009174312 0.12092391304347824 0.13685015290519878 0.125 0.15137614678899083 0.15625 0.1620795107033639 0.16983695652173914 0.1636085626911315 0.1956521739130435 0.1811926605504587 0.21875 0.20183486238532108 0.22690217391304346 0.21636085626911314 0.2554347826086957 0.23394495412844035 0.26902173913043476 0.2477064220183486 0.26902173913043476 0.2652905198776758 0.2758152173913043 0.2821100917431193 0.297554347826087 0.2844036697247706 0.31657608695652173 0.29892966360856266 0.3383152173913043 0.30275229357798167 0.34375 0.3103975535168196 0.36820652173913043 0.3241590214067278 0.3505434782608695 0.33715596330275227 0.358695652173913 0.3448012232415902 0.3559782608695652 0.3486238532110092 0.32065217391304346 0.36544342507645255 0.327445652173913 0.4013761467889908 0.34103260869565216 0.40214067278287463 0.358695652173913 0.39755351681957185 0.39402173913043476 0.3761467889908257 0.40896739130434784 0.3623853211009174 0.4307065217391305 0.35550458715596334 0.43885869565217395 0.34938837920489296 0.45516304347826086 0.34938837920489296 0.4646739130434782 0.3623853211009174 0.4904891304347826 0.3761467889908257 0.5108695652173914 0.3814984709480122 0.5407608695652174 0.3814984709480122 0.5625 0.3753822629969419 0.5869565217391304 0.3730886850152905 0.6358695652173914 0.35856269113149847 0.6657608695652174 0.3448012232415902 0.6997282608695652 0.3134556574923547 0.7078804347826086 0.3073394495412844 0.720108695652174 0.30504587155963303 0.7214673913043479 0.29892966360856266 0.733695652173913 0.29434250764525993 0.7459239130434783 0.28287461773700306 0.7717391304347826 0.2805810397553517 0.7785326086956521 0.2706422018348624 0.8097826086956521 0.2652905198776758 0.8179347826086957 0.2591743119266055 0.8233695652173912 0.23700305810397554 0.8111413043478259 0.21483180428134557 0.7921195652173914 0.20489296636085624 0.7690217391304348 0.20183486238532108 0.7445652173913043 0.19342507645259938 0.7296195652173914 0.16666666666666669 0.7309782608695652 0.15749235474006115 0.717391304347826 0.14984709480122324 0.688858695652174 0.14678899082568808 0.6847826086956521 0.12461773700305809 0.6684782608695652 0.12996941896024466 0.6589673913043479 0.13837920489296635 0.6521739130434783 0.13761467889908258 0.6141304347826086 0.11391437308868502 0.6019021739130435 0.11085626911314986 0.5883152173913043 0.09709480122324159 0.5652173913043479 0.09403669724770643 0.546195652173913 0.08333333333333334 0.47690217391304346 0.08027522935779816 0.47010869565217395 0.07033639143730887 0.4103260869565217 0.07874617737003058 0.33152173913043476 0.077217125382263 0.31385869565217395 0.08333333333333334 0.24456521739130435 0.07262996941896024 0.20652173913043476 0.07186544342507645 0.17391304347826086 0.08027522935779816 0.14402173913043478 0.09938837920489296 0.13994565217391303 0.11926605504587155