6 0.5421875 0.2328125 0.5546875 0.2390625 0.5546875 0.246875 0.5484375 0.2546875 0.5359375 0.259375 0.5078125 0.2625 0.5 0.2625 0.4953125 0.25625 0.4953125 0.253125 0.503125 0.24375 0.521875 0.2359375 0.540625 0.2328125
49 0.1467391304347826 0.8287461773700306 0.18070652173913043 0.8868501529051989 0.21875 0.9184505606523956 0.24320652173913043 0.9286442405708462 0.2758152173913043 0.9357798165137614 0.3247282608695652 0.9357798165137614 0.37635869565217395 0.9235474006116208 0.4633152173913043 0.8807339449541285 0.5190217391304348 0.8419979612640164 0.5584239130434783 0.8246687054026504 0.6032608695652174 0.798165137614679 0.6277173913043479 0.7787971457696228 0.6589673913043479 0.7196738022426097 0.6589673913043479 0.6748216106014271 0.6494565217391304 0.6371049949031601 0.639945652173913 0.6320081549439347 0.6358695652173914 0.6360856269113151 0.6290760869565217 0.6564729867482162 0.6209239130434783 0.6625891946992865 0.6195652173913043 0.6778797145769623 0.6005434782608695 0.6941896024464832 0.5760869565217391 0.7003058103975535 0.5516304347826086 0.6952089704383282 0.5394021739130435 0.7033639143730887 0.5353260869565217 0.7196738022426097 0.5190217391304348 0.7329255861365953 0.4741847826086956 0.7492354740061162 0.42527173913043476 0.7747196738022426 0.41983695652173914 0.7828746177370031 0.27989130434782605 0.8144750254841998 0.27989130434782605 0.8226299694189603 0.266304347826087 0.8297655453618757 0.23369565217391303 0.8287461773700306 0.19157608695652173 0.8205912334352702 0.13994565217391303 0.8002038735983691 0.1467391304347826 0.8287461773700306
6 0.3640625 0.590625 0.3734375 0.59375 0.371875 0.6046875 0.35625 0.615625 0.35 0.6171875 0.3234375 0.615625 0.3203125 0.609375 0.3203125 0.6015625 0.3265625 0.5953125 0.3359375 0.590625 0.3625 0.590625
49 0.7092391304347826 0.5117227319062182 0.7038043478260869 0.5158002038735984 0.7133152173913043 0.5402650356778798 0.7744565217391304 0.4852191641182467 0.782608695652174 0.4852191641182467 0.796195652173913 0.4770642201834862 0.7975543478260869 0.4709480122324159 0.8097826086956521 0.4740061162079511 0.8192934782608695 0.4678899082568807 0.8315217391304348 0.4750254841997961 0.8274456521739131 0.4678899082568807 0.8383152173913043 0.45871559633027525 0.8451086956521738 0.4597349643221203 0.8423913043478259 0.4566768603465851 0.8532608695652174 0.4393476044852192 0.8451086956521738 0.4128440366972478 0.8369565217391305 0.41080530071355764 0.8016304347826086 0.43730886850152906 0.7241847826086956 0.4750254841997961 0.7160326086956521 0.4801223241590214 0.7078804347826086 0.4964322120285424 0.7092391304347826 0.5117227319062182
6 0.7390625 0.4078125 0.7484375 0.4140625 0.7671875 0.440625 0.7640625 0.4484375 0.7578125 0.453125 0.7359375 0.4515625 0.71875 0.4328125 0.71875 0.4109375 0.7234375 0.4078125 0.7375 0.4078125
6 0.8609375 0.421875 0.8703125 0.4203125 0.88125 0.4265625 0.8875 0.4359375 0.8875 0.4421875 0.884375 0.446875 0.8765625 0.4484375 0.86875 0.4390625 0.8625 0.4234375
6 0.221875 0.7578125 0.2234375 0.759375 0.228125 0.7578125 0.2390625 0.7625 0.2390625 0.7765625 0.2265625 0.7890625 0.2046875 0.7953125 0.16875 0.79375 0.159375 0.7875 0.15625 0.7828125 0.15625 0.771875 0.1578125 0.76875 0.1625 0.76875 0.1671875 0.765625 0.1796875 0.765625 0.203125 0.7578125 0.2203125 0.7578125
6 0.49375 0.2859375 0.4984375 0.2875 0.5046875 0.296875 0.503125 0.3046875 0.49375 0.3109375 0.4796875 0.3109375 0.4765625 0.3078125 0.471875 0.3078125 0.4625 0.2984375 0.4625 0.29375 0.471875 0.2875 0.4921875 0.2859375
6 0.3890625 0.540625 0.4015625 0.546875 0.4 0.55625 0.3953125 0.5625 0.384375 0.5703125 0.3796875 0.5703125 0.375 0.5734375 0.34375 0.578125 0.3328125 0.5765625 0.3234375 0.571875 0.3234375 0.5578125 0.3328125 0.5484375 0.34375 0.546875 0.3609375 0.540625 0.3875 0.540625
6 0.65625 0.45625 0.6640625 0.4578125 0.66875 0.4625 0.66875 0.4671875 0.665625 0.475 0.6484375 0.48125 0.621875 0.4796875 0.6171875 0.475 0.615625 0.4671875 0.6171875 0.4640625 0.6328125 0.4578125 0.6546875 0.45625
6 0.7484375 0.340625 0.75625 0.346875 0.75625 0.35625 0.7484375 0.3625 0.740625 0.3625 0.734375 0.36875 0.725 0.3671875 0.7234375 0.3609375 0.715625 0.353125 0.715625 0.35 0.7203125 0.34375 0.725 0.34375 0.728125 0.340625 0.734375 0.340625 0.7390625 0.3375 0.746875 0.340625
6 0.225 0.6921875 0.2390625 0.7109375 0.2390625 0.7296875 0.2234375 0.7453125 0.2109375 0.7453125 0.1984375 0.7375 0.19375 0.7296875 0.1875 0.70625 0.19375 0.6953125 0.2078125 0.6875 0.215625 0.6875 0.2234375 0.6921875
6 0.7828125 0.30625 0.7875 0.3109375 0.790625 0.3203125 0.7875 0.325 0.7796875 0.3296875 0.7765625 0.3359375 0.7671875 0.3359375 0.7609375 0.3296875 0.7609375 0.3125 0.7625 0.309375 0.7671875 0.3078125 0.78125 0.30625
6 0.515625 0.6984375 0.5265625 0.709375 0.5265625 0.7171875 0.5234375 0.7234375 0.50625 0.7359375 0.5 0.7375 0.4984375 0.740625 0.49375 0.740625 0.4890625 0.74375 0.4703125 0.74375 0.465625 0.740625 0.4609375 0.7328125 0.4625 0.725 0.4796875 0.71875 0.4828125 0.715625 0.4875 0.715625 0.4984375 0.70625 0.503125 0.6984375 0.5140625 0.6984375
6 0.6015625 0.290625 0.6078125 0.296875 0.6078125 0.3046875 0.603125 0.309375 0.603125 0.3203125 0.5984375 0.325 0.5859375 0.3296875 0.5625 0.328125 0.5625 0.3171875 0.5734375 0.30625 0.5734375 0.3 0.5765625 0.296875 0.5890625 0.290625 0.6 0.290625
6 0.5515625 0.5109375 0.559375 0.51875 0.5578125 0.5265625 0.540625 0.5453125 0.5328125 0.546875 0.521875 0.553125 0.515625 0.553125 0.50625 0.540625 0.5109375 0.5234375 0.5234375 0.5140625 0.528125 0.5140625 0.5328125 0.5109375 0.55 0.5109375
49 0 0.5178389398572885 0 0.6197757390417941 0.024456521739130436 0.6371049949031601 0.04076086956521739 0.6422018348623854 0.05298913043478261 0.654434250764526 0.07065217391304349 0.6605504587155964 0.09103260869565218 0.654434250764526 0.09510869565217392 0.6493374108053007 0.09510869565217392 0.6167176350662589 0.10190217391304349 0.6085626911314985 0.09646739130434782 0.6055045871559633 0.09510869565217392 0.5708460754332314 0.07201086956521739 0.5688073394495413 0.06385869565217392 0.5514780835881753 0.07608695652173912 0.5158002038735984 0.08288043478260869 0.5107033639143731 0.10461956521739131 0.5158002038735984 0.12771739130434784 0.4852191641182467 0.16168478260869565 0.4709480122324159 0.17255434782608697 0.45769622833843016 0.1888586956521739 0.4597349643221203 0.21331521739130435 0.45565749235474007 0.21467391304347827 0.4505606523955148 0.24728260869565216 0.4322120285423038 0.25135869565217395 0.4281345565749236 0.24864130434782608 0.42201834862385323 0.2554347826086957 0.41692150866462796 0.2622282608695652 0.4189602446483181 0.27717391304347827 0.4148827726809379 0.27717391304347827 0.4057084607543323 0.29483695652173914 0.4016309887869521 0.3043478260869565 0.41080530071355764 0.32065217391304346 0.40061162079510704 0.34510869565217395 0.41794087665647306 0.3491847826086957 0.41386340468909283 0.3464673913043478 0.3904179408766565 0.32608695652173914 0.3853211009174312 0.31657608695652173 0.37512742099898067 0.30978260869565216 0.37512742099898067 0.005434782608695652 0.5076452599388379 0 0.5178389398572885
6 0.20625 0.390625 0.2171875 0.39375 0.221875 0.3984375 0.2234375 0.4046875 0.2171875 0.4125 0.19375 0.4234375 0.1765625 0.421875 0.1734375 0.41875 0.16875 0.41875 0.159375 0.409375 0.159375 0.40625 0.171875 0.39375 0.18125 0.390625 0.2046875 0.390625
6 0.459375 0.6578125 0.465625 0.6578125 0.46875 0.6546875 0.4796875 0.6546875 0.4890625 0.6578125 0.5015625 0.6671875 0.5046875 0.6671875 0.509375 0.671875 0.5125 0.68125 0.5125 0.6859375 0.509375 0.6890625 0.5046875 0.6890625 0.5 0.68125 0.49375 0.6765625 0.471875 0.675 0.4578125 0.68125 0.4484375 0.6796875 0.4484375 0.6671875 0.459375 0.659375
6 0.4953125 0.6796875 0.4984375 0.68125 0.5015625 0.6890625 0.5015625 0.696875 0.4984375 0.7046875 0.4953125 0.709375 0.4875 0.7140625 0.46875 0.7203125 0.4484375 0.7203125 0.4421875 0.7171875 0.4375 0.7125 0.4375 0.7 0.45 0.6875 0.46875 0.678125 0.4921875 0.678125 0.49375 0.6796875
6 0.4140625 0.2828125 0.4171875 0.2828125 0.4234375 0.2921875 0.45 0.290625 0.4578125 0.2953125 0.4578125 0.3046875 0.4546875 0.3078125 0.4375 0.309375 0.43125 0.315625 0.4265625 0.315625 0.4171875 0.3078125 0.4171875 0.3 0.4109375 0.296875 0.415625 0.296875 0.41875 0.290625 0.4140625 0.284375
6 0.6140625 0.534375 0.6296875 0.54375 0.6328125 0.55 0.628125 0.5578125 0.615625 0.5625 0.6 0.5625 0.5859375 0.553125 0.5859375 0.5484375 0.59375 0.540625 0.6046875 0.534375 0.6125 0.534375
6 0.53125 0.4734375 0.5421875 0.46875 0.5578125 0.4703125 0.5609375 0.4734375 0.5609375 0.4921875 0.5515625 0.5 0.540625 0.4921875 0.53125 0.4921875 0.521875 0.4984375 0.51875 0.4875 0.521875 0.48125 0.53125 0.475
6 0.5734375 0.2359375 0.04375 0.02734375
6 0.325 0.640625 0.3296875 0.6484375 0.3296875 0.653125 0.3171875 0.665625 0.3140625 0.665625 0.3015625 0.675 0.2875 0.671875 0.2828125 0.6671875 0.28125 0.6609375 0.2828125 0.653125 0.2953125 0.640625 0.303125 0.6375 0.3203125 0.6375 0.3234375 0.640625
6 0.25 0.76875 0.259375 0.76875 0.2625 0.765625 0.2796875 0.765625 0.3046875 0.775 0.309375 0.778125 0.3125 0.7859375 0.3109375 0.803125 0.3 0.8109375 0.2734375 0.809375 0.2671875 0.80625 0.265625 0.8 0.259375 0.8046875 0.2609375 0.80625 0.25 0.803125 0.246875 0.80625 0.2390625 0.80625 0.2296875 0.8 0.2296875 0.79375 0.2328125 0.7890625 0.2359375 0.7890625 0.2421875 0.7828125 0.24375 0.775 0.25 0.7703125
6 0.6390625 0.5609375 0.6546875 0.5703125 0.6546875 0.5828125 0.64375 0.590625 0.6078125 0.5859375 0.603125 0.58125 0.60625 0.5671875 0.6234375 0.5609375 0.6375 0.5609375
6 0.8046875 0.33125 0.8140625 0.334375 0.821875 0.340625 0.821875 0.3546875 0.8015625 0.3609375 0.796875 0.3609375 0.7875 0.35625 0.771875 0.3546875 0.7703125 0.346875 0.775 0.340625 0.784375 0.334375 0.803125 0.33125
6 0.525 0.3015625 0.5390625 0.303125 0.54375 0.30625 0.546875 0.3109375 0.546875 0.31875 0.5375 0.328125 0.53125 0.328125 0.509375 0.3390625 0.49375 0.3328125 0.490625 0.328125 0.490625 0.321875 0.50625 0.30625 0.5234375 0.3015625
6 0.5859375 0.4125 0.6015625 0.4140625 0.609375 0.421875 0.6109375 0.425 0.609375 0.4390625 0.603125 0.4453125 0.5984375 0.446875 0.584375 0.446875 0.5734375 0.4421875 0.5671875 0.4359375 0.5671875 0.425 0.5765625 0.4140625 0.584375 0.4140625
6 0.5921875 0.503125 0.6015625 0.5078125 0.603125 0.5109375 0.603125 0.5296875 0.5875 0.5453125 0.5765625 0.55 0.5640625 0.546875 0.55625 0.5375 0.55625 0.5296875 0.5625 0.515625 0.5734375 0.5046875 0.584375 0.5015625 0.590625 0.503125
6 0.7546875 0.2859375 0.7828125 0.271875 0.7984375 0.2734375 0.803125 0.28125 0.8015625 0.290625 0.79375 0.2953125 0.7890625 0.3015625 0.7671875 0.3078125 0.759375 0.3078125 0.75 0.3015625 0.75 0.2953125 0.7546875 0.2875
6 0.171875 0.7453125 0.1828125 0.7515625 0.1828125 0.759375 0.1765625 0.7640625 0.165625 0.7640625 0.1453125 0.7734375 0.1375 0.76875 0.1390625 0.759375 0.146875 0.7515625 0.159375 0.7453125 0.1703125 0.7453125
6 0.703125 0.346875 0.7171875 0.3546875 0.721875 0.3609375 0.7203125 0.36875 0.715625 0.3734375 0.703125 0.378125 0.6875 0.378125 0.6859375 0.3796875 0.6734375 0.378125 0.6625 0.371875 0.6609375 0.3625 0.678125 0.35 0.690625 0.346875 0.7015625 0.346875
6 0.7609375 0.3640625 0.7640625 0.3671875 0.778125 0.3703125 0.79375 0.3796875 0.79375 0.3890625 0.7890625 0.39375 0.7796875 0.3921875 0.765625 0.384375 0.75 0.3859375 0.7453125 0.3828125 0.7375 0.371875 0.7390625 0.3671875 0.7421875 0.3640625 0.759375 0.3640625
6 0.1140625 0.709375 0.11875 0.7109375 0.1203125 0.7140625 0.1265625 0.7421875 0.1234375 0.7578125 0.1203125 0.759375 0.10625 0.75625 0.0984375 0.746875 0.0953125 0.7359375 0.1015625 0.7109375 0.1125 0.709375
6 0.2171875 0.51875 0.21875 0.5265625 0.215625 0.540625 0.203125 0.55 0.1984375 0.55 0.184375 0.55625 0.1703125 0.55625 0.165625 0.553125 0.1609375 0.54375 0.1671875 0.53125 0.1703125 0.528125 0.184375 0.525 0.1921875 0.5203125 0.20625 0.5171875 0.215625 0.51875
6 0.4359375 0.634375 0.446875 0.640625 0.45 0.6515625 0.45 0.6625 0.446875 0.6671875 0.4328125 0.6765625 0.4265625 0.6765625 0.4171875 0.6703125 0.4140625 0.6625 0.4140625 0.653125 0.4171875 0.6453125 0.4296875 0.6359375 0.434375 0.6359375
6 0.509375 0.3421875 0.5171875 0.346875 0.51875 0.3515625 0.51875 0.3625 0.515625 0.36875 0.509375 0.371875 0.490625 0.371875 0.4875 0.36875 0.48125 0.36875 0.4796875 0.3609375 0.4765625 0.359375 0.4796875 0.3484375 0.4859375 0.34375 0.4953125 0.340625 0.5078125 0.3421875
6 0.6171875 0.2453125 0.6234375 0.2484375 0.6421875 0.2671875 0.64375 0.2765625 0.6390625 0.28125 0.6359375 0.28125 0.634375 0.278125 0.6234375 0.271875 0.6125 0.2671875 0.6 0.265625 0.59375 0.2609375 0.5921875 0.25 0.596875 0.24375 0.6140625 0.24375 0.615625 0.2453125
6 0.146875 0.4859375 0.1515625 0.4875 0.153125 0.490625 0.1421875 0.4953125 0.134375 0.5046875 0.134375 0.5109375 0.1421875 0.51875 0.1265625 0.528125 0.1203125 0.5265625 0.1171875 0.521875 0.1203125 0.5015625 0.125 0.49375 0.134375 0.4875 0.1453125 0.4859375
6 0.371875 0.703125 0.378125 0.7125 0.378125 0.7203125 0.35625 0.7328125 0.3390625 0.7375 0.3234375 0.7375 0.3171875 0.7328125 0.3171875 0.721875 0.321875 0.715625 0.334375 0.7046875 0.3484375 0.6984375 0.3640625 0.7 0.3703125 0.703125
6 0.446875 0.3734375 0.45 0.3765625 0.45625 0.3765625 0.4671875 0.3859375 0.46875 0.39375 0.4671875 0.4 0.4640625 0.4046875 0.459375 0.40625 0.4515625 0.40625 0.44375 0.403125 0.4375 0.3984375 0.43125 0.3875 0.43125 0.3796875 0.4375 0.3734375 0.4453125 0.3734375
6 0.5515625 0.659375 0.553125 0.6625 0.559375 0.6640625 0.559375 0.6734375 0.5515625 0.684375 0.5515625 0.6875 0.534375 0.7 0.5265625 0.7 0.521875 0.696875 0.51875 0.690625 0.5203125 0.6703125 0.525 0.6640625 0.5296875 0.6640625 0.53125 0.6609375 0.5375 0.6578125 0.55 0.659375
6 0.584375 0.3328125 0.5921875 0.3390625 0.5921875 0.3484375 0.584375 0.3484375 0.5828125 0.3515625 0.5765625 0.353125 0.56875 0.3625 0.5640625 0.3625 0.5625 0.359375 0.559375 0.3375 0.5640625 0.3328125 0.5703125 0.33125 0.5828125 0.3328125
6 0.2765625 0.503125 0.2875 0.5078125 0.296875 0.5078125 0.3078125 0.5109375 0.3125 0.5203125 0.3109375 0.528125 0.3015625 0.5328125 0.2875 0.5296875 0.284375 0.53125 0.2640625 0.5296875 0.2546875 0.5328125 0.2484375 0.5421875 0.24375 0.5421875 0.24375 0.540625 0.2515625 0.5328125 0.25 0.5140625 0.2640625 0.5046875 0.275 0.503125
6 0.5921875 0.3484375 0.603125 0.35 0.609375 0.35625 0.60625 0.3671875 0.603125 0.3703125 0.603125 0.3765625 0.584375 0.3796875 0.578125 0.378125 0.571875 0.371875 0.5734375 0.35625 0.584375 0.35 0.590625 0.35
6 0.6078125 0.2671875 0.621875 0.271875 0.634375 0.2796875 0.6375 0.2859375 0.6375 0.2953125 0.63125 0.3015625 0.6234375 0.3015625 0.6078125 0.2953125 0.6 0.2890625 0.5921875 0.2890625 0.584375 0.2828125 0.584375 0.275 0.5890625 0.2703125 0.5953125 0.2671875 0.60625 0.2671875
6 0.1515625 0.646875 0.171875 0.6515625 0.1765625 0.6546875 0.1796875 0.665625 0.175 0.6703125 0.1578125 0.671875 0.1484375 0.675 0.1390625 0.6734375 0.1296875 0.6671875 0.1296875 0.6578125 0.1390625 0.6484375 0.15 0.646875
6 0.621875 0.5125 0.6328125 0.5140625 0.6515625 0.525 0.6546875 0.5296875 0.6546875 0.5390625 0.65 0.5453125 0.6453125 0.546875 0.6359375 0.546875 0.6234375 0.5359375 0.6109375 0.5296875 0.60625 0.5296875 0.60625 0.515625 0.6203125 0.5125
6 0.484375 0.403125 0.4890625 0.40625 0.4984375 0.4078125 0.5078125 0.4140625 0.5140625 0.4234375 0.5125 0.4359375 0.503125 0.4421875 0.490625 0.4421875 0.4640625 0.4296875 0.4625 0.409375 0.46875 0.403125 0.4828125 0.403125
6 0.090625 0.703125 0.0984375 0.7109375 0.0984375 0.7234375 0.0921875 0.734375 0.0828125 0.7359375 0.071875 0.7359375 0.0625 0.7328125 0.0578125 0.7265625 0.0578125 0.715625 0.0609375 0.70625 0.0671875 0.7015625 0.0875 0.7015625 0.0890625 0.703125
6 0.5890625 0.65 0.603125 0.6546875 0.6109375 0.6625 0.6140625 0.6671875 0.6140625 0.678125 0.6015625 0.6890625 0.5828125 0.696875 0.5703125 0.69375 0.5625 0.6875 0.5625 0.6703125 0.5671875 0.659375 0.5734375 0.6515625 0.5875 0.65
6 0.11875 0.60625 0.1234375 0.6046875 0.134375 0.6046875 0.134375 0.60625 0.1203125 0.60625
6 0.259375 0.44375 0.2703125 0.4546875 0.2703125 0.459375 0.2546875 0.471875 0.25 0.471875 0.2484375 0.475 0.240625 0.4765625 0.2375 0.4796875 0.228125 0.48125 0.2203125 0.4796875 0.21875 0.4765625 0.215625 0.4671875 0.21875 0.45625 0.246875 0.44375 0.2578125 0.44375
6 0.1671875 0.4734375 0.1734375 0.4734375 0.178125 0.4703125 0.1859375 0.4703125 0.1921875 0.4671875 0.2125 0.4671875 0.21875 0.4796875 0.2171875 0.4890625 0.20625 0.49375 0.1953125 0.4921875 0.190625 0.4890625 0.1578125 0.4890625 0.15625 0.4875 0.1578125 0.48125 0.1671875 0.475
6 0.4265625 0.615625 0.434375 0.621875 0.4328125 0.63125 0.4109375 0.65 0.390625 0.6546875 0.378125 0.6484375 0.378125 0.6421875 0.3859375 0.63125 0.3859375 0.628125 0.409375 0.615625 0.415625 0.6140625 0.425 0.615625
6 0.709375 0.38125 0.7234375 0.3734375 0.73125 0.371875 0.7359375 0.3734375 0.746875 0.384375 0.7421875 0.4015625 0.7390625 0.4046875 0.7140625 0.4046875 0.7015625 0.3953125 0.7015625 0.390625 0.709375 0.3828125
6 0.290625 0.428125 0.3109375 0.434375 0.321875 0.4453125 0.3203125 0.4484375 0.3140625 0.4515625 0.3015625 0.45 0.2859375 0.4578125 0.271875 0.45625 0.259375 0.4453125 0.253125 0.44375 0.2515625 0.4375 0.2609375 0.4296875 0.2890625 0.428125
6 0.4734375 0.4640625 0.4875 0.4671875 0.496875 0.475 0.4953125 0.4828125 0.4875 0.4890625 0.4703125 0.4890625 0.465625 0.484375 0.4578125 0.4828125 0.45 0.4765625 0.4515625 0.4671875 0.4578125 0.4640625 0.471875 0.4640625
6 0.1359375 0.6046875 0.1421875 0.6109375 0.1453125 0.6265625 0.1390625 0.6390625 0.1328125 0.6453125 0.1234375 0.6484375 0.1109375 0.646875 0.10625 0.64375 0.1046875 0.628125 0.1109375 0.6109375 0.1171875 0.6046875 0.134375 0.6046875
6 0.565625 0.3765625 0.5765625 0.3796875 0.5828125 0.384375 0.58125 0.3953125 0.5734375 0.3984375 0.571875 0.4015625 0.5484375 0.4046875 0.5359375 0.4046875 0.5296875 0.4015625 0.5265625 0.3984375 0.5265625 0.3921875 0.53125 0.3875 0.5453125 0.38125 0.5640625 0.3765625
6 0.27265625 0.73046875 0.071875 0.04765625
6 0.4421875 0.35 0.4625 0.3515625 0.478125 0.3625 0.4765625 0.375 0.471875 0.375 0.46875 0.378125 0.4609375 0.378125 0.4578125 0.375 0.453125 0.375 0.440625 0.36875 0.4390625 0.3625 0.4421875 0.3515625
6 0.365625 0.3765625 0.3703125 0.375 0.3796875 0.3765625 0.39375 0.384375 0.3984375 0.390625 0.3984375 0.4078125 0.3953125 0.4125 0.390625 0.415625 0.3828125 0.415625 0.3765625 0.41875 0.3671875 0.415625 0.3625 0.40625 0.359375 0.390625 0.3609375 0.3828125 0.365625 0.378125
6 0.4671875 0.3078125 0.4765625 0.309375 0.4828125 0.3140625 0.484375 0.31875 0.475 0.33125 0.4640625 0.334375 0.4375 0.3328125 0.43125 0.328125 0.4296875 0.3203125 0.4390625 0.3109375 0.465625 0.3078125
6 0.18125 0.6734375 0.1953125 0.68125 0.196875 0.684375 0.1953125 0.6890625 0.18125 0.7 0.178125 0.7 0.1765625 0.703125 0.1703125 0.703125 0.1578125 0.7078125 0.1421875 0.70625 0.1359375 0.7015625 0.134375 0.696875 0.1359375 0.684375 0.153125 0.675 0.1796875 0.6734375
6 0.58125 0.590625 0.590625 0.5953125 0.603125 0.6078125 0.6109375 0.6234375 0.609375 0.634375 0.603125 0.6390625 0.5953125 0.640625 0.5875 0.640625 0.575 0.6328125 0.5625 0.61875 0.5625 0.6140625 0.559375 0.609375 0.5578125 0.5984375 0.5625 0.59375 0.56875 0.590625 0.5796875 0.590625
6 0.2796875 0.6015625 0.284375 0.6078125 0.2875 0.6078125 0.29375 0.6140625 0.296875 0.6203125 0.296875 0.6328125 0.2875 0.6421875 0.2734375 0.6421875 0.259375 0.6328125 0.246875 0.61875 0.246875 0.6125 0.2515625 0.603125 0.2625 0.6 0.278125 0.6015625
6 0.3359375 0.509375 0.346875 0.5140625 0.35625 0.5265625 0.35625 0.5359375 0.353125 0.5390625 0.3421875 0.5421875 0.334375 0.540625 0.3265625 0.5359375 0.3140625 0.515625 0.3171875 0.5109375 0.325 0.5078125 0.334375 0.509375
6 0.3390625 0.3390625 0.3515625 0.34375 0.35625 0.35 0.35625 0.359375 0.3484375 0.365625 0.346875 0.36875 0.3484375 0.3765625 0.3453125 0.3796875 0.33125 0.378125 0.3234375 0.36875 0.321875 0.3625 0.3234375 0.340625 0.33125 0.3375 0.3375 0.3390625
6 0.5078125 0.6171875 0.5296875 0.628125 0.5296875 0.63125 0.5375 0.640625 0.5359375 0.653125 0.5203125 0.6625 0.509375 0.6625 0.5015625 0.659375 0.4796875 0.634375 0.4796875 0.628125 0.4859375 0.621875 0.4984375 0.6171875 0.50625 0.6171875
6 0.6765625 0.315625 0.6859375 0.3203125 0.6875 0.3265625 0.6859375 0.3359375 0.6765625 0.340625 0.6671875 0.340625 0.6609375 0.3453125 0.646875 0.3453125 0.6421875 0.334375 0.65625 0.3203125 0.6625 0.3203125 0.675 0.315625
6 0.834375 0.496875 0.8515625 0.496875 0.85625 0.5 0.8625 0.509375 0.865625 0.5234375 0.865625 0.53125 0.8578125 0.5390625 0.85 0.540625 0.8359375 0.5390625 0.8234375 0.525 0.8234375 0.5078125 0.834375 0.4984375
6 0.1109375 0.528125 0.1234375 0.534375 0.134375 0.546875 0.134375 0.559375 0.1296875 0.5625 0.1203125 0.5625 0.1140625 0.56875 0.103125 0.56875 0.096875 0.565625 0.0859375 0.55625 0.0796875 0.54375 0.0796875 0.5359375 0.0859375 0.5296875 0.109375 0.528125
6 0.503125 0.490625 0.509375 0.5078125 0.503125 0.521875 0.496875 0.525 0.48125 0.521875 0.4765625 0.51875 0.475 0.5109375 0.4765625 0.5 0.48125 0.49375 0.4859375 0.49375 0.49375 0.4875 0.4984375 0.4875 0.5015625 0.490625
6 0.2796875 0.46875 0.2875 0.4703125 0.29375 0.4765625 0.296875 0.4765625 0.3046875 0.4875 0.3015625 0.5 0.2953125 0.503125 0.2828125 0.503125 0.2796875 0.5 0.2609375 0.4984375 0.2578125 0.490625 0.253125 0.4859375 0.253125 0.4796875 0.2609375 0.4703125 0.26875 0.4671875 0.278125 0.46875
6 0.384375 0.428125 0.4015625 0.434375 0.4046875 0.4390625 0.4046875 0.44375 0.4 0.4515625 0.3984375 0.453125 0.365625 0.4515625 0.3640625 0.459375 0.35625 0.4609375 0.3375 0.459375 0.334375 0.45625 0.334375 0.4515625 0.3390625 0.446875 0.3515625 0.4453125 0.3515625 0.4359375 0.3546875 0.4296875 0.3828125 0.428125
6 0.0828125 0.66875 0.1 0.6828125 0.0921875 0.696875 0.0859375 0.7 0.0625 0.7 0.0453125 0.69375 0.0421875 0.690625 0.0421875 0.6796875 0.053125 0.66875 0.0640625 0.665625 0.08125 0.66875
6 0.465625 0.4859375 0.475 0.5 0.475 0.50625 0.465625 0.51875 0.45 0.5265625 0.440625 0.525 0.4171875 0.5265625 0.4125 0.521875 0.4140625 0.509375 0.41875 0.5015625 0.434375 0.490625 0.4578125 0.484375 0.4640625 0.4859375
6 0.5265625 0.4625 0.534375 0.4671875 0.5203125 0.48125 0.5171875 0.4890625 0.509375 0.4921875 0.4984375 0.4828125 0.5 0.4671875 0.51875 0.4609375 0.525 0.4625
6 0.503125 0.2640625 0.51875 0.2609375 0.5359375 0.2609375 0.5390625 0.26875 0.5359375 0.284375 0.53125 0.2890625 0.521875 0.290625 0.5 0.28125 0.4984375 0.2765625 0.5 0.26875 0.503125 0.265625
6 0.615625 0.6390625 0.621875 0.640625 0.6265625 0.6453125 0.6265625 0.653125 0.6171875 0.6625 0.6140625 0.6625 0.5953125 0.646875 0.5953125 0.64375 0.6140625 0.6390625
6 0.603125 0.5875 0.6265625 0.590625 0.6546875 0.5984375 0.6640625 0.6078125 0.6609375 0.61875 0.646875 0.6265625 0.6328125 0.628125 0.615625 0.6265625 0.6046875 0.6078125 0.59375 0.596875 0.59375 0.590625 0.6015625 0.5890625
6 0.4875 0.525 0.4921875 0.5375 0.4890625 0.546875 0.48125 0.5546875 0.478125 0.5625 0.4671875 0.56875 0.459375 0.5703125 0.44375 0.5703125 0.4328125 0.565625 0.428125 0.559375 0.43125 0.5484375 0.4515625 0.528125 0.4640625 0.5234375 0.484375 0.5234375 0.4859375 0.525
6 0.2609375 0.53125 0.2890625 0.53125 0.3 0.534375 0.3046875 0.54375 0.3015625 0.553125 0.2859375 0.565625 0.2703125 0.5734375 0.2484375 0.578125 0.2421875 0.5765625 0.2375 0.571875 0.234375 0.5671875 0.234375 0.5609375 0.240625 0.5484375 0.2484375 0.5453125 0.2609375 0.5328125
6 0.3703125 0.659375 0.384375 0.6640625 0.3953125 0.675 0.3984375 0.68125 0.3984375 0.690625 0.3921875 0.696875 0.3703125 0.696875 0.3609375 0.69375 0.3546875 0.6890625 0.3546875 0.6859375 0.346875 0.678125 0.3484375 0.665625 0.35625 0.6578125 0.36875 0.659375
6 0.4015625 0.303125 0.4109375 0.309375 0.415625 0.309375 0.421875 0.31875 0.4140625 0.33125 0.4046875 0.3359375 0.3890625 0.3359375 0.384375 0.34375 0.384375 0.3515625 0.384375 0.34375 0.3890625 0.334375 0.378125 0.3171875 0.3796875 0.3125 0.3890625 0.303125 0.4 0.303125
6 0.1359375 0.5640625 0.153125 0.571875 0.1578125 0.584375 0.153125 0.596875 0.140625 0.6015625 0.115625 0.6 0.1046875 0.5890625 0.1046875 0.575 0.1078125 0.571875 0.1265625 0.5640625 0.134375 0.5640625
6 0.421875 0.4453125 0.4390625 0.4515625 0.446875 0.4609375 0.446875 0.478125 0.4375 0.4859375 0.43125 0.4875 0.4234375 0.4875 0.4171875 0.484375 0.4015625 0.4546875 0.4015625 0.45 0.40625 0.4453125 0.4109375 0.44375 0.4203125 0.4453125
6 0.315625 0.678125 0.321875 0.6796875 0.3296875 0.6859375 0.3296875 0.69375 0.328125 0.6984375 0.3125 0.703125 0.3109375 0.70625 0.2921875 0.70625 0.290625 0.7046875 0.28125 0.70625 0.2734375 0.7015625 0.271875 0.6953125 0.2734375 0.6921875 0.2859375 0.684375 0.3 0.68125 0.303125 0.678125 0.3140625 0.678125
6 0.4328125 0.340625 0.4390625 0.35 0.4359375 0.3703125 0.4296875 0.378125 0.421875 0.38125 0.4046875 0.378125 0.4015625 0.353125 0.4078125 0.34375 0.4140625 0.340625 0.41875 0.3390625 0.43125 0.340625
6 0.753125 0.3875 0.7671875 0.3859375 0.775 0.3890625 0.7875 0.403125 0.7921875 0.4140625 0.7890625 0.428125 0.771875 0.4296875 0.7609375 0.4203125 0.75 0.4046875 0.75 0.39375 0.753125 0.3890625
6 0.5890625 0.55625 0.6015625 0.5640625 0.6 0.5796875 0.590625 0.5890625 0.5671875 0.5890625 0.559375 0.584375 0.553125 0.575 0.5671875 0.5609375 0.5765625 0.55625 0.5875 0.55625
6 0.7078125 0.4 0.715625 0.4078125 0.715625 0.41875 0.70625 0.4359375 0.69375 0.4421875 0.6875 0.4421875 0.6796875 0.425 0.6796875 0.4140625 0.6890625 0.4 0.70625 0.4
6 0.3796875 0.2875 0.38125 0.2796875 0.3890625 0.2703125 0.396875 0.2671875 0.4109375 0.2671875 0.4140625 0.2703125 0.4140625 0.278125 0.403125 0.278125 0.396875 0.28125 0.3875 0.2984375 0.38125 0.29375 0.38125 0.2890625
6 0.575 0.4453125 0.5828125 0.45 0.584375 0.45625 0.58125 0.4625 0.5703125 0.46875 0.553125 0.46875 0.5421875 0.465625 0.5359375 0.4546875 0.54375 0.446875 0.55625 0.4421875 0.5703125 0.4421875 0.5734375 0.4453125
6 0.7609375 0.365625 0.7609375 0.3609375 0.765625 0.3578125 0.7890625 0.3578125 0.8015625 0.3640625 0.8015625 0.375 0.7984375 0.378125 0.7921875 0.378125 0.7890625 0.375 0.7625 0.365625
6 0.7 0.4796875 0.7046875 0.4828125 0.70625 0.4875 0.7046875 0.4953125 0.69375 0.5015625 0.6671875 0.509375 0.640625 0.509375 0.6359375 0.50625 0.6359375 0.49375 0.6390625 0.490625 0.6484375 0.484375 0.6671875 0.478125 0.6890625 0.4765625 0.6984375 0.4796875
6 0.4015625 0.2796875 0.4109375 0.2796875 0.4203125 0.2875 0.4171875 0.2953125 0.4171875 0.2890625 0.4140625 0.2859375 0.4109375 0.2859375 0.409375 0.2890625 0.403125 0.2859375 0.396875 0.2859375 0.3953125 0.2921875 0.396875 0.284375 0.4015625 0.28125
6 0.703125 0.3140625 0.709375 0.3109375 0.7234375 0.3109375 0.7390625 0.31875 0.7390625 0.3328125 0.7359375 0.3359375 0.7234375 0.3390625 0.7265625 0.334375 0.7125 0.325 0.70625 0.325 0.703125 0.328125 0.6984375 0.328125 0.696875 0.33125 0.6984375 0.3203125 0.703125 0.315625
6 0.8015625 0.290625 0.8140625 0.2921875 0.821875 0.2984375 0.8296875 0.3109375 0.8296875 0.325 0.8203125 0.3328125 0.8109375 0.3328125 0.7953125 0.321875 0.7890625 0.309375 0.7890625 0.3015625 0.79375 0.2953125 0.8 0.2921875
6 0.678125 0.4265625 0.684375 0.440625 0.6828125 0.4484375 0.6671875 0.45625 0.6609375 0.453125 0.6484375 0.4515625 0.6453125 0.446875 0.646875 0.4359375 0.6609375 0.428125 0.6765625 0.4265625
6 0.15625 0.5234375 0.165625 0.525 0.16875 0.5296875 0.165625 0.53125 0.165625 0.534375 0.159375 0.5421875 0.146875 0.546875 0.1328125 0.5453125 0.1265625 0.5390625 0.125 0.5328125 0.128125 0.528125 0.1375 0.5234375 0.1546875 0.5234375
6 0.571875 0.246875 0.578125 0.2515625 0.5828125 0.26875 0.58125 0.28125 0.571875 0.2859375 0.559375 0.284375 0.553125 0.278125 0.5546875 0.25 0.559375 0.246875 0.5703125 0.246875
6 0.7203125 0.4421875 0.728125 0.45 0.728125 0.459375 0.715625 0.46875 0.7078125 0.471875 0.6859375 0.471875 0.6796875 0.46875 0.675 0.459375 0.678125 0.453125 0.696875 0.44375 0.70625 0.440625 0.71875 0.4421875
6 0.5453125 0.3296875 0.5515625 0.3328125 0.5546875 0.3390625 0.5578125 0.340625 0.559375 0.35625 0.5484375 0.375 0.54375 0.378125 0.534375 0.3796875 0.521875 0.375 0.5203125 0.36875 0.521875 0.3515625 0.51875 0.3453125 0.5234375 0.334375 0.5328125 0.3296875 0.54375 0.3296875
6 0.5640625 0.40625 0.571875 0.4109375 0.571875 0.415625 0.565625 0.425 0.553125 0.4390625 0.5421875 0.4390625 0.5375 0.4421875 0.525 0.4421875 0.51875 0.4390625 0.515625 0.434375 0.515625 0.4234375 0.5265625 0.4140625 0.5390625 0.4109375 0.5453125 0.40625 0.5625 0.40625
6 0.1859375 0.490625 0.2078125 0.4984375 0.2078125 0.5140625 0.178125 0.5234375 0.15625 0.521875 0.140625 0.515625 0.1359375 0.5125 0.1359375 0.5015625 0.1453125 0.49375 0.15 0.49375 0.1546875 0.490625 0.184375 0.490625
6 0.6453125 0.35 0.6546875 0.3578125 0.6546875 0.3703125 0.6390625 0.3828125 0.625 0.3875 0.615625 0.3875 0.609375 0.384375 0.6046875 0.378125 0.6046875 0.3703125 0.6109375 0.359375 0.6109375 0.3546875 0.6171875 0.35 0.64375 0.35
6 0.578125 0.4921875 0.5828125 0.4953125 0.5828125 0.5 0.5734375 0.503125 0.5609375 0.5171875 0.553125 0.5109375 0.553125 0.5015625 0.5640625 0.490625 0.5765625 0.4921875
6 0.41875 0.7265625 0.4234375 0.728125 0.4296875 0.7359375 0.4296875 0.7453125 0.4234375 0.75625 0.4140625 0.765625 0.4 0.7703125 0.3703125 0.7671875 0.3609375 0.7640625 0.3546875 0.7609375 0.3484375 0.7515625 0.3484375 0.7453125 0.3546875 0.7390625 0.375 0.73125 0.3828125 0.73125 0.4015625 0.725 0.4171875 0.7265625
6 0.6546875 0.303125 0.665625 0.309375 0.665625 0.3171875 0.6578125 0.31875 0.64375 0.3296875 0.61875 0.3265625 0.6078125 0.321875 0.6046875 0.3140625 0.609375 0.30625 0.6171875 0.303125 0.653125 0.303125
6 0.21875 0.49375 0.23125 0.4875 0.2484375 0.4859375 0.253125 0.4875 0.2578125 0.4953125 0.25625 0.50625 0.25 0.509375 0.2421875 0.51875 0.2265625 0.521875 0.2125 0.515625 0.209375 0.509375 0.2109375 0.5015625 0.21875 0.4953125
49 0.40760869565217395 0.24566768603465855 0.41440217391304346 0.24974515800203875 0.44972826086956524 0.24566768603465855 0.4592391304347826 0.2344546381243629 0.47146739130434784 0.23037716615698267 0.48369565217391297 0.23037716615698267 0.5040760869565217 0.23751274209989806 0.5258152173913043 0.218144750254842 0.5258152173913043 0.20998980632008157 0.5190217391304348 0.20693170234454641 0.5190217391304348 0.1946992864424057 0.4782608695652174 0.19673802242609584 0.4728260869565217 0.20285423037716616 0.4375 0.21304791029561673 0.40896739130434784 0.2324159021406728 0.40760869565217395 0.24566768603465855
6 0.2203125 0.525 0.246875 0.5234375 0.25625 0.5296875 0.25625 0.5328125 0.24375 0.5453125 0.2265625 0.546875 0.21875 0.5421875 0.2203125 0.5265625
6 0.540625 0.55 0.546875 0.56875 0.540625 0.5828125 0.5296875 0.5921875 0.521875 0.5921875 0.5140625 0.5890625 0.50625 0.578125 0.50625 0.5703125 0.5125 0.5625 0.5171875 0.5609375 0.5234375 0.5546875 0.5390625 0.55
6 0.528125 0.59375 0.540625 0.5984375 0.54375 0.6046875 0.54375 0.6125 0.5375 0.61875 0.53125 0.6203125 0.5296875 0.6234375 0.525 0.6234375 0.5171875 0.61875 0.5109375 0.61875 0.5 0.6125 0.4984375 0.609375 0.5 0.6046875 0.5046875 0.6015625 0.5265625 0.59375