49 0.057065217391304345 0.4454638124362895 0.06929347826086957 0.46687054026503566 0.13722826086956522 0.5565749235474006 0.19701086956521738 0.6228338430173292 0.2214673913043478 0.6615698267074415 0.23097826086956524 0.6819571865443426 0.264945652173913 0.8307849133537207 0.2758152173913043 0.8521916411824669 0.28940217391304346 0.8623853211009175 0.32608695652173914 0.8674821610601426 0.7839673913043478 0.7064220183486238 0.782608695652174 0.7023445463812437 0.7377717391304348 0.6931702344546381 0.7269021739130435 0.6819571865443426 0.71875 0.6799184505606524 0.6847826086956521 0.7288481141692151 0.6752717391304348 0.7349643221202855 0.6453804347826086 0.7390417940876657 0.6304347826086956 0.7492354740061162 0.6019021739130435 0.7482161060142711 0.577445652173913 0.7400611620795108 0.34103260869565216 0.4026503567787971 0.3491847826086957 0.3944954128440367 0.3546195652173913 0.3720693170234455 0.36277173913043476 0.3608562691131499 0.3695652173913043 0.35270132517838937 0.3817934782608695 0.3486238532110092 0.37907608695652173 0.3414882772680938 0.10326086956521738 0.3853211009174312 0.07608695652173912 0.40061162079510704 0.057065217391304345 0.4240570846075434 0.057065217391304345 0.4454638124362895
4 0.6453125 0.2890625 0.6609375 0.296875 0.665625 0.296875 0.66875 0.3 0.6734375 0.3 0.6859375 0.30625 0.6875 0.309375 0.69375 0.3109375 0.7078125 0.328125 0.7078125 0.3328125 0.721875 0.346875 0.728125 0.3578125 0.728125 0.3640625 0.734375 0.38125 0.734375 0.3921875 0.73125 0.396875 0.73125 0.40625 0.728125 0.415625 0.725 0.41875 0.7203125 0.41875 0.7171875 0.4125 0.6875 0.4046875 0.6453125 0.40625 0.63125 0.409375 0.6203125 0.415625 0.615625 0.415625 0.6140625 0.41875 0.6078125 0.421875 0.5984375 0.4328125 0.5828125 0.4453125 0.575 0.45625 0.5671875 0.45625 0.5453125 0.4484375 0.5375 0.4390625 0.5296875 0.41875 0.521875 0.4078125 0.521875 0.403125 0.5171875 0.3953125 0.5171875 0.3765625 0.521875 0.3609375 0.521875 0.353125 0.5421875 0.325 0.5515625 0.31875 0.5546875 0.3109375 0.575 0.296875 0.6140625 0.2890625 0.64375 0.2890625
4 0.60625 0.578125 0.6171875 0.58125 0.6359375 0.5921875 0.65 0.5953125 0.659375 0.6015625 0.665625 0.6015625 0.6765625 0.6078125 0.6859375 0.6234375 0.6859375 0.6328125 0.690625 0.6421875 0.7109375 0.6671875 0.7125 0.671875 0.7078125 0.69375 0.696875 0.70625 0.69375 0.7140625 0.6765625 0.73125 0.6671875 0.734375 0.653125 0.734375 0.6359375 0.740625 0.615625 0.74375 0.59375 0.740625 0.5859375 0.7359375 0.5671875 0.7328125 0.5421875 0.7203125 0.5375 0.7140625 0.5109375 0.696875 0.509375 0.6921875 0.5 0.6828125 0.4984375 0.6734375 0.49375 0.6671875 0.49375 0.6484375 0.4984375 0.6203125 0.5015625 0.6140625 0.521875 0.5953125 0.5421875 0.584375 0.5484375 0.584375 0.553125 0.58125 0.571875 0.58125 0.578125 0.578125 0.6046875 0.578125
4 0.4390625 0.33125 0.440625 0.3328125 0.48125 0.334375 0.4953125 0.340625 0.515625 0.35625 0.5109375 0.3890625 0.5203125 0.4203125 0.528125 0.4328125 0.528125 0.44375 0.515625 0.4515625 0.4984375 0.453125 0.484375 0.459375 0.4765625 0.465625 0.4578125 0.471875 0.440625 0.4875 0.428125 0.503125 0.396875 0.4953125 0.3765625 0.4828125 0.365625 0.471875 0.3546875 0.446875 0.3546875 0.440625 0.35 0.4328125 0.35 0.4125 0.3484375 0.4109375 0.35 0.403125 0.3546875 0.396875 0.3578125 0.3765625 0.3640625 0.36875 0.365625 0.3609375 0.36875 0.3578125 0.38125 0.353125 0.4 0.3375 0.4046875 0.3375 0.4078125 0.334375 0.4171875 0.334375 0.428125 0.3296875 0.4375 0.33125
4 0.2734375 0.4046875 0.2875 0.4078125 0.31875 0.4078125 0.3421875 0.4109375 0.3453125 0.4140625 0.34375 0.4359375 0.3515625 0.44375 0.353125 0.453125 0.365625 0.4796875 0.3640625 0.4859375 0.353125 0.4953125 0.3375 0.503125 0.3234375 0.50625 0.3078125 0.521875 0.2921875 0.5296875 0.2796875 0.5484375 0.2796875 0.553125 0.2734375 0.565625 0.2671875 0.565625 0.2515625 0.559375 0.2328125 0.5453125 0.21875 0.5296875 0.21875 0.525 0.1984375 0.509375 0.190625 0.4921875 0.190625 0.484375 0.19375 0.478125 0.19375 0.45625 0.209375 0.4375 0.209375 0.434375 0.25 0.4078125 0.2625 0.403125 0.271875 0.4046875
4 0.3703125 0.5 0.371875 0.5015625 0.390625 0.5015625 0.3921875 0.5 0.4078125 0.5015625 0.4265625 0.509375 0.428125 0.5125 0.4171875 0.546875 0.4171875 0.5671875 0.4203125 0.5890625 0.4265625 0.6046875 0.4265625 0.6171875 0.4015625 0.6265625 0.390625 0.6265625 0.3796875 0.6296875 0.3703125 0.6359375 0.346875 0.6421875 0.325 0.653125 0.3046875 0.6734375 0.29375 0.665625 0.2859375 0.65625 0.28125 0.6484375 0.28125 0.6421875 0.271875 0.6203125 0.2703125 0.609375 0.271875 0.5859375 0.278125 0.575 0.278125 0.5609375 0.28125 0.55625 0.28125 0.5515625 0.2953125 0.53125 0.3078125 0.525 0.3234375 0.5109375 0.3375 0.5046875 0.34375 0.5046875 0.3515625 0.5 0.36875 0.5
4 0.65625 0.4078125 0.6578125 0.409375 0.6859375 0.4078125 0.7140625 0.4140625 0.71875 0.4203125 0.7375 0.4296875 0.7703125 0.45625 0.7796875 0.4765625 0.7875 0.4859375 0.790625 0.49375 0.790625 0.5125 0.7875 0.5140625 0.7796875 0.5125 0.778125 0.5140625 0.740625 0.515625 0.7375 0.51875 0.721875 0.5234375 0.6984375 0.5359375 0.6890625 0.55 0.6859375 0.5640625 0.678125 0.578125 0.6765625 0.596875 0.6734375 0.5984375 0.6578125 0.596875 0.646875 0.5890625 0.6359375 0.5859375 0.6328125 0.5828125 0.628125 0.5828125 0.6046875 0.56875 0.6046875 0.565625 0.59375 0.553125 0.5921875 0.54375 0.584375 0.5328125 0.5796875 0.5109375 0.58125 0.4625 0.584375 0.453125 0.5921875 0.4453125 0.59375 0.440625 0.6 0.4375 0.61875 0.4203125 0.6375 0.4109375 0.6546875 0.4078125
4 0.7859375 0.5171875 0.7984375 0.5234375 0.81875 0.525 0.8515625 0.5375 0.8671875 0.5546875 0.88125 0.5640625 0.890625 0.575 0.8953125 0.584375 0.8953125 0.590625 0.9046875 0.603125 0.90625 0.6109375 0.9046875 0.6390625 0.8953125 0.6625 0.8734375 0.6828125 0.8609375 0.6890625 0.85625 0.6890625 0.8171875 0.703125 0.7546875 0.69375 0.7328125 0.6828125 0.7 0.65 0.6921875 0.634375 0.690625 0.6234375 0.68125 0.6015625 0.68125 0.5859375 0.696875 0.546875 0.7015625 0.540625 0.7171875 0.534375 0.71875 0.53125 0.7296875 0.525 0.740625 0.5234375 0.7453125 0.5203125 0.7609375 0.5171875 0.784375 0.5171875
4 0.5578125 0.45625 0.5703125 0.4609375 0.575 0.4671875 0.5765625 0.478125 0.5734375 0.4984375 0.575 0.5234375 0.5828125 0.5390625 0.584375 0.5484375 0.596875 0.5734375 0.5640625 0.5765625 0.5375 0.5828125 0.5140625 0.596875 0.4921875 0.61875 0.446875 0.61875 0.4375 0.6125 0.428125 0.59375 0.428125 0.5875 0.425 0.58125 0.425 0.5671875 0.421875 0.5578125 0.421875 0.5484375 0.428125 0.53125 0.428125 0.5234375 0.43125 0.5171875 0.4375 0.5125 0.4375 0.5015625 0.440625 0.4953125 0.446875 0.4890625 0.4484375 0.484375 0.4578125 0.478125 0.4609375 0.4734375 0.475 0.4703125 0.4953125 0.4578125 0.515625 0.4546875 0.521875 0.4515625 0.55625 0.45625
49 0.46059782608695654 0.3211009174311927 0.49184782608695654 0.33537206931702346 0.5054347826086956 0.3486238532110092 0.5176630434782609 0.34964322120285424 0.529891304347826 0.33333333333333337 0.53125 0.3211009174311927 0.5448369565217391 0.31600407747196735 0.5760869565217391 0.2915392456676861 0.6413043478260869 0.2833843017329256 0.6929347826086956 0.3017329255861366 0.7160326086956521 0.3231396534148828 0.7160326086956521 0.33537206931702346 0.7296195652173914 0.3516819571865443 0.7404891304347826 0.3557594291539246 0.7364130434782609 0.37104994903160043 0.7432065217391304 0.3944954128440367 0.733695652173913 0.41794087665647306 0.7404891304347826 0.4281345565749236 0.779891304347826 0.45871559633027525 0.782608695652174 0.46992864424057085 0.794836956521739 0.47196738022426094 0.7921195652173914 0.4770642201834862 0.8043478260869564 0.4862385321100918 0.8043478260869564 0.49847094801223246 0.796195652173913 0.5147808358817534 0.8464673913043479 0.5321100917431193 0.861413043478261 0.5433231396534148 0.8940217391304348 0.5769622833843018 0.9076086956521738 0.6044852191641182 0.9116847826086957 0.6228338430173292 0.90625 0.6432212028542305 0.892663043478261 0.6687054026503568 0.8736413043478259 0.6880733944954128 0.9157608695652174 0.6748216106014271 0.9429347826086957 0.6605504587155964 0.9415760869565217 0.6360856269113151 0.919836956521739 0.5953109072375128 0.8709239130434783 0.5341488277268094 0.8627717391304348 0.5147808358817534 0.8070652173913043 0.45361875637105 0.7581521739130435 0.30275229357798167 0.7309782608695652 0.25178389398572887 0.7133152173913043 0.2344546381243629 0.6793478260869565 0.2273190621814475 0.6426630434782609 0.236493374108053 0.5815217391304348 0.2670744138634047 0.5434782608695652 0.27522935779816515 0.5285326086956521 0.2854230377166157 0.4959239130434782 0.29561671763506625 0.4619565217391305 0.31600407747196735 0.46059782608695654 0.3211009174311927
4 0.440625 0.6203125 0.45625 0.6234375 0.4875 0.625 0.4890625 0.6265625 0.4890625 0.6671875 0.4984375 0.6875 0.5140625 0.7046875 0.5328125 0.715625 0.534375 0.71875 0.5375 0.71875 0.5484375 0.728125 0.5515625 0.728125 0.553125 0.73125 0.5609375 0.7328125 0.56875 0.7375 0.56875 0.740625 0.553125 0.75625 0.5515625 0.7625 0.5375 0.7796875 0.5296875 0.7828125 0.515625 0.784375 0.5046875 0.790625 0.4921875 0.79375 0.4890625 0.796875 0.4671875 0.8015625 0.403125 0.8 0.3953125 0.796875 0.3875 0.796875 0.3828125 0.79375 0.375 0.79375 0.3609375 0.7828125 0.340625 0.7765625 0.3265625 0.7671875 0.315625 0.75625 0.3125 0.7453125 0.303125 0.7359375 0.3015625 0.7265625 0.303125 0.690625 0.325 0.6578125 0.3515625 0.6453125 0.371875 0.640625 0.3859375 0.63125 0.396875 0.63125 0.4125 0.625 0.41875 0.625 0.421875 0.621875 0.4390625 0.6203125