44 0.390625 0.6625 0.4 0.6671875 0.4046875 0.675 0.4171875 0.6875 0.4453125 0.6984375 0.446875 0.7078125 0.44375 0.709375 0.440625 0.7078125 0.4 0.7078125 0.3703125 0.715625 0.365625 0.70625 0.365625 0.696875 0.35625 0.6859375 0.35625 0.68125 0.3578125 0.678125 0.371875 0.675 0.38125 0.6671875 0.3890625 0.6640625
44 0.675 0.51875 0.6890625 0.5234375 0.696875 0.53125 0.696875 0.5390625 0.7015625 0.55 0.7 0.5734375 0.6921875 0.5890625 0.6765625 0.596875 0.671875 0.596875 0.665625 0.603125 0.6484375 0.609375 0.64375 0.609375 0.6390625 0.603125 0.6390625 0.584375 0.6359375 0.578125 0.6359375 0.5703125 0.628125 0.5609375 0.6171875 0.5578125 0.6109375 0.5515625 0.6109375 0.546875 0.615625 0.5375 0.63125 0.521875 0.6359375 0.521875 0.640625 0.51875 0.6734375 0.51875
44 0.475 0.75625 0.4859375 0.7609375 0.4984375 0.7609375 0.503125 0.7640625 0.509375 0.7640625 0.515625 0.7609375 0.5296875 0.7640625 0.534375 0.7609375 0.55 0.759375 0.553125 0.7625 0.55 0.7984375 0.5375 0.80625 0.5296875 0.8078125 0.5 0.8078125 0.4765625 0.8015625 0.471875 0.7953125 0.465625 0.775 0.46875 0.759375 0.4734375 0.75625
44 0.6140625 0.465625 0.621875 0.46875 0.6265625 0.478125 0.6296875 0.4796875 0.6328125 0.490625 0.63125 0.5109375 0.6171875 0.5296875 0.596875 0.5390625 0.59375 0.5390625 0.58125 0.5296875 0.5625 0.5296875 0.55625 0.5265625 0.5515625 0.5203125 0.5515625 0.5140625 0.5484375 0.509375 0.5484375 0.490625 0.5515625 0.484375 0.5671875 0.471875 0.571875 0.4703125 0.5890625 0.471875 0.596875 0.4671875 0.6125 0.465625
44 0.6328125 0.39609375 0.03671875 0.0640625
44 0.5734375 0.2953125 0.6 0.303125 0.6140625 0.328125 0.6140625 0.3546875 0.6109375 0.36875 0.603125 0.3875 0.590625 0.4015625 0.578125 0.4078125 0.54375 0.4 0.5328125 0.3890625 0.5203125 0.384375 0.5140625 0.3765625 0.5140625 0.365625 0.521875 0.3515625 0.521875 0.3296875 0.5234375 0.325 0.53125 0.3171875 0.53125 0.3125 0.540625 0.303125 0.5546875 0.2953125 0.571875 0.2953125
44 0.584375 0.7421875 0.6125 0.7484375 0.6140625 0.7578125 0.628125 0.771875 0.640625 0.7796875 0.6421875 0.7890625 0.634375 0.8109375 0.6234375 0.821875 0.6203125 0.821875 0.6125 0.8296875 0.6046875 0.8328125 0.5875 0.8328125 0.5625 0.8203125 0.553125 0.803125 0.553125 0.78125 0.55625 0.7609375 0.5640625 0.75 0.5734375 0.7453125 0.5828125 0.74375
44 0.4109375 0.234375 0.415625 0.2359375 0.421875 0.2421875 0.43125 0.2546875 0.4328125 0.2625 0.4046875 0.2875 0.4046875 0.290625 0.3953125 0.303125 0.390625 0.321875 0.3859375 0.325 0.3765625 0.321875 0.36875 0.3078125 0.3671875 0.3 0.36875 0.2765625 0.38125 0.25 0.3921875 0.240625 0.3953125 0.240625 0.396875 0.2375 0.409375 0.234375
44 0.5078125 0.46875 0.525 0.484375 0.5375 0.490625 0.540625 0.4984375 0.540625 0.509375 0.54375 0.515625 0.54375 0.528125 0.540625 0.5328125 0.540625 0.540625 0.5296875 0.5546875 0.528125 0.5609375 0.51875 0.5703125 0.5140625 0.56875 0.509375 0.5625 0.4984375 0.5578125 0.478125 0.5578125 0.4640625 0.5609375 0.459375 0.5640625 0.453125 0.5640625 0.4390625 0.55 0.434375 0.5375 0.434375 0.51875 0.4375 0.509375 0.4375 0.5 0.4421875 0.490625 0.4515625 0.4796875 0.4578125 0.4765625 0.459375 0.4734375 0.4765625 0.46875 0.4796875 0.465625 0.4875 0.465625 0.49375 0.46875 0.50625 0.46875
44 0.63125 0.628125 0.6453125 0.6390625 0.6453125 0.64375 0.6546875 0.65625 0.6546875 0.6625 0.659375 0.671875 0.659375 0.6828125 0.6546875 0.6984375 0.6421875 0.7203125 0.6234375 0.7359375 0.615625 0.7390625 0.590625 0.7390625 0.584375 0.7359375 0.578125 0.728125 0.5734375 0.7265625 0.5625 0.7140625 0.5625 0.709375 0.559375 0.7078125 0.5578125 0.7 0.55 0.6859375 0.5484375 0.671875 0.553125 0.6625 0.575 0.640625 0.584375 0.634375 0.5875 0.6328125 0.609375 0.634375 0.615625 0.6296875 0.6296875 0.628125
44 0.678125 0.675 0.6859375 0.678125 0.6890625 0.690625 0.696875 0.6984375 0.696875 0.70625 0.7046875 0.7171875 0.7046875 0.728125 0.7015625 0.7328125 0.696875 0.7515625 0.6890625 0.759375 0.6796875 0.7625 0.6671875 0.7625 0.6546875 0.7703125 0.63125 0.76875 0.6203125 0.759375 0.61875 0.74375 0.6359375 0.7296875 0.646875 0.7171875 0.6484375 0.7109375 0.6609375 0.690625 0.6609375 0.6796875 0.665625 0.675 0.6765625 0.675
44 0.8140625 0.434375 0.821875 0.4390625 0.8265625 0.4484375 0.8265625 0.4546875 0.8328125 0.465625 0.834375 0.503125 0.8265625 0.5203125 0.8109375 0.5296875 0.79375 0.5328125 0.775 0.5328125 0.7703125 0.5296875 0.7609375 0.5296875 0.746875 0.5203125 0.7421875 0.5203125 0.7359375 0.5125 0.7296875 0.509375 0.71875 0.4953125 0.7171875 0.471875 0.721875 0.4640625 0.7328125 0.459375 0.746875 0.4484375 0.753125 0.440625 0.7640625 0.434375 0.7765625 0.43125 0.80625 0.43125 0.8125 0.434375
44 0.2203125 0.6046875 0.2296875 0.6125 0.271875 0.6203125 0.2703125 0.628125 0.2671875 0.63125 0.2546875 0.6359375 0.225 0.6359375 0.2109375 0.6328125 0.1890625 0.6109375 0.1859375 0.6015625 0.184375 0.5671875 0.1859375 0.5625 0.1921875 0.5578125 0.196875 0.5578125 0.2078125 0.5734375 0.2078125 0.5921875 0.21875 0.6046875
44 0.4671875 0.4078125 0.471875 0.4140625 0.4890625 0.4203125 0.4921875 0.4234375 0.4984375 0.421875 0.4984375 0.434375 0.5015625 0.440625 0.503125 0.453125 0.4984375 0.4625 0.46875 0.4671875 0.459375 0.471875 0.446875 0.484375 0.4390625 0.4875 0.4375 0.478125 0.43125 0.46875 0.4234375 0.4609375 0.4078125 0.453125 0.4015625 0.446875 0.4 0.421875 0.4015625 0.4171875 0.4078125 0.4109375 0.415625 0.409375 0.428125 0.415625 0.4453125 0.415625 0.4546875 0.4109375 0.465625 0.409375
44 0.5859375 0.5359375 0.5921875 0.5421875 0.5921875 0.5453125 0.6 0.5515625 0.60625 0.553125 0.615625 0.5609375 0.6265625 0.5625 0.634375 0.571875 0.634375 0.58125 0.6375 0.5859375 0.634375 0.6171875 0.6296875 0.6234375 0.615625 0.625 0.6078125 0.6296875 0.584375 0.63125 0.5828125 0.634375 0.571875 0.6375 0.5640625 0.6453125 0.5546875 0.64375 0.5421875 0.6359375 0.534375 0.628125 0.5265625 0.603125 0.525 0.5734375 0.5296875 0.5625 0.5453125 0.5421875 0.55 0.5421875 0.5578125 0.5375 0.5734375 0.5328125 0.584375 0.5359375
44 0.6109375 0.4078125 0.6171875 0.43125 0.596875 0.4359375 0.5921875 0.4421875 0.5890625 0.434375 0.5890625 0.4265625 0.5796875 0.4140625 0.58125 0.4109375 0.5921875 0.40625 0.6 0.3984375 0.6046875 0.3984375 0.609375 0.4078125
44 0.365625 0.540625 0.3953125 0.5453125 0.4046875 0.5484375 0.40625 0.5515625 0.4046875 0.55625 0.3953125 0.565625 0.39375 0.5828125 0.3890625 0.5828125 0.384375 0.578125 0.365625 0.575 0.359375 0.571875 0.3625 0.56875 0.365625 0.5578125 0.365625 0.5421875
44 0.578125 0.1875 0.590625 0.190625 0.603125 0.196875 0.609375 0.203125 0.61875 0.234375 0.6171875 0.259375 0.6140625 0.2703125 0.603125 0.28125 0.6 0.2875 0.5921875 0.2921875 0.565625 0.290625 0.5578125 0.2859375 0.5484375 0.275 0.5453125 0.2734375 0.528125 0.275 0.521875 0.271875 0.51875 0.2671875 0.51875 0.253125 0.521875 0.246875 0.521875 0.240625 0.525 0.2390625 0.528125 0.2296875 0.53125 0.2140625 0.540625 0.209375 0.5578125 0.1921875 0.565625 0.1890625 0.5765625 0.1890625
44 0.365625 0.5765625 0.3828125 0.58125 0.3953125 0.5921875 0.4 0.60625 0.4 0.625 0.3953125 0.6375 0.3953125 0.6453125 0.3890625 0.6578125 0.371875 0.6703125 0.3640625 0.671875 0.346875 0.671875 0.334375 0.6671875 0.3296875 0.659375 0.3140625 0.6453125 0.303125 0.6140625 0.3078125 0.609375 0.321875 0.6046875 0.3390625 0.59375 0.3421875 0.59375 0.35625 0.578125 0.3640625 0.5765625
44 0.484375 0.1828125 0.5046875 0.1890625 0.5109375 0.196875 0.509375 0.2 0.49375 0.2109375 0.4859375 0.221875 0.4703125 0.259375 0.440625 0.2578125 0.434375 0.240625 0.434375 0.2296875 0.4390625 0.2109375 0.4546875 0.1921875 0.4703125 0.184375 0.4828125 0.1828125
44 0.428125 0.6078125 0.434375 0.6328125 0.440625 0.6390625 0.453125 0.6421875 0.4609375 0.6484375 0.4515625 0.690625 0.4484375 0.69375 0.4375 0.69375 0.425 0.6875 0.4203125 0.6875 0.40625 0.6765625 0.4 0.665625 0.3984375 0.6453125 0.4015625 0.628125 0.409375 0.615625 0.4140625 0.615625 0.41875 0.6109375 0.4265625 0.609375
44 0.309375 0.2703125 0.325 0.2859375 0.3328125 0.2875 0.3421875 0.29375 0.3421875 0.2984375 0.346875 0.303125 0.35 0.303125 0.3578125 0.3125 0.3609375 0.3234375 0.359375 0.3328125 0.3515625 0.3328125 0.34375 0.3171875 0.334375 0.315625 0.328125 0.3234375 0.328125 0.3390625 0.3296875 0.340625 0.328125 0.359375 0.325 0.3640625 0.309375 0.365625 0.2984375 0.3640625 0.2890625 0.359375 0.271875 0.34375 0.26875 0.3375 0.265625 0.31875 0.265625 0.3078125 0.275 0.2828125 0.2890625 0.271875 0.29375 0.271875 0.2984375 0.26875 0.3078125 0.2703125
44 0.3859375 0.3390625 0.3859375 0.3453125 0.390625 0.3515625 0.3953125 0.36875 0.4015625 0.375 0.4046875 0.384375 0.4046875 0.390625 0.4078125 0.3953125 0.40625 0.4046875 0.4015625 0.4125 0.3921875 0.4203125 0.3859375 0.4203125 0.3765625 0.415625 0.365625 0.4140625 0.359375 0.4109375 0.3578125 0.40625 0.3546875 0.4046875 0.3546875 0.34375 0.3578125 0.3390625 0.3640625 0.3390625 0.36875 0.334375 0.3734375 0.334375 0.378125 0.3390625 0.3765625 0.3484375 0.3796875 0.3515625 0.3859375 0.346875 0.3859375 0.340625
44 0.3234375 0.675 0.325 0.6765625 0.328125 0.675 0.33125 0.678125 0.340625 0.6796875 0.35 0.684375 0.35625 0.6890625 0.3640625 0.7 0.3640625 0.7453125 0.35625 0.759375 0.353125 0.7609375 0.353125 0.7640625 0.3421875 0.7765625 0.3109375 0.78125 0.29375 0.7796875 0.2859375 0.7703125 0.2859375 0.7578125 0.2609375 0.7390625 0.2578125 0.728125 0.2578125 0.709375 0.2609375 0.6984375 0.28125 0.68125 0.29375 0.6765625 0.321875 0.675
44 0.5203125 0.6515625 0.53125 0.65625 0.5390625 0.6640625 0.54375 0.671875 0.546875 0.6859375 0.5515625 0.6921875 0.5515625 0.696875 0.5546875 0.7 0.5546875 0.70625 0.5609375 0.7171875 0.5609375 0.734375 0.55625 0.7484375 0.55 0.75625 0.5296875 0.7625 0.5171875 0.759375 0.5140625 0.7609375 0.490625 0.759375 0.4765625 0.753125 0.4703125 0.746875 0.4625 0.7296875 0.459375 0.728125 0.459375 0.7234375 0.453125 0.7109375 0.453125 0.6984375 0.459375 0.6703125 0.46875 0.6625 0.46875 0.6578125 0.4953125 0.65625 0.50625 0.65 0.51875 0.6515625
44 0.290625 0.3625 0.3078125 0.3703125 0.321875 0.3875 0.321875 0.3953125 0.3109375 0.4046875 0.3109375 0.4140625 0.3078125 0.4171875 0.3078125 0.425 0.3078125 0.4171875 0.303125 0.40625 0.290625 0.3953125 0.278125 0.3890625 0.2609375 0.3859375 0.2625 0.3765625 0.2703125 0.3703125 0.271875 0.365625 0.278125 0.3625 0.2890625 0.3625
44 0.396875 0.55 0.40625 0.5515625 0.41875 0.5421875 0.4234375 0.5359375 0.428125 0.534375 0.434375 0.5421875 0.4359375 0.55 0.44375 0.55625 0.4453125 0.5609375 0.4515625 0.5671875 0.4515625 0.571875 0.446875 0.5796875 0.440625 0.584375 0.43125 0.603125 0.4140625 0.6109375 0.40625 0.6109375 0.396875 0.5921875 0.3953125 0.584375 0.390625 0.58125 0.390625 0.5765625 0.4 0.5578125 0.4 0.553125 0.396875 0.5515625
44 0.65625 0.609375 0.6890625 0.59375 0.7 0.59375 0.7046875 0.6 0.703125 0.60625 0.70625 0.6109375 0.70625 0.6140625 0.69375 0.625 0.690625 0.63125 0.6890625 0.6421875 0.6859375 0.646875 0.6859375 0.66875 0.6796875 0.6734375 0.6640625 0.671875 0.6609375 0.66875 0.65625 0.6546875 0.646875 0.640625 0.646875 0.6359375 0.6359375 0.6265625 0.6390625 0.621875 0.6515625 0.615625 0.65625 0.6109375
44 0.5453125 0.403125 0.56875 0.409375 0.5765625 0.4171875 0.58125 0.41875 0.5875 0.428125 0.5890625 0.4421875 0.5890625 0.459375 0.5859375 0.465625 0.5796875 0.46875 0.565625 0.4703125 0.55 0.4828125 0.5296875 0.48125 0.5234375 0.478125 0.5125 0.4671875 0.503125 0.4328125 0.503125 0.4171875 0.5140625 0.403125 0.5203125 0.4 0.540625 0.4 0.54375 0.403125
44 0.3015625 0.615625 0.303125 0.6234375 0.3109375 0.6375 0.3109375 0.64375 0.33125 0.665625 0.33125 0.66875 0.321875 0.6734375 0.29375 0.6734375 0.290625 0.6765625 0.278125 0.6765625 0.271875 0.66875 0.26875 0.6578125 0.26875 0.640625 0.275 0.625 0.2890625 0.615625 0.3 0.615625
44 0.4125 0.4578125 0.4171875 0.459375 0.43125 0.4734375 0.4359375 0.4859375 0.4359375 0.503125 0.4328125 0.5171875 0.4265625 0.528125 0.4140625 0.540625 0.409375 0.540625 0.4046875 0.54375 0.3859375 0.54375 0.365625 0.5390625 0.3484375 0.509375 0.346875 0.4953125 0.3546875 0.4921875 0.36875 0.490625 0.3765625 0.484375 0.384375 0.484375 0.384375 0.4875 0.3984375 0.5 0.4 0.496875 0.3890625 0.4796875 0.4078125 0.471875 0.409375 0.46875 0.4015625 0.4625 0.4015625 0.45625 0.4046875 0.4546875 0.4109375 0.4578125
44 0.76875 0.534375 0.7875 0.54375 0.796875 0.5671875 0.796875 0.5890625 0.7859375 0.6125 0.778125 0.6234375 0.765625 0.6234375 0.759375 0.6171875 0.7515625 0.6140625 0.7140625 0.609375 0.709375 0.603125 0.709375 0.5984375 0.703125 0.584375 0.703125 0.56875 0.70625 0.55 0.709375 0.5421875 0.7203125 0.5328125 0.7359375 0.5296875 0.753125 0.5296875 0.7671875 0.534375
44 0.6546875 0.4296875 0.678125 0.459375 0.68125 0.459375 0.690625 0.4671875 0.7015625 0.46875 0.70625 0.4734375 0.7078125 0.478125 0.70625 0.496875 0.6953125 0.509375 0.6859375 0.5140625 0.6625 0.5140625 0.6609375 0.5125 0.65625 0.5140625 0.6390625 0.509375 0.6359375 0.50625 0.6359375 0.490625 0.6328125 0.48125 0.625 0.46875 0.615625 0.4625 0.61875 0.453125 0.61875 0.4421875 0.621875 0.4375 0.6375 0.428125 0.653125 0.4296875
44 0.7515625 0.6171875 0.759375 0.6203125 0.7625 0.625 0.765625 0.625 0.7765625 0.6328125 0.784375 0.6453125 0.790625 0.65 0.7921875 0.6734375 0.790625 0.6828125 0.778125 0.696875 0.775 0.696875 0.7625 0.7078125 0.7515625 0.7109375 0.7453125 0.721875 0.734375 0.7265625 0.725 0.725 0.7171875 0.7171875 0.709375 0.715625 0.7 0.70625 0.6984375 0.6984375 0.6921875 0.690625 0.6921875 0.684375 0.6875 0.675 0.6875 0.6515625 0.696875 0.625 0.7109375 0.615625 0.73125 0.6140625 0.75 0.6171875
44 0.63125 0.2703125 0.646875 0.271875 0.646875 0.2765625 0.634375 0.2890625 0.6234375 0.3078125 0.6234375 0.31875 0.6203125 0.3296875 0.615625 0.3296875 0.6140625 0.31875 0.6046875 0.30625 0.603125 0.3015625 0.6046875 0.2859375 0.615625 0.271875 0.6296875 0.2703125
44 0.6140625 0.4328125 0.615625 0.4359375 0.6203125 0.4375 0.61875 0.4640625 0.621875 0.4671875 0.61875 0.4671875 0.6171875 0.4640625 0.5984375 0.4671875 0.5921875 0.465625 0.59375 0.4359375 0.60625 0.43125 0.6125 0.4328125
44 0.525 0.278125 0.534375 0.2828125 0.540625 0.2890625 0.5421875 0.296875 0.540625 0.3015625 0.5296875 0.3109375 0.528125 0.31875 0.521875 0.325 0.5109375 0.3109375 0.5109375 0.303125 0.5078125 0.2953125 0.503125 0.290625 0.5 0.2765625 0.515625 0.2734375 0.5234375 0.278125
44 0.2515625 0.43125 0.26875 0.440625 0.275 0.4484375 0.275 0.4546875 0.26875 0.459375 0.2296875 0.4578125 0.2171875 0.4671875 0.2140625 0.4671875 0.196875 0.4875 0.19375 0.4953125 0.190625 0.5171875 0.1875 0.515625 0.1875 0.5125 0.1796875 0.503125 0.175 0.490625 0.1796875 0.46875 0.1875 0.4578125 0.1875 0.4546875 0.203125 0.4375 0.2390625 0.428125 0.25 0.43125
44 0.4359375 0.7109375 0.44375 0.7125 0.453125 0.721875 0.4671875 0.746875 0.4671875 0.75625 0.4578125 0.7828125 0.446875 0.7953125 0.446875 0.7984375 0.434375 0.8078125 0.425 0.8109375 0.3890625 0.8109375 0.38125 0.803125 0.3765625 0.8015625 0.3703125 0.79375 0.365625 0.78125 0.3640625 0.7546875 0.365625 0.740625 0.3703125 0.73125 0.375 0.7265625 0.375 0.7234375 0.3859375 0.7140625 0.403125 0.709375 0.434375 0.7109375
44 0.3796875 0.4171875 0.3859375 0.421875 0.390625 0.421875 0.3921875 0.4265625 0.3953125 0.428125 0.3953125 0.4359375 0.3890625 0.4359375 0.3828125 0.43125 0.3703125 0.43125 0.3625 0.4359375 0.3546875 0.4359375 0.3546875 0.4234375 0.359375 0.415625 0.378125 0.4171875
44 0.4984375 0.5609375 0.509375 0.565625 0.5171875 0.575 0.515625 0.6265625 0.509375 0.640625 0.509375 0.6453125 0.484375 0.6546875 0.471875 0.653125 0.4640625 0.6453125 0.4609375 0.6453125 0.4578125 0.640625 0.4453125 0.6390625 0.4359375 0.634375 0.43125 0.60625 0.4375 0.5984375 0.4421875 0.5859375 0.4609375 0.565625 0.4765625 0.5609375 0.490625 0.559375 0.496875 0.5609375
51 0.1956521739130435 0.5421195652173914 0.21059782608695649 0.595108695652174 0.23097826086956524 0.6114130434782609 0.2554347826086957 0.6168478260869565 0.297554347826087 0.6114130434782609 0.3342391304347826 0.5964673913043479 0.3532608695652174 0.577445652173913 0.36277173913043476 0.5516304347826086 0.34510869565217395 0.501358695652174 0.3804347826086957 0.48369565217391297 0.4008152173913043 0.5 0.4008152173913043 0.47690217391304346 0.40896739130434784 0.46603260869565216 0.39402173913043476 0.44021739130434784 0.3804347826086957 0.4320652173913043 0.360054347826087 0.43478260869565216 0.3546195652173913 0.42934782608695654 0.3505434782608695 0.3980978260869565 0.3532608695652174 0.35190217391304346 0.34103260869565216 0.3192934782608695 0.33152173913043476 0.3192934782608695 0.327445652173913 0.3247282608695652 0.327445652173913 0.3817934782608695 0.3016304347826087 0.40760869565217395 0.2921195652173913 0.3967391304347826 0.2758152173913043 0.391304347826087 0.2717391304347826 0.4021739130434782 0.2554347826086957 0.40489130434782605 0.24048913043478262 0.39945652173913043 0.266304347826087 0.4375 0.266304347826087 0.4592391304347826 0.2296195652173913 0.4578804347826087 0.2214673913043478 0.4619565217391305 0.2010869565217391 0.4796195652173913 0.19293478260869565 0.5 0.1956521739130435 0.5421195652173914
51 0.391304347826087 0.34510869565217395 0.3980978260869565 0.36820652173913043 0.4130434782608695 0.4008152173913043 0.42391304347826086 0.40896739130434784 0.4483695652173913 0.4103260869565217 0.49728260869565216 0.37907608695652173 0.5163043478260869 0.35190217391304346 0.5176630434782609 0.32608695652173914 0.49864130434782605 0.27989130434782605 0.4782608695652174 0.25815217391304346 0.4959239130434782 0.2214673913043478 0.5203804347826086 0.20380434782608697 0.5421195652173914 0.20380434782608697 0.5448369565217391 0.19157608695652173 0.53125 0.19021739130434784 0.4959239130434782 0.20380434782608697 0.48097826086956524 0.22010869565217392 0.4728260869565217 0.25135869565217395 0.42119565217391297 0.2717391304347826 0.40353260869565216 0.2907608695652174 0.391304347826087 0.3179347826086957 0.391304347826087 0.34510869565217395
51 0.625 0.36141304347826086 0.6630434782608695 0.43614130434782605 0.6956521739130435 0.4633152173913043 0.7133152173913043 0.4646739130434782 0.7296195652173914 0.45652173913043476 0.7839673913043478 0.3980978260869565 0.8084239130434783 0.34239130434782605 0.8097826086956521 0.3192934782608695 0.7989130434782609 0.2907608695652174 0.7853260869565217 0.2717391304347826 0.7595108695652174 0.25135869565217395 0.7663043478260869 0.24048913043478262 0.7894021739130435 0.22554347826086957 0.7894021739130435 0.22010869565217392 0.7717391304347826 0.21739130434782608 0.7567934782608695 0.22418478260869565 0.7472826086956521 0.21739130434782608 0.7350543478260869 0.2296195652173913 0.7282608695652174 0.22554347826086957 0.7160326086956521 0.19157608695652173 0.7065217391304348 0.18614130434782608 0.688858695652174 0.22690217391304346 0.6739130434782609 0.23369565217391303 0.6358695652173914 0.2214673913043478 0.6766304347826086 0.2391304347826087 0.6779891304347826 0.25 0.6440217391304348 0.264945652173913 0.6453804347826086 0.2758152173913043 0.6317934782608695 0.28940217391304346 0.6222826086956521 0.3125 0.625 0.36141304347826086