7 0.09103260869565218 0.6358695652173914 0.14266304347826086 0.6739130434782609 0.17119565217391303 0.7108695652173913 0.3383152173913043 0.8032608695652174 0.3695652173913043 0.8326086956521739 0.3845108695652174 0.8586956521739131 0.39402173913043476 0.8608695652173912 0.40353260869565216 0.8532608695652174 0.4307065217391305 0.8065217391304348 0.45652173913043476 0.7793478260869565 0.4415760869565217 0.7684782608695653 0.44021739130434784 0.7576086956521739 0.43478260869565216 0.7576086956521739 0.39945652173913043 0.7271739130434782 0.4008152173913043 0.7228260869565217 0.37228260869565216 0.7097826086956521 0.18342391304347824 0.557608695652174 0.18614130434782608 0.5532608695652174 0.1793478260869565 0.5434782608695652 0.15353260869565216 0.5445652173913043 0.15081521739130435 0.5554347826086956 0.14266304347826086 0.5565217391304348 0.125 0.5739130434782609 0.09646739130434782 0.5913043478260869 0.08831521739130435 0.6108695652173913 0.09103260869565218 0.6358695652173914
7 0.46739130434782605 0.7902173913043478 0.48233695652173914 0.8391304347826086 0.48369565217391297 0.8663043478260869 0.48777173913043476 0.8793478260869565 0.501358695652174 0.8945652173913043 0.5448369565217391 0.8978260869565217 0.5991847826086956 0.8902173913043478 0.6209239130434783 0.8728260869565216 0.6317934782608695 0.8456521739130434 0.6616847826086956 0.8141304347826086 0.657608695652174 0.8065217391304348 0.5665760869565217 0.7576086956521739 0.5285326086956521 0.7543478260869565 0.4932065217391304 0.7760869565217391 0.4782608695652174 0.775 0.47010869565217395 0.7793478260869565 0.46739130434782605 0.7902173913043478
7 0 0.6434782608695653 0 0.7402173913043478 0.03668478260869565 0.7706521739130434 0.05434782608695652 0.7956521739130434 0.06385869565217392 0.825 0.11820652173913042 0.8869565217391304 0.13994565217391303 0.9076086956521738 0.16168478260869565 0.9206521739130433 0.20244565217391303 0.9347826086956521 0.2296195652173913 0.9608695652173912 0.2717391304347826 0.9771739130434783 0.32065217391304346 0.9815217391304347 0.33967391304347827 0.9782608695652174 0.3505434782608695 0.9717391304347827 0.375 0.9489130434782609 0.3845108695652174 0.9304347826086957 0.3872282608695652 0.8760869565217391 0.3641304347826087 0.8347826086956521 0.34510869565217395 0.8141304347826086 0.22690217391304346 0.7434782608695653 0.1644021739130435 0.7119565217391304 0.14130434782608697 0.6782608695652174 0.10054347826086955 0.6467391304347826 0.08288043478260869 0.6391304347826087 0.02309782608695652 0.6380434782608695 0.005434782608695652 0.6413043478260869 0 0.6434782608695653
7 0.23369565217391303 0.5163043478260869 0.24456521739130435 0.5760869565217391 0.2934782608695652 0.5945652173913043 0.2921195652173913 0.6163043478260869 0.29891304347826086 0.6239130434782608 0.30570652173913043 0.6228260869565216 0.30978260869565216 0.6108695652173913 0.31657608695652173 0.6065217391304347 0.328804347826087 0.6108695652173913 0.3559782608695652 0.633695652173913 0.36141304347826086 0.6565217391304348 0.37228260869565216 0.6652173913043479 0.40353260869565216 0.6771739130434782 0.4619565217391305 0.6728260869565217 0.5081521739130435 0.6641304347826087 0.5407608695652174 0.633695652173913 0.5407608695652174 0.6163043478260869 0.4891304347826087 0.5706521739130435 0.4646739130434782 0.557608695652174 0.3532608695652174 0.5228260869565217 0.32065217391304346 0.5065217391304347 0.296195652173913 0.5065217391304347 0.28804347826086957 0.48586956521739133 0.29891304347826086 0.48369565217391297 0.28260869565217395 0.4717391304347826 0.25135869565217395 0.4771739130434782 0.23777173913043476 0.49347826086956526 0.23369565217391303 0.5163043478260869
7 0.5475543478260869 0.682608695652174 0.5285326086956521 0.6815217391304348 0.514945652173913 0.6869565217391304 0.5190217391304348 0.6934782608695652 0.5163043478260869 0.7054347826086956 0.5230978260869565 0.7119565217391304 0.532608695652174 0.7402173913043478 0.5434782608695652 0.7478260869565216 0.5910326086956521 0.7641304347826087 0.6046195652173914 0.7760869565217391 0.657608695652174 0.8043478260869564 0.6657608695652174 0.8184782608695652 0.6358695652173914 0.8554347826086957 0.6345108695652174 0.8771739130434784 0.639945652173913 0.8891304347826086 0.6630434782608695 0.898913043478261 0.7119565217391304 0.8869565217391304 0.7269021739130435 0.8793478260869565 0.7282608695652174 0.8717391304347826 0.7418478260869565 0.8663043478260869 0.7595108695652174 0.8456521739130434 0.7894021739130435 0.7923913043478261 0.7853260869565217 0.775 0.751358695652174 0.7543478260869565 0.7255434782608695 0.7445652173913043 0.6766304347826086 0.708695652173913 0.6345108695652174 0.7021739130434782 0.608695652173913 0.6739130434782609 0.5801630434782609 0.6619565217391303 0.5665760869565217 0.6608695652173913 0.5475543478260869 0.682608695652174
7 0.36277173913043476 0.5065217391304347 0.34103260869565216 0.5076086956521739 0.34103260869565216 0.5108695652173914 0.3559782608695652 0.5206521739130434 0.3845108695652174 0.5271739130434783 0.4334239130434782 0.5478260869565217 0.46875 0.5554347826086956 0.49184782608695654 0.5695652173913043 0.514945652173913 0.5934782608695652 0.5353260869565217 0.6097826086956522 0.5421195652173914 0.6097826086956522 0.5489130434782609 0.6510869565217391 0.5434782608695652 0.6619565217391303 0.71875 0.7347826086956522 0.733695652173913 0.7445652173913043 0.7581521739130435 0.7510869565217391 0.7758152173913043 0.7478260869565216 0.7771739130434783 0.7239130434782608 0.764945652173913 0.7217391304347827 0.7581521739130435 0.7141304347826087 0.7622282608695652 0.6956521739130435 0.75 0.6945652173913043 0.7418478260869565 0.6869565217391304 0.748641304347826 0.6739130434782609 0.7472826086956521 0.6684782608695652 0.732336956521739 0.6641304347826087 0.7350543478260869 0.6543478260869565 0.7228260869565217 0.6521739130434783 0.7133152173913043 0.6663043478260869 0.6942934782608695 0.6652173913043479 0.669836956521739 0.6260869565217391 0.6671195652173914 0.6130434782608696 0.6168478260869565 0.5782608695652174 0.592391304347826 0.5456521739130434 0.5679347826086956 0.5282608695652173 0.5135869565217391 0.5 0.47010869565217395 0.48586956521739133 0.4592391304347826 0.48586956521739133 0.45108695652173914 0.4967391304347826 0.4171195652173913 0.5108695652173914 0.40625 0.508695652173913 0.4008152173913043 0.4989130434782608 0.39402173913043476 0.4978260869565217 0.36277173913043476 0.5065217391304347
7 0.24592391304347827 0.4532608695652174 0.25407608695652173 0.46304347826086956 0.28125 0.4695652173913043 0.3125 0.48478260869565215 0.3220108695652174 0.48478260869565215 0.32608695652173914 0.4913043478260869 0.3220108695652174 0.49565217391304345 0.33016304347826086 0.5010869565217392 0.3695652173913043 0.5 0.3953804347826087 0.4923913043478261 0.40760869565217395 0.4978260869565217 0.40760869565217395 0.4880434782608695 0.39945652173913043 0.48695652173913045 0.3668478260869565 0.45978260869565213 0.34510869565217395 0.4315217391304348 0.3179347826086957 0.41739130434782606 0.27853260869565216 0.40760869565217395 0.25135869565217395 0.4315217391304348 0.24592391304347827 0.4532608695652174
7 0.09103260869565218 0.633695652173913 0.15217391304347824 0.6804347826086956 0.17119565217391303 0.7097826086956521 0.20244565217391303 0.7239130434782608 0.3505434782608695 0.8119565217391305 0.3872282608695652 0.8597826086956522 0.39402173913043476 0.8608695652173912 0.40625 0.8532608695652174 0.4334239130434782 0.8054347826086957 0.4578804347826087 0.7902173913043478 0.47010869565217395 0.7945652173913043 0.47690217391304346 0.8108695652173912 0.48641304347826086 0.8184782608695652 0.4904891304347826 0.8793478260869565 0.5040760869565217 0.8826086956521738 0.5067934782608695 0.875 0.529891304347826 0.8760869565217391 0.53125 0.8891304347826086 0.5394021739130435 0.8934782608695653 0.5679347826086956 0.8771739130434784 0.5665760869565217 0.8641304347826086 0.5801630434782609 0.8489130434782609 0.5665760869565217 0.8456521739130434 0.5597826086956521 0.8293478260869565 0.592391304347826 0.8108695652173912 0.595108695652174 0.8152173913043479 0.6222826086956521 0.8054347826086957 0.6222826086956521 0.7858695652173913 0.6046195652173914 0.7847826086956522 0.6032608695652174 0.7793478260869565 0.5842391304347826 0.7684782608695653 0.5801630434782609 0.7717391304347826 0.5665760869565217 0.7695652173913043 0.5665760869565217 0.758695652173913 0.5271739130434783 0.7576086956521739 0.5190217391304348 0.7478260869565216 0.5203804347826086 0.7380434782608696 0.5108695652173914 0.7315217391304347 0.5067934782608695 0.7141304347826087 0.5 0.708695652173913 0.4796195652173913 0.7032608695652174 0.4619565217391305 0.691304347826087 0.44021739130434784 0.6891304347826087 0.4334239130434782 0.683695652173913 0.4008152173913043 0.682608695652174 0.3872282608695652 0.6739130434782609 0.3777173913043478 0.6739130434782609 0.37228260869565216 0.6673913043478261 0.36141304347826086 0.6728260869565217 0.3328804347826087 0.6597826086956522 0.33016304347826086 0.6532608695652173 0.28260869565217395 0.6369565217391304 0.25815217391304346 0.6184782608695653 0.24864130434782608 0.6163043478260869 0.24320652173913043 0.6032608695652174 0.2214673913043478 0.6010869565217392 0.22010869565217392 0.5815217391304348 0.21059782608695649 0.5684782608695652 0.21331521739130435 0.5423913043478261 0.20516304347826084 0.5271739130434783 0.13722826086956522 0.55 0.125 0.5728260869565217 0.10326086956521738 0.5913043478260869 0.09782608695652174 0.5913043478260869 0.08967391304347826 0.6119565217391304 0.09103260869565218 0.633695652173913
7 0.48369565217391297 0.6804347826086956 0.4850543478260869 0.6880434782608695 0.501358695652174 0.692391304347826 0.5135869565217391 0.7021739130434782 0.5910326086956521 0.6869565217391304 0.6154891304347826 0.6956521739130435 0.6222826086956521 0.682608695652174 0.577445652173913 0.6554347826086956 0.5543478260869565 0.6597826086956522 0.5353260869565217 0.657608695652174 0.5163043478260869 0.6673913043478261 0.4945652173913043 0.6717391304347826 0.48369565217391297 0.6804347826086956
7 0.16032608695652173 0.5391304347826087 0.18342391304347824 0.557608695652174 0.1875 0.5760869565217391 0.21059782608695649 0.5934782608695652 0.23369565217391303 0.5956521739130435 0.24184782608695649 0.5847826086956521 0.24048913043478262 0.55 0.22690217391304346 0.5076086956521739 0.2214673913043478 0.5195652173913043 0.20652173913043476 0.5195652173913043 0.19429347826086957 0.5097826086956522 0.19157608695652173 0.5010869565217392 0.18478260869565216 0.5 0.16847826086956522 0.5184782608695653 0.16032608695652173 0.5391304347826087
7 0.19157608695652173 0.5076086956521739 0.21467391304347827 0.5315217391304348 0.21331521739130435 0.5369565217391303 0.2296195652173913 0.566304347826087 0.24048913043478262 0.566304347826087 0.23505434782608697 0.5597826086956521 0.24048913043478262 0.55 0.22826086956521738 0.4978260869565217 0.20652173913043476 0.4815217391304348 0.19157608695652173 0.49347826086956526 0.19157608695652173 0.5076086956521739
7 0.5244565217391304 0.4804347826086956 0.5353260869565217 0.48586956521739133 0.5285326086956521 0.508695652173913 0.5502717391304348 0.5141304347826087 0.5815217391304348 0.533695652173913 0.6005434782608695 0.5489130434782609 0.6195652173913043 0.5771739130434782 0.639945652173913 0.5934782608695652 0.6684782608695652 0.6065217391304347 0.6739130434782609 0.6163043478260869 0.6915760869565217 0.6260869565217391 0.7038043478260869 0.6228260869565216 0.7119565217391304 0.6108695652173913 0.720108695652174 0.608695652173913 0.720108695652174 0.5989130434782608 0.7282608695652174 0.5945652173913043 0.7377717391304348 0.5771739130434782 0.75 0.5684782608695652 0.7771739130434783 0.5641304347826087 0.7730978260869565 0.5423913043478261 0.764945652173913 0.5358695652173913 0.6358695652173914 0.4641304347826087 0.5828804347826086 0.45543478260869563 0.5584239130434783 0.47391304347826085 0.5407608695652174 0.4695652173913043 0.5285326086956521 0.4771739130434782 0.5244565217391304 0.4804347826086956
7 0.7296195652173914 0.6228260869565216 0.7432065217391304 0.6380434782608695 0.8315217391304348 0.675 0.8519021739130433 0.7239130434782608 0.8559782608695652 0.7043478260869566 0.8668478260869564 0.6880434782608695 0.8831521739130433 0.6782608695652174 0.8967391304347826 0.6521739130434783 0.8980978260869564 0.6260869565217391 0.892663043478261 0.6130434782608696 0.8736413043478259 0.5978260869565217 0.830163043478261 0.5771739130434782 0.8029891304347826 0.575 0.796195652173913 0.575 0.7377717391304348 0.6097826086956522 0.7296195652173914 0.6228260869565216
7 0.6222826086956521 0.6782608695652174 0.6304347826086956 0.6804347826086956 0.6304347826086956 0.692391304347826 0.6372282608695652 0.6989130434782609 0.671195652173913 0.7032608695652174 0.720108695652174 0.7369565217391304 0.7717391304347826 0.7619565217391304 0.8097826086956521 0.7641304347826087 0.8288043478260869 0.7108695652173913 0.8288043478260869 0.6804347826086956 0.7608695652173914 0.65 0.7228260869565217 0.6434782608695653 0.7065217391304348 0.6456521739130434 0.6657608695652174 0.6673913043478261 0.6358695652173914 0.6673913043478261 0.6222826086956521 0.6782608695652174
7 0.6317934782608695 0.45978260869565213 0.7676630434782609 0.5347826086956522 0.7839673913043478 0.5630434782608695 0.796195652173913 0.5695652173913043 0.8192934782608695 0.5706521739130435 0.857336956521739 0.583695652173913 0.9008152173913043 0.608695652173913 0.9021739130434783 0.5945652173913043 0.9130434782608695 0.5815217391304348 0.9171195652173912 0.5434782608695652 0.9144021739130433 0.5097826086956522 0.9008152173913043 0.4978260869565217 0.8994565217391305 0.48695652173913045 0.8328804347826086 0.4826086956521739 0.796195652173913 0.4641304347826087 0.779891304347826 0.44673913043478264 0.7404891304347826 0.4315217391304348 0.657608695652174 0.4315217391304348 0.6372282608695652 0.44565217391304346 0.6317934782608695 0.45978260869565213
7 0.3967391304347826 0.4695652173913043 0.4415760869565217 0.4804347826086956 0.46059782608695654 0.47391304347826085 0.4633152173913043 0.46739130434782605 0.42934782608695654 0.46304347826086956 0.40625 0.46630434782608693 0.3967391304347826 0.4695652173913043
7 0.2907608695652174 0.40652173913043477 0.3383152173913043 0.42608695652173917 0.37228260869565216 0.45978260869565213 0.391304347826087 0.4641304347826087 0.40353260869565216 0.45760869565217394 0.40353260869565216 0.44891304347826083 0.39402173913043476 0.4423913043478261 0.3858695652173913 0.425 0.3980978260869565 0.41521739130434787 0.391304347826087 0.4054347826086956 0.33695652173913043 0.3902173913043478 0.3070652173913043 0.38913043478260867 0.2921195652173913 0.39565217391304347 0.2907608695652174 0.40652173913043477
7 0.3043478260869565 0.35543478260869565 0.30978260869565216 0.3739130434782608 0.3070652173913043 0.38369565217391305 0.3464673913043478 0.3858695652173913 0.3777173913043478 0.39456521739130435 0.4008152173913043 0.4032608695652174 0.40625 0.40760869565217395 0.40353260869565216 0.4141304347826087 0.45108695652173914 0.42826086956521736 0.5054347826086956 0.4304347826086956 0.5122282608695652 0.42608695652173917 0.5163043478260869 0.4130434782608695 0.5394021739130435 0.4108695652173913 0.5543478260869565 0.39347826086956517 0.5502717391304348 0.3782608695652174 0.44972826086956524 0.3619565217391304 0.37907608695652173 0.33043478260869563 0.3546195652173913 0.33152173913043476 0.34375 0.32717391304347826 0.30842391304347827 0.34782608695652173 0.3043478260869565 0.35543478260869565
7 0.702445652173913 0.42608695652173917 0.7418478260869565 0.42934782608695654 0.7608695652173914 0.4358695652173913 0.7989130434782609 0.46304347826086956 0.8328804347826086 0.47934782608695653 0.8940217391304348 0.4804347826086956 0.9008152173913043 0.48369565217391297 0.9211956521739131 0.5152173913043478 0.9225543478260869 0.567391304347826 0.9279891304347826 0.575 0.9483695652173912 0.5826086956521739 0.9633152173913043 0.5815217391304348 0.9701086956521738 0.575 0.9986413043478259 0.5163043478260869 0.9959239130434783 0.46630434782608693 0.9144021739130433 0.4445652173913043 0.8505434782608695 0.4021739130434782 0.8247282608695652 0.40108695652173915 0.7975543478260869 0.408695652173913 0.779891304347826 0.40108695652173915 0.7622282608695652 0.4021739130434782 0.7472826086956521 0.3967391304347826 0.7296195652173914 0.4108695652173913 0.7160326086956521 0.4043478260869565 0.702445652173913 0.41847826086956524 0.702445652173913 0.42608695652173917
7 0.3953804347826087 0.33152173913043476 0.4021739130434782 0.33804347826086956 0.4483695652173913 0.358695652173913 0.5665760869565217 0.3793478260869565 0.5883152173913043 0.391304347826087 0.6358695652173914 0.4043478260869565 0.671195652173913 0.391304347826087 0.6752717391304348 0.3826086956521739 0.6915760869565217 0.3782608695652174 0.7078804347826086 0.358695652173913 0.6997282608695652 0.34891304347826085 0.6453804347826086 0.32717391304347826 0.5964673913043479 0.3152173913043478 0.5652173913043479 0.31956521739130433 0.5203804347826086 0.3152173913043478 0.4646739130434782 0.2858695652173913 0.4442934782608695 0.2858695652173913 0.4429347826086956 0.28260869565217395 0.41983695652173914 0.29239130434782606 0.3967391304347826 0.325 0.3953804347826087 0.33152173913043476
7 0.7690217391304348 0.38369565217391305 0.7730978260869565 0.3902173913043478 0.8043478260869564 0.4032608695652174 0.8097826086956521 0.4021739130434782 0.8138586956521738 0.39347826086956517 0.8233695652173912 0.39347826086956517 0.8328804347826086 0.3695652173913043 0.8247282608695652 0.358695652173913 0.7907608695652174 0.3619565217391304 0.7717391304347826 0.3695652173913043 0.7690217391304348 0.38369565217391305
7 0.4538043478260869 0.2793478260869565 0.5163043478260869 0.3119565217391304 0.5584239130434783 0.3184782608695652 0.5978260869565217 0.3141304347826087 0.6467391304347826 0.32608695652173914 0.6535326086956521 0.33152173913043476 0.65625 0.34891304347826085 0.6671195652173914 0.3358695652173913 0.7051630434782609 0.3510869565217391 0.7214673913043479 0.34782608695652173 0.7296195652173914 0.35543478260869565 0.7608695652173914 0.34782608695652173 0.7717391304347826 0.33804347826086956 0.7690217391304348 0.33152173913043476 0.75 0.3228260869565217 0.6616847826086956 0.29239130434782606 0.6154891304347826 0.28152173913043477 0.5828804347826086 0.28152173913043477 0.5625 0.2760869565217391 0.48369565217391297 0.24347826086956523 0.46603260869565216 0.24456521739130435 0.45652173913043476 0.25652173913043474 0.4538043478260869 0.2793478260869565
7 0.8410326086956521 0.3978260869565217 0.8668478260869564 0.40760869565217395 0.919836956521739 0.4445652173913043 0.9986413043478259 0.4641304347826087 0.9986413043478259 0.42065217391304344 0.9769021739130433 0.4043478260869565 0.8953804347826086 0.3793478260869565 0.8777173913043479 0.3793478260869565 0.8627717391304348 0.3858695652173913 0.8559782608695652 0.38152173913043474 0.8464673913043479 0.3826086956521739 0.8410326086956521 0.38913043478260867 0.8410326086956521 0.3978260869565217
7 0.46875 0.23043478260869565 0.46875 0.24456521739130435 0.4755434782608695 0.24782608695652172 0.5543478260869565 0.2673913043478261 0.5665760869565217 0.2782608695652174 0.626358695652174 0.28260869565217395 0.7038043478260869 0.3076086956521739 0.720108695652174 0.30978260869565216 0.7214673913043479 0.30543478260869567 0.7160326086956521 0.30326086956521736 0.7255434782608695 0.29565217391304344 0.7472826086956521 0.3076086956521739 0.7581521739130435 0.30326086956521736 0.7676630434782609 0.2858695652173913 0.763586956521739 0.28043478260869564 0.720108695652174 0.2652173913043478 0.6046195652173914 0.25217391304347825 0.5652173913043479 0.23369565217391303 0.5217391304347826 0.225 0.5040760869565217 0.22391304347826085 0.4959239130434782 0.23043478260869565 0.48097826086956524 0.2260869565217391 0.46875 0.23043478260869565
7 0.826086956521739 0.35543478260869565 0.8451086956521738 0.3619565217391304 0.8559782608695652 0.3739130434782608 0.8709239130434783 0.3739130434782608 0.875 0.3782608695652174 0.8831521739130433 0.37717391304347825 0.9836956521739131 0.4054347826086956 0.9932065217391305 0.40108695652173915 0.9918478260869564 0.3804347826086957 0.9769021739130433 0.3619565217391304 0.9578804347826086 0.3532608695652174 0.9076086956521738 0.34456521739130436 0.8546195652173912 0.3456521739130435 0.8274456521739131 0.3521739130434783 0.826086956521739 0.35543478260869565
7 0.8831521739130433 0.341304347826087 0.888586956521739 0.34456521739130436 0.9741847826086957 0.36086956521739133 0.9904891304347826 0.3543478260869565 0.9945652173913043 0.341304347826087 0.9891304347826086 0.32065217391304346 0.9741847826086957 0.31304347826086953 0.9456521739130433 0.30869565217391304 0.9279891304347826 0.30869565217391304 0.9035326086956521 0.3173913043478261 0.8845108695652174 0.33478260869565213 0.8831521739130433 0.341304347826087
7 0.5217391304347826 0.2217391304347826 0.5366847826086956 0.2293478260869565 0.5665760869565217 0.23369565217391303 0.577445652173913 0.24891304347826085 0.8505434782608695 0.3076086956521739 0.8940217391304348 0.3065217391304348 0.9144021739130433 0.29891304347826086 0.9144021739130433 0.29239130434782606 0.9021739130434783 0.2858695652173913 0.8233695652173912 0.2554347826086957 0.7989130434782609 0.2532608695652174 0.794836956521739 0.24782608695652172 0.7391304347826086 0.2293478260869565 0.7065217391304348 0.22282608695652173 0.6689307065217391 0.2217391304347826 0.6514945652173914 0.2157608695652174 0.6222826086956521 0.1956521739130435 0.6046195652173914 0.19456521739130433 0.5842391304347826 0.1858695652173913 0.5489130434782609 0.1891304347826087 0.5285326086956521 0.20217391304347826 0.5217391304347826 0.2217391304347826
7 0.5855978260869565 0.18152173913043476 0.6032608695652174 0.1923913043478261 0.6317934782608695 0.2010869565217391 0.657608695652174 0.21956521739130436 0.7105978260869565 0.22065217391304345 0.7296195652173914 0.20652173913043476 0.7296195652173914 0.19891304347826086 0.623641304347826 0.16739130434782606 0.5978260869565217 0.1706521739130435 0.5855978260869565 0.18152173913043476
7 0.7364130434782609 0.20978260869565216 0.7214673913043479 0.2217391304347826 0.7527173913043479 0.23369565217391303 0.7540760869565217 0.23804347826086958 0.7676630434782609 0.23695652173913043 0.7921195652173914 0.24565217391304345 0.8029891304347826 0.2554347826086957 0.8206521739130433 0.25217391304347825 0.9103260869565217 0.2902173913043478 0.923913043478261 0.2902173913043478 0.9361413043478259 0.2793478260869565 0.9347826086956521 0.2717391304347826 0.9116847826086957 0.2510869565217391 0.8233695652173912 0.21739130434782608 0.8125 0.21739130434782608 0.8029891304347826 0.20978260869565216 0.733695652173913 0.1956521739130435 0.7364130434782609 0.20978260869565216
7 0.657608695652174 0.15434782608695652 0.6752717391304348 0.15869565217391304 0.7214673913043479 0.18369565217391304 0.733695652173913 0.18369565217391304 0.8206521739130433 0.2108695652173913 0.8491847826086957 0.22717391304347828 0.9293478260869564 0.2554347826086957 0.9605978260869564 0.275 0.9809782608695652 0.2728260869565217 0.9836956521739131 0.24456521739130435 0.9619565217391305 0.20978260869565216 0.8899456521739131 0.1717391304347826 0.8478260869565217 0.1641304347826087 0.7975543478260869 0.14782608695652172 0.78125 0.13478260869565217 0.7241847826086956 0.12717391304347825 0.6739130434782609 0.1315217391304348 0.6508152173913043 0.14456521739130435 0.657608695652174 0.15434782608695652