4 0.3359375 0.334375 0.3375 0.3375 0.3484375 0.34375 0.3703125 0.35 0.3765625 0.35625 0.39375 0.365625 0.4046875 0.375 0.4171875 0.39375 0.415625 0.4015625 0.40625 0.4078125 0.3984375 0.4234375 0.39375 0.4546875 0.3796875 0.45625 0.3546875 0.45 0.290625 0.453125 0.2703125 0.459375 0.2375 0.478125 0.2296875 0.4765625 0.2125 0.459375 0.2046875 0.440625 0.2046875 0.43125 0.2015625 0.4203125 0.1953125 0.4078125 0.1953125 0.3921875 0.1984375 0.3859375 0.1984375 0.3796875 0.21875 0.3546875 0.21875 0.3484375 0.2375 0.34375 0.253125 0.334375 0.28125 0.3328125 0.296875 0.3296875 0.3140625 0.3296875 0.334375 0.334375
4 0.5328125 0.3453125 0.5625 0.35 0.5796875 0.35 0.5859375 0.353125 0.59375 0.3640625 0.6140625 0.3734375 0.6234375 0.38125 0.640625 0.40625 0.6421875 0.4125 0.64375 0.4359375 0.634375 0.453125 0.6203125 0.4671875 0.615625 0.46875 0.6125 0.4609375 0.6078125 0.45625 0.596875 0.4515625 0.5875 0.4390625 0.575 0.4296875 0.5625 0.428125 0.5578125 0.425 0.5140625 0.425 0.509375 0.428125 0.484375 0.4296875 0.4625 0.4421875 0.4484375 0.4453125 0.4453125 0.4484375 0.4390625 0.4484375 0.4328125 0.45625 0.4328125 0.4625 0.421875 0.471875 0.4171875 0.471875 0.40625 0.4640625 0.4 0.4484375 0.4 0.428125 0.4046875 0.4203125 0.40625 0.4125 0.4234375 0.3984375 0.428125 0.384375 0.4375 0.3734375 0.4453125 0.3703125 0.4484375 0.365625 0.4625 0.3578125 0.4859375 0.353125 0.5 0.34375 0.5296875 0.34375 0.53125 0.3453125
4 0.4671875 0.2171875 0.4859375 0.2234375 0.50625 0.2265625 0.5375 0.240625 0.540625 0.24375 0.540625 0.2546875 0.55 0.259375 0.5578125 0.26875 0.5515625 0.275 0.546875 0.284375 0.53125 0.2953125 0.509375 0.3171875 0.5078125 0.334375 0.5046875 0.3390625 0.4796875 0.3515625 0.4734375 0.3515625 0.453125 0.359375 0.446875 0.365625 0.4375 0.3703125 0.4234375 0.3859375 0.41875 0.3859375 0.403125 0.36875 0.3828125 0.3546875 0.36875 0.3375 0.3640625 0.3234375 0.365625 0.3 0.3625 0.290625 0.371875 0.2796875 0.371875 0.265625 0.375 0.2609375 0.375 0.25625 0.390625 0.240625 0.4140625 0.2296875 0.4203125 0.2234375 0.4359375 0.2171875 0.465625 0.2171875
4 0.5609375 0.4296875 0.571875 0.43125 0.5828125 0.4375 0.59375 0.453125 0.6046875 0.4578125 0.6109375 0.4640625 0.6140625 0.4734375 0.6140625 0.4953125 0.6078125 0.5046875 0.603125 0.528125 0.5984375 0.5328125 0.5703125 0.5328125 0.5546875 0.5375 0.5375 0.546875 0.5328125 0.546875 0.525 0.553125 0.5 0.5625 0.4984375 0.565625 0.4875 0.5703125 0.475 0.5828125 0.4703125 0.584375 0.4484375 0.5828125 0.4421875 0.5796875 0.4125 0.5734375 0.4046875 0.565625 0.396875 0.5625 0.390625 0.553125 0.384375 0.5546875 0.375 0.553125 0.3734375 0.5546875 0.3671875 0.553125 0.365625 0.546875 0.36875 0.5453125 0.3765625 0.5328125 0.384375 0.5296875 0.3859375 0.5125 0.3890625 0.5078125 0.40625 0.4921875 0.40625 0.4890625 0.41875 0.4765625 0.4375 0.4625 0.440625 0.4546875 0.4890625 0.43125 0.5265625 0.4296875 0.528125 0.428125 0.559375 0.4296875
4 0.6265625 0.2546875 0.628125 0.25625 0.64375 0.25625 0.646875 0.259375 0.653125 0.259375 0.65625 0.2625 0.665625 0.2640625 0.7078125 0.2953125 0.7125 0.3109375 0.7140625 0.3265625 0.7140625 0.3625 0.7078125 0.3796875 0.696875 0.4 0.6828125 0.4125 0.6796875 0.4125 0.659375 0.4328125 0.646875 0.4328125 0.64375 0.40625 0.6359375 0.39375 0.6203125 0.375 0.596875 0.3625 0.5859375 0.3484375 0.571875 0.3453125 0.5359375 0.34375 0.5203125 0.3390625 0.5109375 0.3390625 0.5109375 0.3234375 0.5140625 0.3171875 0.534375 0.296875 0.540625 0.29375 0.5625 0.2703125 0.5734375 0.2640625 0.5796875 0.2640625 0.596875 0.2578125 0.625 0.25625
4 0.2078125 0.3578125 0.209375 0.359375 0.2078125 0.3640625 0.196875 0.378125 0.19375 0.3859375 0.1921875 0.4078125 0.2 0.4234375 0.2015625 0.4421875 0.2078125 0.453125 0.2078125 0.4578125 0.2125 0.465625 0.2265625 0.478125 0.2265625 0.48125 0.2203125 0.4828125 0.2078125 0.49375 0.2 0.5046875 0.1921875 0.5203125 0.190625 0.5296875 0.1875 0.5328125 0.178125 0.5296875 0.1671875 0.5296875 0.15625 0.5234375 0.1484375 0.521875 0.1359375 0.5125 0.1328125 0.50625 0.11875 0.4984375 0.1125 0.4890625 0.1109375 0.4765625 0.0984375 0.45625 0.0984375 0.45 0.1046875 0.4375 0.10625 0.4265625 0.125 0.390625 0.134375 0.384375 0.140625 0.3765625 0.1578125 0.3671875 0.1671875 0.3671875 0.1765625 0.3640625 0.178125 0.3609375 0.1890625 0.3578125 0.20625 0.3578125
4 0.1375 0.5171875 0.1640625 0.53125 0.1859375 0.5359375 0.1875 0.540625 0.1859375 0.5453125 0.1765625 0.5453125 0.1734375 0.5515625 0.1796875 0.5578125 0.1921875 0.559375 0.2078125 0.5796875 0.215625 0.584375 0.2203125 0.590625 0.25 0.6046875 0.246875 0.609375 0.2328125 0.615625 0.2140625 0.6203125 0.1984375 0.63125 0.190625 0.64375 0.1890625 0.6515625 0.1953125 0.6671875 0.19375 0.6703125 0.1625 0.6703125 0.146875 0.665625 0.1453125 0.6625 0.1359375 0.659375 0.1234375 0.646875 0.1140625 0.6421875 0.1046875 0.621875 0.09375 0.60625 0.09375 0.578125 0.096875 0.5671875 0.1015625 0.5625 0.1046875 0.5546875 0.1046875 0.5421875 0.1125 0.528125 0.1234375 0.5203125 0.1265625 0.515625 0.134375 0.5140625 0.1359375 0.5171875
4 0.3578125 0.453125 0.39375 0.4625 0.3984375 0.4671875 0.4140625 0.475 0.4140625 0.4796875 0.3859375 0.5078125 0.384375 0.521875 0.38125 0.5265625 0.3765625 0.5265625 0.36875 0.534375 0.3609375 0.55 0.3625 0.55625 0.36875 0.5609375 0.3859375 0.5578125 0.39375 0.5609375 0.4015625 0.5703125 0.4046875 0.5703125 0.4046875 0.5765625 0.3890625 0.5859375 0.3828125 0.5859375 0.36875 0.5921875 0.30625 0.59375 0.2859375 0.596875 0.28125 0.6 0.271875 0.6 0.265625 0.603125 0.2578125 0.603125 0.2390625 0.59375 0.2296875 0.5921875 0.221875 0.5859375 0.21875 0.5859375 0.2 0.565625 0.1921875 0.546875 0.1921875 0.5375 0.2 0.5109375 0.21875 0.4875 0.234375 0.484375 0.2421875 0.478125 0.2484375 0.4765625 0.2546875 0.4703125 0.2734375 0.4609375 0.296875 0.4546875 0.35625 0.453125
4 0.325 0.2359375 0.3328125 0.2390625 0.35 0.240625 0.3734375 0.2546875 0.36875 0.2671875 0.36875 0.2765625 0.3640625 0.284375 0.359375 0.284375 0.35625 0.2890625 0.3609375 0.3015625 0.359375 0.315625 0.3640625 0.3375 0.3671875 0.3421875 0.365625 0.3453125 0.34375 0.3390625 0.3390625 0.3328125 0.3328125 0.3296875 0.3140625 0.328125 0.309375 0.325 0.3015625 0.325 0.29375 0.328125 0.2734375 0.328125 0.26875 0.33125 0.25 0.3328125 0.234375 0.3421875 0.2203125 0.3453125 0.215625 0.340625 0.2140625 0.315625 0.2296875 0.2875 0.2375 0.28125 0.240625 0.2703125 0.2578125 0.2515625 0.271875 0.24375 0.2890625 0.2421875 0.30625 0.2359375 0.3234375 0.2359375
52 0.19157608695652173 0.6523955147808359 0.19701086956521738 0.6666666666666667 0.23641304347826084 0.7104994903160041 0.2758152173913043 0.7349643221202855 0.32065217391304346 0.7370030581039756 0.3464673913043478 0.724770642201835 0.37228260869565216 0.6829765545361876 0.3845108695652174 0.6462793068297656 0.3817934782608695 0.6258919469928644 0.3858695652173913 0.6126401630988787 0.3777173913043478 0.6004077471967381 0.3505434782608695 0.5942915392456677 0.28940217391304346 0.598369011213048 0.21739130434782608 0.6197757390417941 0.20244565217391303 0.6289500509683996 0.19429347826086957 0.6401630988786953 0.19157608695652173 0.6523955147808359
52 0.36277173913043476 0.7104994903160041 0.3695652173913043 0.726809378185525 0.42391304347826086 0.7747196738022426 0.47690217391304346 0.7767584097859327 0.4959239130434782 0.7737003058103975 0.5217391304347826 0.762487257900102 0.5244565217391304 0.7319062181447503 0.5529891304347826 0.6962283384301733 0.5584239130434783 0.6676860346585117 0.5502717391304348 0.6574923547400612 0.49184782608695654 0.6452599388379205 0.46603260869565216 0.6299694189602446 0.4592391304347826 0.6299694189602446 0.4415760869565217 0.6330275229357798 0.389945652173913 0.6585117227319063 0.36820652173913043 0.6921508664627931 0.36277173913043476 0.7104994903160041
52 0.4741847826086956 0.6320081549439347 0.5040760869565217 0.6472986748216106 0.5652173913043479 0.6585117227319063 0.595108695652174 0.6585117227319063 0.6154891304347826 0.6462793068297656 0.638586956521739 0.6422018348623854 0.6521739130434783 0.6340468909276249 0.6644021739130435 0.6116207951070336 0.6657608695652174 0.5871559633027523 0.657608695652174 0.5698267074413864 0.6372282608695652 0.5514780835881753 0.6073369565217391 0.5372069317023446 0.577445652173913 0.5351681957186545 0.5475543478260869 0.5433231396534148 0.4932065217391304 0.5698267074413864 0.4796195652173913 0.581039755351682 0.47010869565217395 0.6034658511722732 0.4741847826086956 0.6320081549439347
52 0.5516304347826086 0.7003058103975535 0.532608695652174 0.7227319062181448 0.5421195652173914 0.7380224260958206 0.5570652173913043 0.746177370030581 0.5788043478260869 0.7492354740061162 0.6019021739130435 0.744138634046891 0.608695652173913 0.7166156982670745 0.669836956521739 0.7074413863404689 0.6902173913043479 0.6952089704383282 0.6915760869565217 0.6768603465851173 0.6508152173913043 0.6432212028542305 0.6222826086956521 0.6452599388379205 0.6059782608695652 0.6554536187563711 0.5625 0.6615698267074415 0.5516304347826086 0.7003058103975535
52 0.6671195652173914 0.6065239551478083 0.654891304347826 0.6381243628950052 0.688858695652174 0.672782874617737 0.7133152173913043 0.6860346585117227 0.7377717391304348 0.691131498470948 0.7690217391304348 0.6870540265035678 0.7989130434782609 0.6748216106014271 0.8029891304347826 0.6605504587155964 0.7690217391304348 0.5647298674821611 0.75 0.5606523955147809 0.7214673913043479 0.562691131498471 0.6834239130434783 0.5739041794087666 0.6671195652173914 0.5851172273190622 0.6671195652173914 0.6065239551478083
52 0.6494565217391304 0.5433231396534148 0.65625 0.5596330275229359 0.6725543478260869 0.5728848114169216 0.7364130434782609 0.5575942915392457 0.7758152173913043 0.562691131498471 0.8029891304347826 0.5494393476044852 0.8206521739130433 0.5300713557594292 0.8179347826086957 0.5147808358817534 0.8029891304347826 0.49235474006116214 0.7581521739130435 0.47196738022426094 0.6725543478260869 0.4617737003058104 0.6603260869565217 0.4750254841997961 0.6494565217391304 0.4994903160040775 0.6494565217391304 0.5433231396534148