8 0.3859375 0.65625 0.3890625 0.659375 0.409375 0.665625 0.415625 0.671875 0.421875 0.684375 0.421875 0.6890625 0.415625 0.7015625 0.409375 0.7078125 0.390625 0.7125 0.371875 0.7125 0.35625 0.7078125 0.34375 0.6953125 0.3375 0.6828125 0.3390625 0.66875 0.34375 0.6640625 0.34375 0.6609375 0.35 0.65625 0.3578125 0.653125 0.371875 0.653125 0.384375 0.65625
8 0.4359375 0.440625 0.4421875 0.4421875 0.446875 0.45 0.446875 0.465625 0.44375 0.471875 0.4375 0.475 0.4359375 0.478125 0.425 0.4796875 0.4 0.478125 0.3953125 0.475 0.390625 0.475 0.3828125 0.4546875 0.3859375 0.4484375 0.4140625 0.4453125 0.425 0.4390625 0.434375 0.440625
8 0.578125 0.66875 0.5828125 0.671875 0.5890625 0.6859375 0.5984375 0.6921875 0.6 0.7046875 0.5890625 0.71875 0.571875 0.725 0.5515625 0.721875 0.5421875 0.7171875 0.5421875 0.7046875 0.5375 0.6875 0.5453125 0.675 0.5625 0.66875 0.5765625 0.66875
8 0.678125 0.4796875 0.684375 0.4828125 0.696875 0.4953125 0.696875 0.5109375 0.69375 0.5171875 0.6875 0.5203125 0.6859375 0.5234375 0.6453125 0.5453125 0.6328125 0.5453125 0.6171875 0.5390625 0.6109375 0.5328125 0.6078125 0.5265625 0.6078125 0.5203125 0.615625 0.509375 0.621875 0.50625 0.634375 0.49375 0.6375 0.4796875 0.6515625 0.475 0.6625 0.475 0.6765625 0.4796875
8 0.5 0.3875 0.515625 0.371875 0.5203125 0.371875 0.521875 0.39375 0.525 0.4 0.5421875 0.4109375 0.5515625 0.4125 0.5515625 0.421875 0.546875 0.43125 0.54375 0.4328125 0.51875 0.434375 0.503125 0.440625 0.46875 0.4359375 0.4671875 0.434375 0.471875 0.428125 0.46875 0.415625 0.4640625 0.4140625 0.4625 0.4109375 0.475 0.403125 0.4890625 0.4 0.5 0.3890625
8 0.3234375 0.6171875 0.328125 0.6171875 0.3390625 0.6234375 0.3625 0.6296875 0.378125 0.6390625 0.396875 0.640625 0.4 0.64375 0.4 0.646875 0.3953125 0.6515625 0.390625 0.6515625 0.3875 0.6546875 0.378125 0.6515625 0.3609375 0.6515625 0.3484375 0.6578125 0.340625 0.6578125 0.334375 0.6546875 0.3234375 0.6421875 0.321875 0.6359375 0.3234375 0.61875
8 0.559375 0.303125 0.571875 0.3078125 0.5828125 0.3203125 0.5828125 0.3390625 0.578125 0.34375 0.5546875 0.3421875 0.5453125 0.34375 0.5265625 0.3515625 0.521875 0.3390625 0.521875 0.3328125 0.5109375 0.3171875 0.509375 0.309375 0.5140625 0.3046875 0.51875 0.3046875 0.5234375 0.3015625 0.5578125 0.303125
8 0.6296875 0.6296875 0.6375 0.6328125 0.640625 0.6546875 0.6453125 0.6640625 0.6453125 0.6734375 0.6328125 0.6828125 0.628125 0.6828125 0.625 0.6859375 0.61875 0.6859375 0.6140625 0.6890625 0.5984375 0.6890625 0.5890625 0.6828125 0.584375 0.671875 0.5734375 0.659375 0.5734375 0.64375 0.5796875 0.6359375 0.5921875 0.6296875 0.628125 0.6296875
8 0.58125 0.346875 0.5890625 0.3515625 0.6 0.3640625 0.603125 0.3703125 0.603125 0.384375 0.5921875 0.4015625 0.5765625 0.4109375 0.5515625 0.4109375 0.528125 0.4015625 0.521875 0.3921875 0.5234375 0.3859375 0.521875 0.3625 0.528125 0.3546875 0.546875 0.3453125 0.5671875 0.34375 0.5796875 0.346875
8 0.5515625 0.6234375 0.553125 0.6265625 0.55625 0.6265625 0.56875 0.6359375 0.571875 0.6421875 0.571875 0.653125 0.559375 0.6671875 0.5421875 0.6734375 0.51875 0.6734375 0.5109375 0.6703125 0.5015625 0.6578125 0.5015625 0.65 0.509375 0.640625 0.5109375 0.6328125 0.5171875 0.6265625 0.5234375 0.6234375 0.55 0.6234375
8 0.4984375 0.6578125 0.5125 0.671875 0.5140625 0.6765625 0.5046875 0.6765625 0.490625 0.6828125 0.484375 0.690625 0.48125 0.7046875 0.4703125 0.6984375 0.4625 0.6890625 0.475 0.68125 0.4796875 0.675 0.4828125 0.675 0.496875 0.659375
8 0.3828125 0.528125 0.3984375 0.5375 0.403125 0.5375 0.4015625 0.55 0.3828125 0.5484375 0.3640625 0.5421875 0.365625 0.5375 0.38125 0.528125
8 0.6421875 0.625 0.6359375 0.615625 0.6359375 0.6046875 0.64375 0.5953125 0.65 0.5921875 0.6703125 0.5921875 0.6765625 0.5953125 0.6859375 0.5953125 0.6953125 0.5984375 0.7046875 0.609375 0.70625 0.6234375 0.703125 0.628125 0.6859375 0.6375 0.66875 0.6375 0.665625 0.634375 0.65625 0.634375 0.653125 0.63125 0.6484375 0.63125 0.64375 0.625
8 0.7671875 0.446875 0.7796875 0.4515625 0.7859375 0.459375 0.7890625 0.465625 0.7890625 0.478125 0.7828125 0.490625 0.7796875 0.4921875 0.7796875 0.4953125 0.7703125 0.5046875 0.7484375 0.5125 0.7359375 0.5125 0.7203125 0.5078125 0.709375 0.4984375 0.70625 0.49375 0.709375 0.4671875 0.71875 0.4578125 0.721875 0.4578125 0.7296875 0.4515625 0.7453125 0.4484375 0.75 0.4453125 0.765625 0.446875
8 0.375 0.28125 0.3859375 0.278125 0.403125 0.278125 0.4265625 0.284375 0.4328125 0.2890625 0.4328125 0.290625 0.40625 0.296875 0.403125 0.3 0.3984375 0.3 0.3953125 0.303125 0.3875 0.3046875 0.36875 0.3140625 0.365625 0.3125 0.365625 0.290625 0.375 0.2828125
8 0.5140625 0.5984375 0.528125 0.5921875 0.5484375 0.5875 0.55625 0.5828125 0.5609375 0.5828125 0.56875 0.596875 0.56875 0.603125 0.5578125 0.61875 0.53125 0.621875 0.515625 0.6203125 0.5125 0.609375 0.5140625 0.6
8 0.7203125 0.3625 0.7359375 0.36875 0.7421875 0.36875 0.759375 0.3796875 0.7640625 0.3875 0.7640625 0.4046875 0.759375 0.4140625 0.753125 0.4203125 0.746875 0.41875 0.7390625 0.390625 0.71875 0.3703125 0.71875 0.3640625
8 0.696875 0.309375 0.703125 0.3109375 0.715625 0.3203125 0.7234375 0.33125 0.725 0.3484375 0.71875 0.3609375 0.7015625 0.3609375 0.6921875 0.3578125 0.671875 0.35625 0.665625 0.353125 0.65625 0.353125 0.6515625 0.34375 0.6515625 0.3296875 0.659375 0.3171875 0.66875 0.3109375 0.6796875 0.3078125 0.6953125 0.309375
8 0.3015625 0.421875 0.303125 0.425 0.3015625 0.4296875 0.2890625 0.43125 0.2671875 0.440625 0.2625 0.440625 0.259375 0.44375 0.253125 0.44375 0.2390625 0.4546875 0.234375 0.453125 0.2359375 0.4390625 0.25 0.425 0.2765625 0.4203125 0.2828125 0.415625 0.290625 0.415625 0.3 0.421875
8 0.4375 0.415625 0.471875 0.40625 0.4765625 0.4109375 0.478125 0.41875 0.4765625 0.425 0.478125 0.428125 0.471875 0.4359375 0.459375 0.4375 0.45625 0.440625 0.4421875 0.440625 0.434375 0.4328125 0.434375 0.4203125 0.4375 0.4171875
8 0.6 0.4453125 0.615625 0.4515625 0.6328125 0.4671875 0.634375 0.490625 0.625 0.5015625 0.6140625 0.509375 0.6015625 0.5171875 0.5953125 0.5171875 0.5890625 0.5203125 0.55625 0.5140625 0.5421875 0.5078125 0.5359375 0.5015625 0.5328125 0.49375 0.5328125 0.4796875 0.5421875 0.465625 0.5421875 0.4625 0.553125 0.453125 0.571875 0.4453125 0.5984375 0.4453125
8 0.571875 0.275 0.5890625 0.28125 0.5984375 0.2953125 0.5984375 0.3 0.590625 0.315625 0.5859375 0.31875 0.5828125 0.31875 0.571875 0.30625 0.5640625 0.303125 0.5484375 0.3 0.53125 0.3 0.5265625 0.296875 0.5328125 0.284375 0.5421875 0.278125 0.55625 0.275 0.5703125 0.275
8 0.703125 0.49375 0.715625 0.50625 0.7390625 0.515625 0.740625 0.5203125 0.7375 0.5359375 0.7265625 0.5453125 0.7171875 0.5453125 0.7140625 0.5484375 0.703125 0.5484375 0.690625 0.5421875 0.675 0.5390625 0.675 0.5328125 0.696875 0.5140625 0.6984375 0.4953125 0.7015625 0.49375
8 0.7078125 0.6296875 0.7125 0.634375 0.715625 0.6421875 0.7140625 0.65625 0.7046875 0.6671875 0.696875 0.671875 0.6828125 0.675 0.659375 0.6734375 0.646875 0.6640625 0.64375 0.653125 0.64375 0.6421875 0.646875 0.634375 0.6609375 0.6359375 0.6671875 0.6390625 0.6859375 0.6390625 0.7015625 0.6296875 0.70625 0.6296875
8 0.3328125 0.3390625 0.3421875 0.3421875 0.353125 0.3515625 0.35625 0.3671875 0.353125 0.3796875 0.3421875 0.3859375 0.315625 0.39375 0.2890625 0.3921875 0.2828125 0.3890625 0.275 0.3828125 0.26875 0.3703125 0.26875 0.359375 0.271875 0.35 0.28125 0.3421875 0.2890625 0.3390625 0.3015625 0.3359375 0.321875 0.3359375 0.33125 0.3390625
8 0.3 0.56875 0.3046875 0.5734375 0.3046875 0.5765625 0.3015625 0.5875 0.2984375 0.5890625 0.296875 0.59375 0.315625 0.6125 0.3109375 0.61875 0.3015625 0.621875 0.2703125 0.621875 0.2609375 0.61875 0.25 0.609375 0.25 0.6046875 0.246875 0.6 0.246875 0.5890625 0.25 0.5796875 0.259375 0.5734375 0.2625 0.56875 0.2984375 0.56875
8 0.5171875 0.6796875 0.5296875 0.684375 0.5375 0.6953125 0.540625 0.70625 0.540625 0.725 0.534375 0.73125 0.521875 0.7375 0.5015625 0.7375 0.496875 0.734375 0.490625 0.728125 0.484375 0.7078125 0.484375 0.69375 0.49375 0.68125 0.4984375 0.68125 0.5015625 0.678125 0.515625 0.6796875
8 0.7390625 0.553125 0.7546875 0.559375 0.759375 0.5640625 0.765625 0.575 0.7671875 0.5875 0.7546875 0.60625 0.7359375 0.6140625 0.709375 0.6125 0.6984375 0.6 0.6984375 0.590625 0.709375 0.58125 0.7140625 0.565625 0.7125 0.5578125 0.7140625 0.5515625 0.728125 0.55 0.7375 0.553125
8 0.6765625 0.540625 0.7046875 0.55 0.7109375 0.559375 0.7078125 0.58125 0.6921875 0.59375 0.6796875 0.59375 0.66875 0.590625 0.65 0.575 0.646875 0.5671875 0.6453125 0.5609375 0.646875 0.553125 0.6515625 0.546875 0.6609375 0.540625 0.675 0.540625
8 0.3421875 0.2984375 0.3640625 0.3140625 0.3609375 0.33125 0.353125 0.3421875 0.353125 0.3453125 0.34375 0.34375 0.3421875 0.340625 0.3375 0.340625 0.328125 0.3359375 0.3125 0.3328125 0.3046875 0.3203125 0.3046875 0.3140625 0.3125 0.3015625 0.328125 0.296875 0.340625 0.2984375
8 0.4890625 0.2875 0.5078125 0.2953125 0.5109375 0.3 0.509375 0.3078125 0.5046875 0.3078125 0.4875 0.296875 0.4828125 0.296875 0.475 0.290625 0.471875 0.290625 0.4765625 0.2875 0.4875 0.2875
8 0.4765625 0.484375 0.49375 0.4890625 0.509375 0.503125 0.509375 0.525 0.4953125 0.5359375 0.478125 0.5421875 0.4734375 0.5421875 0.45 0.5328125 0.4421875 0.5265625 0.4390625 0.5265625 0.4375 0.5234375 0.4375 0.496875 0.45 0.4875 0.4609375 0.484375 0.475 0.484375
8 0.4453125 0.5328125 0.4625 0.546875 0.45625 0.5546875 0.446875 0.5609375 0.4234375 0.5578125 0.4203125 0.5546875 0.4125 0.5546875 0.403125 0.55 0.40625 0.5390625 0.41875 0.53125 0.4359375 0.528125 0.44375 0.5328125
8 0.253125 0.5421875 0.2640625 0.553125 0.2796875 0.559375 0.3078125 0.5640625 0.309375 0.565625 0.30625 0.571875 0.303125 0.5671875 0.28125 0.56875 0.2796875 0.5671875 0.25625 0.5671875 0.25 0.5640625 0.24375 0.5546875 0.24375 0.55 0.246875 0.5421875 0.2484375 0.540625 0.2515625 0.5421875
8 0.3921875 0.396875 0.396875 0.4 0.4046875 0.4 0.4125 0.403125 0.41875 0.409375 0.4265625 0.4125 0.4265625 0.4171875 0.4296875 0.421875 0.4296875 0.43125 0.4265625 0.4375 0.415625 0.44375 0.390625 0.44375 0.3734375 0.434375 0.365625 0.4328125 0.3625 0.428125 0.359375 0.421875 0.359375 0.4125 0.3625 0.40625 0.36875 0.4 0.3796875 0.396875 0.390625 0.396875
8 0.225 0.5421875 0.221875 0.5375 0.221875 0.525 0.228125 0.5171875 0.234375 0.521875 0.246875 0.5390625 0.246875 0.5421875 0.24375 0.5484375 0.240625 0.55 0.234375 0.5484375 0.2328125 0.5453125 0.2265625 0.5421875
8 0.6171875 0.3375 0.63125 0.3484375 0.63125 0.359375 0.6171875 0.3703125 0.6125 0.3765625 0.60625 0.3796875 0.6046875 0.3796875 0.603125 0.3671875 0.5953125 0.35625 0.58125 0.3453125 0.58125 0.3421875 0.5890625 0.3359375 0.5984375 0.334375 0.615625 0.3375
8 0.4046875 0.4796875 0.4078125 0.4828125 0.4140625 0.4828125 0.4265625 0.4890625 0.4359375 0.50625 0.43125 0.5234375 0.4078125 0.5359375 0.3953125 0.5359375 0.38125 0.5296875 0.3828125 0.5203125 0.39375 0.5078125 0.390625 0.48125 0.403125 0.4796875
8 0.5515625 0.4375 0.5609375 0.4421875 0.5625 0.446875 0.540625 0.4625 0.540625 0.465625 0.5328125 0.4765625 0.5296875 0.4953125 0.5234375 0.49375 0.503125 0.48125 0.5 0.475 0.5 0.459375 0.503125 0.4484375 0.5109375 0.4390625 0.521875 0.4359375 0.5484375 0.4359375 0.55 0.4375
8 0.2546875 0.3625 0.2671875 0.3671875 0.2703125 0.3765625 0.284375 0.390625 0.2859375 0.4015625 0.28125 0.4171875 0.2609375 0.4203125 0.24375 0.4265625 0.2328125 0.4234375 0.2234375 0.4140625 0.2203125 0.4078125 0.2203125 0.39375 0.23125 0.371875 0.2390625 0.36875 0.240625 0.365625 0.246875 0.365625 0.253125 0.3625
8 0.6375 0.296875 0.6515625 0.303125 0.659375 0.3109375 0.659375 0.315625 0.6515625 0.325 0.6484375 0.34375 0.64375 0.346875 0.6296875 0.346875 0.6203125 0.3375 0.615625 0.3375 0.6125 0.334375 0.5953125 0.334375 0.5921875 0.3296875 0.5921875 0.315625 0.5953125 0.3078125 0.6015625 0.3015625 0.6171875 0.2953125 0.6359375 0.296875
4 0.22010869565217392 0.5015739769150052 0.2391304347826087 0.5288562434417627 0.266304347826087 0.55299055613851 0.28260869565217395 0.558237145855194 0.31385869565217395 0.5603357817418677 0.34375 0.551941238195173 0.37635869565217395 0.527806925498426 0.391304347826087 0.5057712486883525 0.38858695652173914 0.4774396642182581 0.3804347826086957 0.4658971668415529 0.34510869565217395 0.4396642182581322 0.31657608695652173 0.4281217208814271 0.28940217391304346 0.43231899265477436 0.24864130434782608 0.44700944386149005 0.22554347826086957 0.4648478488982161 0.21875 0.47639034627492133 0.22010869565217392 0.5015739769150052
4 0.29891304347826086 0.5928646379853095 0.3152173913043478 0.6096537250786989 0.389945652173913 0.6390346274921301 0.42119565217391297 0.6400839454354669 0.4415760869565217 0.6358866736621196 0.45244565217391297 0.6232948583420777 0.4633152173913043 0.5939139559286464 0.4415760869565217 0.5634837355718783 0.36820652173913043 0.5445960125918152 0.358695652173913 0.5445960125918152 0.34375 0.5540398740818467 0.32065217391304346 0.5603357817418677 0.30570652173913043 0.5792235047219307 0.29891304347826086 0.5928646379853095
4 0.3546195652173913 0.3494228751311647 0.3654891304347826 0.36935991605456453 0.389945652173913 0.3934942287513116 0.4415760869565217 0.4123819517313746 0.4592391304347826 0.40923399790136405 0.49184782608695654 0.3945435466946484 0.5203804347826086 0.3588667366211962 0.5203804347826086 0.3389296956977964 0.5122282608695652 0.32004197271773344 0.4959239130434782 0.30325288562434416 0.4646739130434782 0.2875131164742917 0.41847826086956524 0.29380902413431265 0.3858695652173913 0.30640083945435465 0.3641304347826087 0.3210912906610703 0.3559782608695652 0.34207764952780695 0.3546195652173913 0.3494228751311647
4 0.5896739130434783 0.42497376705141654 0.5978260869565217 0.44176285414480587 0.6195652173913043 0.45120671563483733 0.6426630434782609 0.47429171038824763 0.6847826086956521 0.4753410283315844 0.6929347826086956 0.47219307450157394 0.7282608695652174 0.44910807974816364 0.7459239130434783 0.4302203567681008 0.7350543478260869 0.3882476390346275 0.7105978260869565 0.36411332633788035 0.6942934782608695 0.359916054564533 0.65625 0.35676810073452253 0.625 0.36411332633788035 0.6046195652173914 0.38405036726128017 0.5896739130434783 0.40923399790136405 0.5896739130434783 0.42497376705141654
4 0.44565217391304346 0.5634837355718783 0.45244565217391297 0.5760755508919202 0.4755434782608695 0.5981112277019937 0.4904891304347826 0.6012591815320041 0.5394021739130435 0.5886673662119623 0.5747282608695652 0.5729275970619098 0.6005434782608695 0.5540398740818467 0.6032608695652174 0.5456453305351522 0.5855978260869565 0.5236096537250787 0.5448369565217391 0.5141657922350472 0.4556154891304348 0.5557890870933893 0.44565217391304346 0.5634837355718783
4 0.4116847826086956 0.6589716684155299 0.42527173913043476 0.6852046169989506 0.44565217391304346 0.6904512067156348 0.4633152173913043 0.6883525708289612 0.49184782608695654 0.6621196222455403 0.4959239130434782 0.6495278069254984 0.5122282608695652 0.6295907660020986 0.5095108695652174 0.602308499475341 0.48097826086956524 0.602308499475341 0.46603260869565216 0.5939139559286464 0.4483695652173913 0.632738719832109 0.4130434782608695 0.6474291710388247 0.4116847826086956 0.6589716684155299
4 0.5747282608695652 0.6096537250786989 0.592391304347826 0.6243441762854144 0.638586956521739 0.6274921301154249 0.6331521739130435 0.6107030430220356 0.6440217391304348 0.5802728226652676 0.6345108695652174 0.5624344176285414 0.6358695652173914 0.5498426023084995 0.608695652173913 0.5372507869884575 0.6032608695652174 0.5383001049317943 0.5964673913043479 0.558237145855194 0.5652173913043479 0.5781741867785939 0.5747282608695652 0.6096537250786989
4 0.7309782608695652 0.5445960125918152 0.7404891304347826 0.551941238195173 0.764945652173913 0.5540398740818467 0.794836956521739 0.5351521511017838 0.8097826086956521 0.5047219307450157 0.8111413043478259 0.4753410283315844 0.7907608695652174 0.453305351521511 0.7853260869565217 0.4522560335781741 0.7907608695652174 0.47219307450157394 0.78125 0.4942287513116474 0.7418478260869565 0.521511017838405 0.7309782608695652 0.5445960125918152
4 0.43885869565217395 0.48583420776495273 0.4728260869565217 0.48268625393494224 0.5176630434782609 0.49842602308499473 0.5190217391304348 0.4942287513116474 0.49864130434782605 0.47429171038824763 0.49864130434782605 0.44176285414480587 0.4633152173913043 0.43756558237145854 0.4470108695652174 0.44910807974816364 0.43885869565217395 0.48583420776495273
4 0.29891304347826086 0.40818467995802726 0.3152173913043478 0.42497376705141654 0.34103260869565216 0.43546694648478484 0.360054347826087 0.43651626442812164 0.3654891304347826 0.43546694648478484 0.35733695652173914 0.41972717733473236 0.360054347826087 0.40713536201469047 0.37092391304347827 0.39769150052465896 0.3872282608695652 0.3924449108079748 0.358695652173913 0.3620146904512067 0.34375 0.3861490031479538 0.3233695652173913 0.3934942287513116 0.296195652173913 0.39559286463798526 0.29891304347826086 0.40818467995802726