33 0.44565217391304346 0.8705402650356779 0.45244565217391297 0.8950050968399592 0.47690217391304346 0.9378185524974516 0.4850543478260869 0.9408766564729868 0.4932065217391304 0.9531090723751274 0.5027173913043479 0.9561671763506625 0.5040760869565217 0.9622833843017329 0.5747282608695652 0.9959225280326198 0.592391304347826 0.998980632008155 0.720108695652174 0.998980632008155 0.7853260869565217 0.9714576962283384 0.8179347826086957 0.9531090723751274 0.8383152173913043 0.9174311926605505 0.8369565217391305 0.8960244648318044 0.8247282608695652 0.8603465851172274 0.7894021739130435 0.8124362895005097 0.7269021739130435 0.7726809378185525 0.6603260869565217 0.7533129459734964 0.595108695652174 0.7757390417940877 0.5448369565217391 0.7838939857288482 0.5203804347826086 0.8002038735983691 0.5067934782608695 0.7940876656472987 0.5027173913043479 0.7798165137614679 0.49864130434782605 0.7767584097859327 0.49184782608695654 0.7787971457696228 0.46603260869565216 0.8012232415902141 0.44565217391304346 0.8450560652395515 0.44565217391304346 0.8705402650356779
33 0.1956521739130435 0.9429153924566769 0.20652173913043476 0.9714576962283384 0.22418478260869565 0.998980632008155 0.42119565217391297 0.998980632008155 0.42527173913043476 0.9949031600407748 0.4483695652173913 0.9602446483180428 0.46059782608695654 0.9153924566768603 0.4442934782608695 0.8766564729867483 0.4415760869565217 0.8277268093781857 0.42119565217391297 0.8022426095820592 0.39266304347826086 0.780835881753313 0.35190217391304346 0.763506625891947 0.33967391304347827 0.763506625891947 0.30842391304347827 0.7767584097859327 0.2758152173913043 0.8103975535168196 0.22418478260869565 0.8328236493374108 0.20244565217391303 0.8481141692150868 0.19021739130434784 0.8766564729867483 0.1956521739130435 0.9429153924566769
33 0 0.6381243628950052 0 0.8297655453618757 0.028532608695652172 0.8379204892966362 0.07065217391304349 0.8430173292558614 0.16576086956521738 0.8409785932721713 0.24048913043478262 0.8246687054026504 0.2839673913043478 0.8012232415902141 0.3043478260869565 0.7757390417940877 0.3070652173913043 0.7308868501529052 0.28804347826086957 0.6941896024464832 0.2527173913043478 0.6625891946992865 0.21059782608695649 0.6422018348623854 0.16032608695652173 0.6279306829765545 0.07201086956521739 0.6238532110091743 0.021739130434782608 0.6320081549439347 0 0.6381243628950052
33 0.44021739130434784 0.6738022426095821 0.44565217391304346 0.6992864424057085 0.46059782608695654 0.7339449541284404 0.501358695652174 0.7757390417940877 0.501358695652174 0.7838939857288482 0.5176630434782609 0.7951070336391438 0.532608695652174 0.7859327217125383 0.5964673913043479 0.7737003058103975 0.6535326086956521 0.7533129459734964 0.7105978260869565 0.708460754332314 0.7391304347826086 0.6656472986748216 0.764945652173913 0.6126401630988787 0.7744565217391304 0.5728848114169216 0.7744565217391304 0.5361875637104995 0.7554347826086956 0.4933741080530072 0.7282608695652174 0.4658511722731906 0.7119565217391304 0.45769622833843016 0.6793478260869565 0.4525993883792049 0.6372282608695652 0.454638124362895 0.563858695652174 0.4750254841997961 0.514945652173913 0.5056065239551478 0.48369565217391297 0.5361875637104995 0.46059782608695654 0.5698267074413864 0.4429347826086956 0.6126401630988787 0.44021739130434784 0.6738022426095821
33 0.12092391304347824 0.4209989806320082 0.13451086956521738 0.4597349643221203 0.17527173913043476 0.5025484199796126 0.20923913043478262 0.5127420998980632 0.2595108695652174 0.5137614678899083 0.2934782608695652 0.508664627930683 0.34510869565217395 0.490316004077472 0.37228260869565216 0.4740061162079511 0.40760869565217395 0.44342507645259943 0.4334239130434782 0.40876656472986744 0.44972826086956524 0.37512742099898067 0.4619565217391305 0.2996941896024465 0.45108695652173914 0.2507645259938838 0.42934782608695654 0.21508664627930685 0.3872282608695652 0.18858307849133538 0.34782608695652173 0.18450560652395515 0.3070652173913043 0.19367991845056065 0.2527173913043478 0.21916411824668708 0.20516304347826084 0.25178389398572887 0.16032608695652173 0.3017329255861366 0.1358695652173913 0.3425076452599388 0.12092391304347824 0.38837920489296635 0.12092391304347824 0.4209989806320082
33 0.4578804347826087 0.37920489296636084 0.46603260869565216 0.4077471967380224 0.48097826086956524 0.42915392456676865 0.514945652173913 0.4525993883792049 0.5448369565217391 0.46075433231396534 0.5842391304347826 0.46279306829765543 0.625 0.45565749235474007 0.6684782608695652 0.44036697247706424 0.7105978260869565 0.41794087665647306 0.7622282608695652 0.3781855249745158 0.8029891304347826 0.32415902140672787 0.8165760869565217 0.2915392456676861 0.8206521739130433 0.2650356778797146 0.8152173913043479 0.21508664627930685 0.8029891304347826 0.1906218144750255 0.7785326086956521 0.1743119266055046 0.7078804347826086 0.16819571865443425 0.654891304347826 0.17227319062181448 0.6059782608695652 0.18858307849133538 0.5489130434782609 0.21916411824668708 0.5027173913043479 0.25891946992864423 0.4741847826086956 0.29867482161060144 0.4592391304347826 0.33741080530071355 0.4578804347826087 0.37920489296636084
33 0.4334239130434782 0.0509683995922528 0.44565217391304346 0.07849133537206932 0.4592391304347826 0.09683995922528033 0.48369565217391297 0.11518858307849134 0.529891304347826 0.1345565749235474 0.6073369565217391 0.14576962283384304 0.6440217391304348 0.15800203873598367 0.686141304347826 0.15494393476044852 0.7364130434782609 0.13965341488277266 0.7758152173913043 0.1162079510703364 0.7921195652173914 0.10091743119266054 0.8043478260869564 0.08053007135575943 0.8016304347826086 0.051987767584097865 0.7663043478260869 0 0.44565217391304346 0 0.4334239130434782 0.0254841997961264 0.4334239130434782 0.0509683995922528
33 0.391304347826087 0.18756371049949033 0.42934782608695654 0.2120285423037717 0.4483695652173913 0.23751274209989806 0.46603260869565216 0.30479102956167176 0.5027173913043479 0.25688073394495414 0.5489130434782609 0.21712538226299696 0.5964673913043479 0.1906218144750255 0.6589673913043479 0.1712538226299694 0.6222826086956521 0.1529051987767584 0.5896739130434783 0.14576962283384304 0.532608695652174 0.1416921508664628 0.45244565217391297 0.1529051987767584 0.4157608695652174 0.16615698267074414 0.391304347826087 0.1834862385321101 0.391304347826087 0.18756371049949033
33 0.34510869565217395 0.07747196738022426 0.3641304347826087 0.09887869520897044 0.3845108695652174 0.13965341488277266 0.3858695652173913 0.18246687054026506 0.4375 0.15698267074413863 0.5176630434782609 0.13965341488277266 0.5095108695652174 0.12945973496432212 0.4578804347826087 0.09887869520897044 0.4320652173913043 0.05912334352701325 0.38858695652173914 0.05912334352701325 0.3491847826086957 0.07135575942915393 0.34510869565217395 0.07747196738022426
33 0.11548913043478262 0.1162079510703364 0.125 0.14067278287461776 0.15896739130434784 0.16819571865443425 0.1875 0.20591233435270134 0.2296195652173913 0.22629969418960244 0.2391304347826087 0.2252803261977574 0.27989130434782605 0.20285423037716616 0.3247282608695652 0.18654434250764526 0.359601902173913 0.18246687054026506 0.3777173913043478 0.18450560652395515 0.3817934782608695 0.18042813455657494 0.3817934782608695 0.13761467889908258 0.3654891304347826 0.10295616717635067 0.3491847826086957 0.08256880733944955 0.3152173913043478 0.05504587155963303 0.27853260869565216 0.03873598369011213 0.22010869565217392 0.02854230377166157 0.1671195652173913 0.034658511722731905 0.1331521739130435 0.05402650356778797 0.11684782608695651 0.08256880733944955 0.11548913043478262 0.1162079510703364
33 0 0.44648318042813456 0.006793478260869565 0.4475025484199796 0.01902173913043478 0.4342507645259939 0.05027173913043478 0.43119266055045874 0.09375 0.41386340468909283 0.11548913043478262 0.399592252803262 0.1358695652173913 0.33843017329255864 0.1644021739130435 0.2925586136595311 0.1956521739130435 0.2579001019367992 0.1956521739130435 0.24362895005096843 0.1875 0.2161060142711519 0.16168478260869565 0.17533129459734964 0.12228260869565218 0.14271151885830785 0.08695652173913043 0.12945973496432212 0.059782608695652176 0.12844036697247707 0.002717391304347826 0.14475025484199797 0 0.44648318042813456
33 0.03668478260869565 0.5565749235474006 0.04891304347826087 0.5891946992864424 0.07065217391304349 0.6207951070336392 0.14402173913043478 0.6238532110091743 0.2078804347826087 0.6371049949031601 0.23777173913043476 0.6156982670744139 0.25407608695652173 0.598369011213048 0.2608695652173913 0.582059123343527 0.25679347826086957 0.5392456676860347 0.26358695652173914 0.5188583078491336 0.24728260869565216 0.5147808358817534 0.20652173913043476 0.5147808358817534 0.19157608695652173 0.527013251783894 0.17119565217391303 0.5198776758409787 0.1766304347826087 0.5035677879714577 0.14945652173913043 0.4821610601427115 0.13451086956521738 0.46279306829765543 0.11413043478260869 0.40876656472986744 0.05842391304347826 0.43119266055045874 0.04076086956521739 0.46279306829765543 0.03532608695652174 0.4862385321100918 0.03668478260869565 0.5565749235474006
33 0.2595108695652174 0.5606523955147809 0.266304347826087 0.582059123343527 0.2934782608695652 0.6024464831804281 0.327445652173913 0.6136595310907238 0.358695652173913 0.617737003058104 0.4320652173913043 0.6167176350662589 0.4415760869565217 0.6095820591233435 0.4483695652173913 0.5891946992864424 0.4796195652173913 0.5382262996941896 0.5027173913043479 0.5137614678899083 0.561141304347826 0.46992864424057085 0.5095108695652174 0.45361875637105 0.48369565217391297 0.4393476044852192 0.4225543478260869 0.44036697247706424 0.41440217391304346 0.44240570846075433 0.3491847826086957 0.490316004077472 0.30842391304347827 0.5066258919469929 0.27717391304347827 0.5137614678899083 0.2608695652173913 0.5402650356778798 0.2595108695652174 0.5606523955147809
33 0.327445652173913 0.7064220183486238 0.3342391304347826 0.7094801223241591 0.3383152173913043 0.7054026503567787 0.3491847826086957 0.7115188583078492 0.33967391304347827 0.7288481141692151 0.3383152173913043 0.7471967380224261 0.3505434782608695 0.7594291539245668 0.389945652173913 0.7767584097859327 0.41440217391304346 0.7828746177370031 0.47010869565217395 0.7849133537206933 0.4891304347826087 0.7767584097859327 0.49184782608695654 0.7716615698267074 0.46059782608695654 0.7359836901121305 0.4429347826086956 0.6982670744138634 0.43614130434782605 0.6523955147808359 0.43885869565217395 0.6187563710499491 0.40896739130434784 0.6228338430173292 0.37907608695652173 0.6401630988786953 0.3464673913043478 0.6666666666666667 0.33152173913043476 0.6890927624872579 0.327445652173913 0.7064220183486238
33 0.7785326086956521 0.8022426095820592 0.8057065217391305 0.8277268093781857 0.826086956521739 0.8593272171253823 0.8396739130434783 0.8970438328236494 0.8410326086956521 0.9164118246687055 0.8505434782608695 0.9327217125382263 0.8464673913043479 0.9408766564729868 0.7839673913043478 0.9734964322120285 0.7758152173913043 0.9826707441386342 0.7554347826086956 0.9867482161060144 0.7540760869565217 0.9908256880733946 0.7676630434782609 0.998980632008155 0.9986413043478259 0.998980632008155 0.9986413043478259 0.7706422018348624 0.9605978260869564 0.7604485219164119 0.8953804347826086 0.7573904179408767 0.8002717391304348 0.7787971457696228 0.7758152173913043 0.7930682976554537 0.7785326086956521 0.8022426095820592
33 0.7690217391304348 0.6095820591233435 0.7432065217391304 0.6636085626911316 0.7119565217391304 0.7135575942915393 0.733695652173913 0.7431192660550459 0.764945652173913 0.762487257900102 0.796195652173913 0.7706422018348624 0.8315217391304348 0.7696228338430173 0.8627717391304348 0.7604485219164119 0.875 0.7522935779816514 0.9048913043478259 0.726809378185525 0.919836956521739 0.7064220183486238 0.9361413043478259 0.672782874617737 0.9429347826086957 0.6269113149847094 0.9415760869565217 0.5851172273190622 0.9225543478260869 0.5412844036697247 0.8899456521739131 0.5178389398572885 0.8695652173913043 0.5127420998980632 0.8342391304347826 0.5127420998980632 0.7853260869565217 0.5249745158002039 0.7771739130434783 0.5341488277268094 0.7690217391304348 0.6095820591233435
33 0.8057065217391305 0.3231396534148828 0.7622282608695652 0.38328236493374107 0.7785326086956521 0.4159021406727829 0.826086956521739 0.4648318042813456 0.8872282608695652 0.5015290519877676 0.9483695652173912 0.5239551478083588 0.9986413043478259 0.528032619775739 0.9986413043478259 0.2854230377166157 0.9592391304347826 0.27217125382262997 0.9089673913043479 0.26299694189602446 0.8559782608695652 0.2619775739041794 0.8233695652173912 0.2691131498470948 0.8057065217391305 0.3231396534148828
33 0.6616847826086956 0.16921508664627932 0.7377717391304348 0.1671763506625892 0.7880434782608695 0.17533129459734964 0.8016304347826086 0.18654434250764526 0.8138586956521738 0.20591233435270134 0.8233695652173912 0.2640163098878695 0.8559782608695652 0.25891946992864423 0.8532608695652174 0.22629969418960244 0.8396739130434783 0.19571865443425077 0.8138586956521738 0.16615698267074414 0.7785326086956521 0.14271151885830785 0.748641304347826 0.13557594291539246 0.6997282608695652 0.1529051987767584 0.6535326086956521 0.16004077471967382 0.6616847826086956 0.16921508664627932
33 0.7065217391304348 0.45361875637105 0.7296195652173914 0.46381243628950053 0.751358695652174 0.4831804281345565 0.7758152173913043 0.5259938837920489 0.8125 0.5117227319062182 0.8165760869565217 0.4954128440366973 0.8125 0.45769622833843016 0.7554347826086956 0.3893985728848114 0.6902173913043479 0.4322120285423038 0.6535326086956521 0.4485219164118247 0.7065217391304348 0.45361875637105
33 0.9252717391304348 0.5412844036697247 0.9442934782608695 0.5830784913353722 0.9470108695652174 0.6371049949031601 0.9728260869565217 0.6666666666666667 0.9986413043478259 0.6839959225280327 0.9986413043478259 0.5300713557594292 0.9565217391304348 0.527013251783894 0.9334239130434783 0.5208970438328236 0.9266304347826086 0.5310907237512742 0.9252717391304348 0.5412844036697247