4 0.546875 0.1890625 0.5609375 0.190625 0.5703125 0.1953125 0.5921875 0.2171875 0.603125 0.240625 0.603125 0.25 0.609375 0.271875 0.609375 0.29375 0.603125 0.321875 0.596875 0.3390625 0.5921875 0.3453125 0.5921875 0.35 0.584375 0.3546875 0.571875 0.3671875 0.56875 0.3734375 0.559375 0.3796875 0.55 0.384375 0.5359375 0.384375 0.525 0.3875 0.5015625 0.3859375 0.4890625 0.3796875 0.4625 0.371875 0.4578125 0.3671875 0.4484375 0.3640625 0.43125 0.346875 0.428125 0.3375 0.4296875 0.30625 0.425 0.29375 0.425 0.284375 0.428125 0.2796875 0.428125 0.271875 0.4375 0.2453125 0.44375 0.234375 0.4796875 0.1984375 0.496875 0.1875 0.5359375 0.1859375 0.5453125 0.1890625
4 0.4921875 0.4140625 0.49375 0.415625 0.5328125 0.4171875 0.559375 0.4296875 0.5625 0.434375 0.5703125 0.4375 0.5734375 0.4421875 0.5828125 0.446875 0.5921875 0.45625 0.6 0.478125 0.603125 0.48125 0.6046875 0.490625 0.603125 0.53125 0.6 0.540625 0.596875 0.5421875 0.590625 0.5546875 0.58125 0.565625 0.5703125 0.571875 0.5625 0.571875 0.546875 0.5828125 0.5296875 0.5875 0.5171875 0.5875 0.503125 0.590625 0.4796875 0.5890625 0.4625 0.5828125 0.45625 0.578125 0.4484375 0.578125 0.44375 0.571875 0.4375 0.56875 0.4359375 0.5640625 0.428125 0.5578125 0.428125 0.5546875 0.41875 0.55 0.4171875 0.546875 0.4171875 0.5078125 0.415625 0.50625 0.4171875 0.46875 0.43125 0.4375 0.434375 0.4359375 0.4375 0.4296875 0.4453125 0.428125 0.4625 0.4171875 0.4734375 0.4140625 0.490625 0.4140625
4 0.7046875 0.2453125 0.71875 0.25 0.7390625 0.2515625 0.7515625 0.2609375 0.7578125 0.2625 0.7671875 0.271875 0.7796875 0.290625 0.7859375 0.3171875 0.784375 0.3234375 0.7890625 0.334375 0.7890625 0.3453125 0.7828125 0.359375 0.778125 0.3796875 0.7734375 0.3859375 0.76875 0.4 0.759375 0.4109375 0.759375 0.4140625 0.746875 0.425 0.7375 0.428125 0.7171875 0.4421875 0.7015625 0.4453125 0.68125 0.4453125 0.65625 0.4390625 0.6453125 0.428125 0.6265625 0.4203125 0.615625 0.4125 0.596875 0.384375 0.5953125 0.365625 0.5984375 0.34375 0.6046875 0.3328125 0.6046875 0.3234375 0.609375 0.3140625 0.615625 0.3078125 0.615625 0.303125 0.625 0.2875 0.6359375 0.2765625 0.6625 0.2609375 0.6703125 0.253125 0.6890625 0.2453125 0.703125 0.2453125
4 0.321875 0.234375 0.33125 0.2390625 0.35625 0.240625 0.3828125 0.253125 0.4015625 0.271875 0.4046875 0.271875 0.415625 0.284375 0.425 0.3171875 0.425 0.340625 0.428125 0.359375 0.4265625 0.3671875 0.41875 0.375 0.415625 0.384375 0.4046875 0.3953125 0.3890625 0.4046875 0.375 0.40625 0.3640625 0.4140625 0.3453125 0.4171875 0.296875 0.4140625 0.2796875 0.4046875 0.2703125 0.3953125 0.2609375 0.390625 0.25 0.3796875 0.25 0.3765625 0.240625 0.3625 0.240625 0.3484375 0.2359375 0.334375 0.2359375 0.3140625 0.2390625 0.3078125 0.240625 0.2859375 0.25 0.2703125 0.2515625 0.2625 0.259375 0.2515625 0.265625 0.2453125 0.2734375 0.2421875 0.2875 0.240625 0.303125 0.234375 0.3203125 0.234375
4 0.296875 0.4203125 0.3125 0.4265625 0.3421875 0.428125 0.3828125 0.4484375 0.3859375 0.453125 0.403125 0.465625 0.4125 0.5 0.4140625 0.5328125 0.4109375 0.55 0.3921875 0.571875 0.3890625 0.571875 0.38125 0.5796875 0.3703125 0.5828125 0.3546875 0.5921875 0.346875 0.5921875 0.3421875 0.5953125 0.3171875 0.5953125 0.3078125 0.5984375 0.2921875 0.5984375 0.2765625 0.5921875 0.2625 0.5921875 0.2578125 0.5875 0.2578125 0.584375 0.23125 0.559375 0.23125 0.540625 0.2265625 0.525 0.2265625 0.49375 0.2296875 0.48125 0.2296875 0.4671875 0.240625 0.4375 0.253125 0.43125 0.26875 0.428125 0.28125 0.4203125 0.2953125 0.4203125
49 0.19293478260869565 0.764945652173913 0.19972826086956522 0.7921195652173914 0.24728260869565216 0.8192934782608695 0.28125 0.8206521739130433 0.3641304347826087 0.8043478260869564 0.4633152173913043 0.7934782608695652 0.4225543478260869 0.7350543478260869 0.42527173913043476 0.7078804347826086 0.4116847826086956 0.7092391304347826 0.4157608695652174 0.7160326086956521 0.4103260869565217 0.7282608695652174 0.4008152173913043 0.733695652173913 0.3641304347826087 0.782608695652174 0.33695652173913043 0.796195652173913 0.2907608695652174 0.8084239130434783 0.24864130434782608 0.7907608695652174 0.24048913043478262 0.7771739130434783 0.21603260869565216 0.7567934782608695 0.19972826086956522 0.7228260869565217 0.1956521739130435 0.7241847826086956 0.19293478260869565 0.764945652173913
4 0.3328125 0.6 0.35625 0.609375 0.3625 0.609375 0.3734375 0.615625 0.378125 0.621875 0.3875 0.625 0.3921875 0.6296875 0.4046875 0.646875 0.4046875 0.6546875 0.4078125 0.659375 0.409375 0.6828125 0.4046875 0.6921875 0.4046875 0.7046875 0.4 0.728125 0.396875 0.73125 0.3953125 0.7390625 0.3875 0.746875 0.3734375 0.7703125 0.3515625 0.7875 0.3375 0.790625 0.321875 0.8 0.303125 0.8046875 0.2859375 0.8046875 0.275 0.7984375 0.265625 0.796875 0.25625 0.790625 0.2515625 0.790625 0.240625 0.7734375 0.2296875 0.7671875 0.2234375 0.759375 0.21875 0.7578125 0.203125 0.721875 0.203125 0.7125 0.209375 0.6984375 0.209375 0.68125 0.2125 0.671875 0.21875 0.665625 0.221875 0.6578125 0.2296875 0.6515625 0.2421875 0.6359375 0.2578125 0.625 0.2703125 0.6234375 0.271875 0.625 0.28125 0.615625 0.284375 0.615625 0.29375 0.6078125 0.3203125 0.6 0.33125 0.6
4 0.5546875 0.6109375 0.5765625 0.615625 0.5875 0.625 0.5921875 0.625 0.6015625 0.6296875 0.6078125 0.6359375 0.6234375 0.6671875 0.6234375 0.703125 0.621875 0.7171875 0.6140625 0.7421875 0.603125 0.7640625 0.5953125 0.771875 0.5921875 0.7796875 0.584375 0.784375 0.5796875 0.790625 0.5734375 0.790625 0.559375 0.8 0.5359375 0.8109375 0.521875 0.8109375 0.5140625 0.80625 0.49375 0.8046875 0.4859375 0.8015625 0.465625 0.7828125 0.4609375 0.7796875 0.45625 0.7796875 0.4484375 0.771875 0.4484375 0.76875 0.4328125 0.746875 0.428125 0.7359375 0.428125 0.7296875 0.43125 0.721875 0.43125 0.6953125 0.4375 0.684375 0.4375 0.6796875 0.44375 0.6734375 0.4515625 0.6578125 0.4609375 0.646875 0.490625 0.6234375 0.4984375 0.621875 0.5171875 0.6125 0.5328125 0.6078125 0.546875 0.6078125 0.553125 0.6109375
4 0.6671875 0.646875 0.6734375 0.6453125 0.6859375 0.6359375 0.7140625 0.625 0.7265625 0.6234375 0.7578125 0.625 0.7796875 0.6609375 0.7796875 0.6671875 0.784375 0.6765625 0.7828125 0.6828125 0.8015625 0.7015625 0.80625 0.7125 0.8078125 0.728125 0.8125 0.740625 0.8078125 0.7578125 0.7921875 0.7734375 0.790625 0.778125 0.778125 0.7890625 0.771875 0.790625 0.7703125 0.79375 0.7546875 0.8015625 0.7453125 0.8015625 0.73125 0.80625 0.703125 0.80625 0.6890625 0.8015625 0.678125 0.8015625 0.6546875 0.790625 0.6359375 0.7734375 0.6296875 0.75 0.6265625 0.7484375 0.625 0.7015625 0.6296875 0.6875 0.6359375 0.678125 0.6421875 0.6734375 0.646875 0.6625 0.6671875 0.6484375
49 0.5869565217391304 0.7894021739130435 0.59375 0.7934782608695652 0.6508152173913043 0.7934782608695652 0.6304347826086956 0.7717391304347826 0.6222826086956521 0.748641304347826 0.6127717391304348 0.751358695652174 0.592391304347826 0.78125 0.5869565217391304 0.7894021739130435
4 0.73125 0.45 0.7390625 0.453125 0.75 0.453125 0.7625 0.459375 0.76875 0.459375 0.790625 0.48125 0.7984375 0.49375 0.8015625 0.509375 0.809375 0.525 0.8078125 0.540625 0.8015625 0.5625 0.7953125 0.571875 0.7578125 0.6046875 0.74375 0.6125 0.7296875 0.615625 0.7171875 0.621875 0.6984375 0.625 0.6609375 0.61875 0.6390625 0.609375 0.6265625 0.5921875 0.6203125 0.575 0.615625 0.56875 0.615625 0.5625 0.609375 0.5515625 0.6078125 0.540625 0.609375 0.50625 0.6140625 0.4984375 0.615625 0.490625 0.6328125 0.475 0.6359375 0.46875 0.6484375 0.4625 0.65625 0.459375 0.6671875 0.459375 0.6796875 0.4515625 0.6921875 0.4484375 0.728125 0.4484375 0.7296875 0.45
49 0.5475543478260869 0.592391304347826 0.5557065217391304 0.6046195652173914 0.6046195652173914 0.626358695652174 0.6222826086956521 0.6222826086956521 0.626358695652174 0.6019021739130435 0.6046195652173914 0.5529891304347826 0.595108695652174 0.5529891304347826 0.5529891304347826 0.5842391304347826 0.5475543478260869 0.592391304347826
49 0.35190217391304346 0.4307065217391305 0.37364130434782605 0.43614130434782605 0.4116847826086956 0.47010869565217395 0.4171195652173913 0.46059782608695654 0.4116847826086956 0.4470108695652174 0.4157608695652174 0.4429347826086956 0.4130434782608695 0.41847826086956524 0.4415760869565217 0.40760869565217395 0.44565217391304346 0.4116847826086956 0.4646739130434782 0.4008152173913043 0.48233695652173914 0.40760869565217395 0.49184782608695654 0.3953804347826087 0.49728260869565216 0.4008152173913043 0.5108695652173914 0.3967391304347826 0.4334239130434782 0.360054347826087 0.41983695652173914 0.3872282608695652 0.3980978260869565 0.40353260869565216 0.3532608695652174 0.42119565217391297 0.34103260869565216 0.41983695652173914 0.35190217391304346 0.4307065217391305
49 0.5421195652173914 0.3967391304347826 0.5489130434782609 0.40353260869565216 0.5516304347826086 0.41847826086956524 0.5910326086956521 0.4483695652173913 0.608695652173913 0.4891304347826087 0.626358695652174 0.4755434782608695 0.6317934782608695 0.4646739130434782 0.6671195652173914 0.45244565217391297 0.657608695652174 0.4442934782608695 0.6467391304347826 0.4442934782608695 0.6440217391304348 0.4375 0.6114130434782609 0.41440217391304346 0.5869565217391304 0.3845108695652174 0.5883152173913043 0.360054347826087 0.5652173913043479 0.38858695652173914 0.5448369565217391 0.389945652173913 0.5421195652173914 0.3967391304347826
49 0.391304347826087 0.5760869565217391 0.34103260869565216 0.5978260869565217 0.36277173913043476 0.6046195652173914 0.3953804347826087 0.625 0.4171195652173913 0.6793478260869565 0.4103260869565217 0.7038043478260869 0.42391304347826086 0.7051630434782609 0.43478260869565216 0.671195652173913 0.42119565217391297 0.6494565217391304 0.4320652173913043 0.6317934782608695 0.4755434782608695 0.6290760869565217 0.4891304347826087 0.6168478260869565 0.532608695652174 0.6019021739130435 0.5448369565217391 0.5910326086956521 0.48369565217391297 0.5964673913043479 0.44565217391304346 0.5815217391304348 0.42934782608695654 0.5625 0.4130434782608695 0.5529891304347826 0.391304347826087 0.5760869565217391
49 0.19293478260869565 0.5135869565217391 0.19972826086956522 0.5529891304347826 0.1983695652173913 0.7146739130434783 0.20652173913043476 0.6779891304347826 0.22690217391304346 0.6467391304347826 0.2608695652173913 0.6182065217391304 0.27717391304347827 0.6154891304347826 0.2934782608695652 0.6019021739130435 0.2527173913043478 0.5855978260869565 0.22690217391304346 0.5543478260869565 0.2214673913043478 0.4932065217391304 0.23097826086956524 0.44565217391304346 0.2554347826086957 0.4225543478260869 0.28804347826086957 0.4157608695652174 0.2866847826086957 0.40760869565217395 0.27445652173913043 0.40353260869565216 0.24456521739130435 0.37635869565217395 0.22690217391304346 0.3192934782608695 0.21467391304347827 0.3383152173913043 0.1983695652173913 0.38858695652173914 0.19429347826086957 0.43885869565217395 0.19293478260869565 0.5135869565217391
49 0.3342391304347826 0.23505434782608697 0.3804347826086957 0.24864130434782608 0.4116847826086956 0.27853260869565216 0.42119565217391297 0.28125 0.4334239130434782 0.24456521739130435 0.45244565217391297 0.21875 0.49184782608695654 0.18342391304347824 0.5258152173913043 0.18206521739130435 0.5760869565217391 0.1983695652173913 0.5964673913043479 0.22010869565217392 0.6127717391304348 0.27853260869565216 0.6100543478260869 0.30027173913043476 0.6331521739130435 0.27445652173913043 0.6834239130434783 0.24184782608695649 0.7228260869565217 0.24456521739130435 0.7581521739130435 0.25679347826086957 0.7214673913043479 0.21875 0.6793478260869565 0.19157608695652173 0.6644021739130435 0.18478260869565216 0.6304347826086956 0.18342391304347824 0.5978260869565217 0.17527173913043476 0.5081521739130435 0.17119565217391303 0.4415760869565217 0.1793478260869565 0.3342391304347826 0.22826086956521738 0.3342391304347826 0.23505434782608697
49 0.7866847826086956 0.30570652173913043 0.7921195652173914 0.34782608695652173 0.7839673913043478 0.3777173913043478 0.7690217391304348 0.40489130434782605 0.7432065217391304 0.42119565217391297 0.7241847826086956 0.4429347826086956 0.764945652173913 0.45244565217391297 0.7771739130434783 0.4619565217391305 0.7989130434782609 0.48369565217391297 0.8043478260869564 0.5067934782608695 0.8138586956521738 0.5163043478260869 0.8016304347826086 0.5679347826086956 0.7595108695652174 0.608695652173913 0.7432065217391304 0.6154891304347826 0.764945652173913 0.626358695652174 0.7853260869565217 0.6494565217391304 0.7880434782608695 0.6779891304347826 0.8097826086956521 0.702445652173913 0.8138586956521738 0.751358695652174 0.7989130434782609 0.7676630434782609 0.7894021739130435 0.7894021739130435 0.8233695652173912 0.764945652173913 0.8342391304347826 0.7418478260869565 0.826086956521739 0.6535326086956521 0.8247282608695652 0.3777173913043478 0.8206521739130433 0.34510869565217395 0.7839673913043478 0.27853260869565216 0.7690217391304348 0.26902173913043476 0.7866847826086956 0.30570652173913043