44 0.3383152173913043 0.7380224260958206 0.34782608695652173 0.7533129459734964 0.33967391304347827 0.7675840978593272 0.34375 0.7828746177370031 0.35733695652173914 0.7920489296636086 0.3695652173913043 0.8093781855249744 0.3872282608695652 0.8205912334352702 0.4415760869565217 0.8338430173292559 0.45652173913043476 0.8338430173292559 0.4755434782608695 0.8205912334352702 0.49728260869565216 0.8175331294597349 0.5285326086956521 0.8063200815494393 0.5801630434782609 0.7522935779816514 0.5760869565217391 0.708460754332314 0.5679347826086956 0.6901121304791029 0.5543478260869565 0.6819571865443426 0.5394021739130435 0.6595310907237513 0.5258152173913043 0.654434250764526 0.5040760869565217 0.6554536187563711 0.48777173913043476 0.6462793068297656 0.47146739130434784 0.6483180428134557 0.45652173913043476 0.6554536187563711 0.4116847826086956 0.6503567787971458 0.389945652173913 0.6574923547400612 0.3559782608695652 0.6778797145769623 0.3383152173913043 0.7186544342507646 0.3383152173913043 0.7380224260958206
44 0.47010869565217395 0.598369011213048 0.4904891304347826 0.6279306829765545 0.5081521739130435 0.6340468909276249 0.5108695652173914 0.6401630988786953 0.5217391304347826 0.6452599388379205 0.5407608695652174 0.6442405708460754 0.5706521739130435 0.6503567787971458 0.592391304347826 0.6411824668705404 0.623641304347826 0.6371049949031601 0.6603260869565217 0.617737003058104 0.6915760869565217 0.5790010193679919 0.7065217391304348 0.5708460754332314 0.7078804347826086 0.5565749235474006 0.671195652173913 0.49847094801223246 0.6644021739130435 0.49439347604485223 0.639945652173913 0.49235474006116214 0.6209239130434783 0.4841997961264016 0.6046195652173914 0.46992864424057085 0.5842391304347826 0.4689092762487258 0.5353260869565217 0.49235474006116214 0.5122282608695652 0.5259938837920489 0.4904891304347826 0.5321100917431193 0.47146739130434784 0.5840978593272171 0.47010869565217395 0.598369011213048
44 0.27989130434782605 0.54638124362895 0.28260869565217395 0.5942915392456677 0.28532608695652173 0.601427115188583 0.30027173913043476 0.6085626911314985 0.3152173913043478 0.6269113149847094 0.35190217391304346 0.6401630988786953 0.3845108695652174 0.6422018348623854 0.44565217391304346 0.6156982670744139 0.4646739130434782 0.598369011213048 0.48233695652173914 0.5392456676860347 0.47010869565217395 0.5127420998980632 0.4592391304347826 0.5056065239551478 0.4483695652173913 0.5056065239551478 0.43885869565217395 0.4913353720693171 0.4225543478260869 0.4933741080530072 0.3967391304347826 0.48725790010193687 0.3804347826086957 0.472986748216106 0.34103260869565216 0.4740061162079511 0.31114130434782605 0.4841997961264016 0.28532608695652173 0.5158002038735984 0.27989130434782605 0.54638124362895
44 0.5706521739130435 0.6890927624872579 0.5828804347826086 0.7227319062181448 0.59375 0.7380224260958206 0.59375 0.7512742099898063 0.6114130434782609 0.7675840978593272 0.6440217391304348 0.7675840978593272 0.6603260869565217 0.7737003058103975 0.7119565217391304 0.7737003058103975 0.7296195652173914 0.764525993883792 0.7432065217391304 0.7471967380224261 0.7581521739130435 0.7380224260958206 0.7608695652173914 0.6941896024464832 0.7472826086956521 0.6799184505606524 0.7377717391304348 0.6585117227319063 0.7269021739130435 0.6513761467889909 0.6902173913043479 0.6401630988786953 0.6766304347826086 0.6279306829765545 0.654891304347826 0.6269113149847094 0.626358695652174 0.6401630988786953 0.592391304347826 0.6452599388379205 0.5733695652173914 0.6768603465851173 0.5706521739130435 0.6890927624872579
44 0.021739130434782608 0.4954128440366973 0.028532608695652172 0.5035677879714577 0.04891304347826087 0.5158002038735984 0.09510869565217392 0.5575942915392457 0.10869565217391304 0.563710499490316 0.13994565217391303 0.561671763506626 0.15489130434782608 0.5667686034658512 0.18070652173913043 0.5575942915392457 0.19972826086956522 0.5565749235474006 0.24048913043478262 0.5178389398572885 0.24728260869565216 0.5056065239551478 0.24728260869565216 0.48725790010193687 0.2296195652173913 0.4770642201834862 0.2296195652173913 0.4617737003058104 0.21331521739130435 0.43832823649337416 0.19701086956521738 0.4271151885830785 0.1358695652173913 0.4077471967380224 0.08967391304347826 0.4097859327217125 0.06929347826086957 0.41997961264016315 0.05027173913043478 0.42303771661569833 0.021739130434782608 0.47910295616717635 0.021739130434782608 0.4954128440366973
44 0.004076086956521739 0.3414882772680938 0.012228260869565218 0.36187563710499493 0.04483695652173913 0.3975535168195719 0.09646739130434782 0.4077471967380224 0.14266304347826086 0.40672782874617736 0.16304347826086957 0.3975535168195719 0.17527173913043476 0.39857288481141695 0.19157608695652173 0.3893985728848114 0.2078804347826087 0.345565749235474 0.19701086956521738 0.29867482161060144 0.17255434782608697 0.2691131498470948 0.14130434782608697 0.25484199796126406 0.09103260869565218 0.2528032619775739 0.03940217391304347 0.27217125382262997 0.008152173913043478 0.3119266055045872 0.004076086956521739 0.3414882772680938
44 0.2078804347826087 0.3211009174311927 0.21875 0.3730886850152905 0.24592391304347827 0.3904179408766565 0.26766304347826086 0.39551478083588176 0.296195652173913 0.39245667686034663 0.3070652173913043 0.3843017329255861 0.32065217391304346 0.381243628950051 0.34103260869565216 0.3302752293577982 0.3817934782608695 0.3109072375127421 0.3817934782608695 0.29663608562691135 0.36820652173913043 0.27420998980632005 0.37092391304347827 0.2650356778797146 0.3654891304347826 0.25382262996941896 0.3491847826086957 0.24566768603465855 0.26902173913043476 0.24260958205912336 0.24592391304347827 0.23751274209989806 0.22690217391304346 0.24362895005096843 0.2214673913043478 0.2558613659531091 0.20652173913043476 0.2691131498470948 0.2078804347826087 0.3211009174311927
44 0.33152173913043476 0.4118246687054027 0.35190217391304346 0.42609582059123347 0.37092391304347827 0.46381243628950053 0.40353260869565216 0.4821610601427115 0.44565217391304346 0.4862385321100918 0.4741847826086956 0.4750254841997961 0.5027173913043479 0.47604485219164117 0.532608695652174 0.44648318042813456 0.546195652173913 0.381243628950051 0.5448369565217391 0.37104994903160043 0.532608695652174 0.3557594291539246 0.5353260869565217 0.34046890927624873 0.5285326086956521 0.3312945973496432 0.48369565217391297 0.31600407747196735 0.4741847826086956 0.3068297655453619 0.4483695652173913 0.3058103975535168 0.43885869565217395 0.3109072375127421 0.41440217391304346 0.308868501529052 0.3953804347826087 0.3149847094801223 0.38315217391304346 0.31396534148827726 0.3546195652173913 0.32415902140672787 0.34103260869565216 0.3343527013251784 0.33695652173913043 0.3577981651376147 0.327445652173913 0.36799184505606525 0.33152173913043476 0.4118246687054027
44 0.5516304347826086 0.3853211009174312 0.546195652173913 0.4118246687054027 0.5597826086956521 0.4281345565749236 0.5828804347826086 0.4454638124362895 0.608695652173913 0.4454638124362895 0.6589673913043479 0.45769622833843016 0.701086956521739 0.45769622833843016 0.7391304347826086 0.44240570846075433 0.7622282608695652 0.42201834862385323 0.78125 0.4209989806320082 0.796195652173913 0.40672782874617736 0.796195652173913 0.39551478083588176 0.782608695652174 0.37512742099898067 0.7853260869565217 0.3109072375127421 0.7785326086956521 0.2996941896024465 0.7622282608695652 0.2945973496432212 0.7350543478260869 0.2996941896024465 0.7078804347826086 0.2925586136595311 0.6616847826086956 0.29357798165137616 0.6154891304347826 0.31396534148827726 0.6032608695652174 0.32619775739041795 0.5828804347826086 0.3343527013251784 0.5489130434782609 0.3690112130479103 0.5516304347826086 0.3853211009174312
44 0.42391304347826086 0.27522935779816515 0.43478260869565216 0.30275229357798167 0.4470108695652174 0.30479102956167176 0.4592391304347826 0.3007135575942915 0.4932065217391304 0.31702344546381245 0.5353260869565217 0.3302752293577982 0.563858695652174 0.3251783893985729 0.5801630434782609 0.32925586136595314 0.5896739130434783 0.32619775739041795 0.6331521739130435 0.30479102956167176 0.6440217391304348 0.2854230377166157 0.6426630434782609 0.25484199796126406 0.6290760869565217 0.2252803261977574 0.6154891304347826 0.21712538226299696 0.5788043478260869 0.20693170234454641 0.5584239130434783 0.19164118246687054 0.501358695652174 0.18246687054026506 0.45516304347826086 0.2120285423037717 0.42934782608695654 0.2324159021406728 0.42527173913043476 0.24057084607543322 0.42391304347826086 0.27522935779816515
44 0.6820652173913043 0.5066258919469929 0.702445652173913 0.5402650356778798 0.720108695652174 0.5514780835881753 0.7309782608695652 0.5677879714576963 0.7717391304347826 0.5739041794087666 0.8722826086956521 0.5565749235474006 0.9021739130434783 0.5361875637104995 0.9171195652173912 0.4913353720693171 0.9171195652173912 0.4801223241590214 0.8790760869565217 0.44648318042813456 0.84375 0.4332313965341489 0.8070652173913043 0.42609582059123347 0.7853260869565217 0.4281345565749236 0.7717391304347826 0.43527013251783897 0.7472826086956521 0.4393476044852192 0.7364130434782609 0.4485219164118247 0.720108695652174 0.4525993883792049 0.701086956521739 0.46687054026503566 0.688858695652174 0.46992864424057085 0.6807065217391304 0.47910295616717635 0.6820652173913043 0.5066258919469929