22 0.69375 0.76875 0.7328125 0.778125 0.7390625 0.78125 0.740625 0.784375 0.7484375 0.7859375 0.76875 0.8046875 0.7796875 0.8234375 0.7796875 0.83125 0.7828125 0.8390625 0.7828125 0.8640625 0.7796875 0.878125 0.7734375 0.8890625 0.7703125 0.9 0.7609375 0.909375 0.759375 0.9140625 0.715625 0.95 0.6765625 0.9703125 0.65 0.978125 0.625 0.98125 0.6171875 0.984375 0.5890625 0.984375 0.578125 0.98125 0.553125 0.96875 0.503125 0.93125 0.4921875 0.9171875 0.4859375 0.903125 0.484375 0.8828125 0.490625 0.859375 0.4953125 0.85625 0.5 0.8453125 0.5109375 0.83125 0.5125 0.825 0.525 0.8125 0.5640625 0.7890625 0.56875 0.7890625 0.571875 0.7859375 0.5921875 0.778125 0.5984375 0.778125 0.6046875 0.775 0.615625 0.775 0.621875 0.771875 0.6453125 0.771875 0.65625 0.76875 0.6921875 0.76875
22 0.39375 0.6453125 0.425 0.6546875 0.44375 0.6640625 0.4640625 0.678125 0.478125 0.6921875 0.509375 0.7390625 0.5171875 0.7734375 0.5171875 0.7921875 0.509375 0.8234375 0.4984375 0.840625 0.4984375 0.84375 0.4953125 0.8453125 0.4890625 0.8578125 0.478125 0.8703125 0.4671875 0.8796875 0.4484375 0.8875 0.446875 0.890625 0.4421875 0.890625 0.4296875 0.896875 0.396875 0.903125 0.3703125 0.903125 0.3609375 0.9 0.3515625 0.9 0.325 0.890625 0.31875 0.890625 0.3046875 0.88125 0.2828125 0.859375 0.278125 0.8484375 0.271875 0.840625 0.271875 0.8359375 0.2609375 0.815625 0.2546875 0.7859375 0.2546875 0.7546875 0.2609375 0.740625 0.2609375 0.73125 0.28125 0.6984375 0.29375 0.684375 0.3140625 0.6671875 0.321875 0.6640625 0.3234375 0.6609375 0.34375 0.6515625 0.3546875 0.6484375 0.3640625 0.6484375 0.36875 0.6453125 0.3921875 0.6453125
22 0.5921875 0.5640625 0.61875 0.571875 0.64375 0.584375 0.665625 0.5984375 0.6875 0.6203125 0.6953125 0.625 0.6984375 0.6328125 0.7078125 0.6453125 0.7078125 0.6515625 0.7171875 0.671875 0.7171875 0.678125 0.7234375 0.6921875 0.725 0.70625 0.7234375 0.7171875 0.7171875 0.73125 0.7171875 0.7375 0.7078125 0.75 0.696875 0.759375 0.678125 0.765625 0.6765625 0.7640625 0.675 0.765625 0.6328125 0.7671875 0.6234375 0.7703125 0.6109375 0.7703125 0.603125 0.7734375 0.5796875 0.7734375 0.5734375 0.7703125 0.5671875 0.7703125 0.55 0.7609375 0.5421875 0.759375 0.540625 0.75625 0.5375 0.75625 0.5203125 0.74375 0.5109375 0.734375 0.5078125 0.7265625 0.490625 0.7046875 0.4890625 0.6984375 0.4796875 0.684375 0.4796875 0.66875 0.4765625 0.653125 0.4796875 0.6203125 0.490625 0.5984375 0.5109375 0.578125 0.5234375 0.5703125 0.5296875 0.5703125 0.5421875 0.5640625 0.553125 0.5625 0.590625 0.5640625
22 0.7625 0.5640625 0.7640625 0.565625 0.83125 0.5703125 0.8484375 0.578125 0.853125 0.578125 0.8546875 0.58125 0.884375 0.5953125 0.915625 0.6265625 0.915625 0.6296875 0.91875 0.63125 0.921875 0.6390625 0.9265625 0.64375 0.9421875 0.678125 0.9421875 0.6828125 0.946875 0.6875 0.9484375 0.7 0.946875 0.7140625 0.94375 0.721875 0.934375 0.740625 0.9265625 0.75 0.9203125 0.753125 0.915625 0.759375 0.8875 0.7703125 0.859375 0.771875 0.825 0.7671875 0.78125 0.75 0.7796875 0.746875 0.7515625 0.7296875 0.7328125 0.7125 0.7296875 0.7078125 0.7265625 0.6859375 0.7203125 0.6734375 0.7171875 0.659375 0.70625 0.634375 0.7015625 0.6296875 0.7015625 0.615625 0.709375 0.59375 0.71875 0.58125 0.7328125 0.571875 0.7453125 0.5671875 0.7609375 0.565625
49 0.01766304347826087 0.20285423037716616 0.01766304347826087 0.20998980632008157 0 0.2120285423037717 0 0.22629969418960244 0.020380434782608696 0.22426095820591235 0.03532608695652174 0.21508664627930685 0.06793478260869565 0.2140672782874618 0.07472826086956522 0.20285423037716616 0.09239130434782608 0.1926605504587156 0.09918478260869565 0.17635066258919468 0.10869565217391304 0.16819571865443425 0.13994565217391303 0.1712538226299694 0.21467391304347827 0.20081549439347604 0.23777173913043476 0.18756371049949033 0.26902173913043476 0.17838939857288483 0.28804347826086957 0.18552497451580022 0.297554347826087 0.19673802242609584 0.3125 0.199796126401631 0.2934782608695652 0.14576962283384304 0.26766304347826086 0.14067278287461776 0.2323369565217391 0.14373088685015292 0.20380434782608697 0.13863404689092762 0.15217391304347824 0.14678899082568808 0.08288043478260869 0.16411824668705405 0.04076086956521739 0.18450560652395515 0.01766304347826087 0.20285423037716616
49 0 0.49439347604485223 0.006793478260869565 0.4974515800203874 0.057065217391304345 0.5596330275229359 0.1358695652173913 0.6676860346585117 0.16304347826086957 0.6962283384301733 0.19021739130434784 0.7094801223241591 0.22418478260869565 0.7043832823649337 0.30027173913043476 0.6687054026503568 0.5883152173913043 0.5586136595310907 0.6127717391304348 0.5524974515800204 0.6277173913043479 0.5443425076452599 0.6331521739130435 0.5341488277268094 0.6304347826086956 0.5137614678899083 0.6141304347826086 0.472986748216106 0.59375 0.4444444444444445 0.5855978260869565 0.4525993883792049 0.5760869565217391 0.47910295616717635 0.5339673913043479 0.5249745158002039 0.48641304347826086 0.5606523955147809 0.47690217391304346 0.563710499490316 0.4633152173913043 0.561671763506626 0.42119565217391297 0.6044852191641182 0.389945652173913 0.6167176350662589 0.360054347826087 0.6044852191641182 0.3505434782608695 0.617737003058104 0.327445652173913 0.63506625891947 0.30978260869565216 0.6585117227319063 0.29483695652173914 0.6574923547400612 0.27989130434782605 0.63506625891947 0.27445652173913043 0.6340468909276249 0.24048913043478262 0.6788990825688074 0.22282608695652173 0.6850152905198776 0.21603260869565216 0.6931702344546381 0.19701086956521738 0.6941896024464832 0.19157608695652173 0.6819571865443426 0.18342391304347824 0.6768603465851173 0.1766304347826087 0.6554536187563711 0.1671195652173913 0.6503567787971458 0.14130434782608697 0.6146788990825688 0.1644021739130435 0.5779816513761469 0.1644021739130435 0.5494393476044852 0.15353260869565216 0.5239551478083588 0.11548913043478262 0.48725790010193687 0.01766304347826087 0.4281345565749236 0.001358695652173913 0.4057084607543323 0 0.49439347604485223
0 0.625 0.4841997961264016 0.639945652173913 0.5229357798165137 0.6426630434782609 0.563710499490316 0.7296195652173914 0.5688073394495413 0.7540760869565217 0.562691131498471 0.7744565217391304 0.562691131498471 0.8315217391304348 0.5688073394495413 0.8654891304347826 0.581039755351682 0.951086956521739 0.5891946992864424 0.9891304347826086 0.5840978593272171 0.9945652173913043 0.5790010193679919 0.9959239130434783 0.5382262996941896 0.9836956521739131 0.48725790010193687 0.9660326086956521 0.45158002038735984 0.9402173913043479 0.43527013251783897 0.8817934782608695 0.4250764525993884 0.7989130434782609 0.42609582059123347 0.7092391304347826 0.4393476044852192 0.6630434782608695 0.45158002038735984 0.6277173913043479 0.4678899082568807 0.625 0.4841997961264016
2 0 0.39857288481141695 0.02717391304347826 0.4322120285423038 0.10461956521739131 0.47604485219164117 0.14130434782608697 0.5045871559633028 0.15625 0.5229357798165137 0.1671195652173913 0.54638124362895 0.16847826086956522 0.5677879714576963 0.16576086956521738 0.5830784913353722 0.1480978260869565 0.6044852191641182 0.1480978260869565 0.6187563710499491 0.19429347826086957 0.6778797145769623 0.20516304347826084 0.6839959225280327 0.22010869565217392 0.6829765545361876 0.24864130434782608 0.6646279306829765 0.2703804347826087 0.6330275229357798 0.2839673913043478 0.6004077471967381 0.2839673913043478 0.5677879714576963 0.26358695652173914 0.5178389398572885 0.20516304347826084 0.43832823649337416 0.08967391304347826 0.34046890927624873 0.05842391304347826 0.308868501529052 0.001358695652173913 0.2640163098878695 0 0.39857288481141695
2 0.016304347826086956 0.2670744138634047 0.025815217391304345 0.27930682976554533 0.21059782608695649 0.4413863404689093 0.24320652173913043 0.48114169215086644 0.27989130434782605 0.54638124362895 0.2866847826086957 0.5922528032619776 0.27717391304347827 0.6258919469928644 0.2921195652173913 0.6523955147808359 0.3016304347826087 0.6574923547400612 0.3152173913043478 0.6503567787971458 0.3192934782608695 0.6401630988786953 0.3532608695652174 0.6065239551478083 0.3695652173913043 0.562691131498471 0.3695652173913043 0.5433231396534148 0.358695652173913 0.5015290519877676 0.33152173913043476 0.4525993883792049 0.26766304347826086 0.3700305810397554 0.11548913043478262 0.23751274209989806 0.07065217391304349 0.22120285423037717 0.03668478260869565 0.22120285423037717 0.006793478260869565 0.2344546381243629 0.016304347826086956 0.2670744138634047
2 0.09646739130434782 0.20897043832823653 0.10733695652173914 0.2140672782874618 0.1263586956521739 0.2466870540265036 0.1875 0.29357798165137616 0.3383152173913043 0.44036697247706424 0.3505434782608695 0.4617737003058104 0.37228260869565216 0.5443425076452599 0.37228260869565216 0.5667686034658512 0.3641304347826087 0.5963302752293578 0.3777173913043478 0.6146788990825688 0.39402173913043476 0.6136595310907238 0.41847826086956524 0.6024464831804281 0.45108695652173914 0.5739041794087666 0.47146739130434784 0.5290519877675841 0.46603260869565216 0.48725790010193687 0.45652173913043476 0.4709480122324159 0.45108695652173914 0.4454638124362895 0.41983695652173914 0.39551478083588176 0.39402173913043476 0.3608562691131499 0.22690217391304346 0.2120285423037717 0.19972826086956522 0.19775739041794088 0.12092391304347824 0.17329255861365953 0.10869565217391304 0.1743119266055046 0.10054347826086955 0.18858307849133538 0.09646739130434782 0.20897043832823653
2 0.2323369565217391 0.20998980632008157 0.2391304347826087 0.21916411824668708 0.3872282608695652 0.3516819571865443 0.41440217391304346 0.381243628950051 0.45108695652173914 0.4413863404689093 0.46603260869565216 0.48114169215086644 0.4741847826086956 0.5178389398572885 0.46603260869565216 0.5535168195718654 0.47010869565217395 0.5596330275229359 0.4796195652173913 0.5606523955147809 0.49184782608695654 0.5535168195718654 0.5108695652173914 0.5321100917431193 0.5339673913043479 0.4709480122324159 0.529891304347826 0.4271151885830785 0.5054347826086956 0.36595310907237516 0.46875 0.32008154943934763 0.42934782608695654 0.28236493374108057 0.3668478260869565 0.24566768603465855 0.28260869565217395 0.18756371049949033 0.2717391304347826 0.1834862385321101 0.25815217391304346 0.18654434250764526 0.23777173913043476 0.1946992864424057 0.23505434782608697 0.199796126401631 0.2323369565217391 0.20998980632008157
2 0.3029891304347826 0.16106014271151886 0.3233695652173913 0.21100917431192662 0.36277173913043476 0.24159021406727826 0.4279891304347826 0.27930682976554533 0.47010869565217395 0.32008154943934763 0.5163043478260869 0.38022426095820594 0.532608695652174 0.4281345565749236 0.5366847826086956 0.46687054026503566 0.5285326086956521 0.4974515800203874 0.5095108695652174 0.5331294597349643 0.514945652173913 0.5361875637104995 0.5679347826086956 0.4831804281345565 0.5883152173913043 0.4454638124362895 0.59375 0.4026503567787971 0.5760869565217391 0.3363914373088685 0.53125 0.2691131498470948 0.41983695652173914 0.16106014271151886 0.37228260869565216 0.12742099898063203 0.34375 0.13353720693170235 0.29891304347826086 0.13353720693170235 0.3029891304347826 0.16106014271151886
8 0.6032608695652174 0.3149847094801223 0.6114130434782609 0.32619775739041795 0.626358695652174 0.33333333333333337 0.669836956521739 0.33537206931702346 0.6929347826086956 0.3221202854230377 0.6915760869565217 0.2996941896024465 0.6644021739130435 0.28236493374108057 0.6290760869565217 0.2782874617737003 0.6127717391304348 0.28440366972477066 0.6046195652173914 0.2925586136595311 0.6032608695652174 0.3149847094801223
8 0.6603260869565217 0.43527013251783897 0.6684782608695652 0.4475025484199796 0.748641304347826 0.42915392456676865 0.7391304347826086 0.40876656472986744 0.7092391304347826 0.399592252803262 0.6929347826086956 0.399592252803262 0.6739130434782609 0.40672782874617736 0.6603260869565217 0.4209989806320082 0.6603260869565217 0.43527013251783897
8 0.595108695652174 0.4342507645259939 0.6019021739130435 0.43832823649337416 0.6277173913043479 0.42915392456676865 0.638586956521739 0.40672782874617736 0.6331521739130435 0.39143730886850153 0.623641304347826 0.382262996941896 0.6100543478260869 0.37716615698267075 0.59375 0.3781855249745158 0.595108695652174 0.4342507645259939
8 0.6046195652173914 0.37410805300713557 0.6304347826086956 0.3853211009174312 0.6603260869565217 0.38634046890927626 0.6766304347826086 0.381243628950051 0.6915760869565217 0.36187563710499493 0.6834239130434783 0.34454638124362896 0.6521739130434783 0.3343527013251784 0.6168478260869565 0.3363914373088685 0.5991847826086956 0.3516819571865443 0.6046195652173914 0.37410805300713557
8 0.686141304347826 0.382262996941896 0.6929347826086956 0.3944954128440367 0.7350543478260869 0.4057084607543323 0.7622282608695652 0.399592252803262 0.7730978260869565 0.38634046890927626 0.7717391304347826 0.36799184505606525 0.7540760869565217 0.35474006116207957 0.7105978260869565 0.34964322120285424 0.6970108695652174 0.3557594291539246 0.688858695652174 0.3690112130479103 0.686141304347826 0.382262996941896
8 0.7527173913043479 0.3516819571865443 0.7690217391304348 0.36289500509684 0.779891304347826 0.38022426095820594 0.8043478260869564 0.381243628950051 0.8274456521739131 0.36289500509684 0.8247282608695652 0.33741080530071355 0.8097826086956521 0.32619775739041795 0.779891304347826 0.32619775739041795 0.764945652173913 0.33231396534148827 0.7540760869565217 0.34454638124362896 0.7527173913043479 0.3516819571865443
8 0.5421195652173914 0.27930682976554533 0.5434782608695652 0.2864424057084608 0.5801630434782609 0.33537206931702346 0.5991847826086956 0.31600407747196735 0.5978260869565217 0.29561671763506625 0.5760869565217391 0.2782874617737003 0.5475543478260869 0.27726809378185524 0.5421195652173914 0.27930682976554533
8 0.7554347826086956 0.4281345565749236 0.763586956521739 0.4301732925586137 0.8138586956521738 0.4250764525993884 0.8192934782608695 0.41794087665647306 0.8111413043478259 0.41080530071355764 0.7785326086956521 0.4077471967380224 0.764945652173913 0.4128440366972478 0.7567934782608695 0.42201834862385323 0.7554347826086956 0.4281345565749236