50 0.703125 0.2578125 0.709375 0.2671875 0.709375 0.2734375 0.7171875 0.29375 0.7171875 0.303125 0.7234375 0.31875 0.728125 0.3421875 0.7328125 0.35625 0.7375 0.3609375 0.7390625 0.371875 0.746875 0.39375 0.7484375 0.41875 0.7515625 0.4234375 0.7515625 0.4390625 0.75 0.440625 0.7515625 0.4515625 0.746875 0.4546875 0.7109375 0.453125 0.7 0.45 0.68125 0.4390625 0.6671875 0.428125 0.6515625 0.403125 0.640625 0.390625 0.6359375 0.3796875 0.6359375 0.3703125 0.6296875 0.3484375 0.6296875 0.309375 0.628125 0.3078125 0.628125 0.3 0.6359375 0.2734375 0.653125 0.2609375 0.675 0.2546875 0.6921875 0.2546875 0.7015625 0.2578125
50 0.7015625 0.45625 0.7109375 0.45625 0.71875 0.459375 0.75625 0.459375 0.759375 0.475 0.759375 0.496875 0.740625 0.4921875 0.7390625 0.4890625 0.73125 0.4890625 0.728125 0.4859375 0.7125 0.4859375 0.7 0.4921875 0.678125 0.4984375 0.671875 0.4953125 0.6671875 0.4890625 0.665625 0.46875 0.66875 0.4671875 0.671875 0.475 0.678125 0.475 0.6828125 0.46875 0.6859375 0.46875 0.69375 0.4625 0.7 0.4625 0.703125 0.459375 0.7015625 0.4578125
50 0.634375 0.39375 0.6421875 0.3984375 0.65 0.4078125 0.6546875 0.4171875 0.6546875 0.421875 0.6609375 0.43125 0.6609375 0.4921875 0.659375 0.5046875 0.6546875 0.5140625 0.6546875 0.521875 0.6484375 0.534375 0.6453125 0.559375 0.634375 0.5859375 0.6234375 0.5921875 0.6109375 0.5921875 0.5953125 0.5875 0.56875 0.5890625 0.553125 0.5828125 0.53125 0.5796875 0.521875 0.56875 0.521875 0.5640625 0.515625 0.553125 0.515625 0.546875 0.521875 0.5234375 0.5421875 0.475 0.546875 0.465625 0.553125 0.4609375 0.5625 0.446875 0.5765625 0.4171875 0.5875 0.4046875 0.6078125 0.3921875 0.6265625 0.390625 0.6328125 0.39375
50 0.6046875 0.6859375 0.60625 0.6890625 0.603125 0.6953125 0.603125 0.703125 0.5859375 0.7203125 0.571875 0.715625 0.5671875 0.7171875 0.5453125 0.715625 0.5265625 0.7203125 0.5046875 0.721875 0.503125 0.715625 0.5375 0.6984375 0.54375 0.6984375 0.546875 0.6953125 0.603125 0.6875
50 0.603125 0.290625 0.6125 0.29375 0.6234375 0.3046875 0.6265625 0.321875 0.628125 0.359375 0.63125 0.375 0.634375 0.3796875 0.634375 0.3859375 0.6328125 0.3875 0.6125 0.3875 0.5625 0.40625 0.54375 0.40625 0.5421875 0.4078125 0.5359375 0.40625 0.5203125 0.4125 0.509375 0.4140625 0.484375 0.4109375 0.4640625 0.4125 0.459375 0.4078125 0.459375 0.3984375 0.44375 0.3875 0.4421875 0.384375 0.4421875 0.3765625 0.4484375 0.3640625 0.4703125 0.34375 0.4859375 0.3375 0.49375 0.33125 0.53125 0.3125 0.5359375 0.3125 0.546875 0.30625 0.5515625 0.30625 0.553125 0.303125 0.559375 0.303125 0.5625 0.3 0.5796875 0.29375 0.6015625 0.290625
50 0.721875 0.4875 0.728125 0.490625 0.734375 0.490625 0.7515625 0.5 0.759375 0.5015625 0.765625 0.5125 0.76875 0.534375 0.759375 0.5515625 0.75625 0.5640625 0.7484375 0.5734375 0.7484375 0.5765625 0.7390625 0.5859375 0.7375 0.5921875 0.728125 0.6 0.7125 0.6203125 0.7015625 0.6265625 0.69375 0.6359375 0.675 0.6484375 0.65625 0.65625 0.6328125 0.675 0.6140625 0.6796875 0.6046875 0.678125 0.603125 0.675 0.5890625 0.665625 0.584375 0.665625 0.575 0.6609375 0.553125 0.646875 0.5515625 0.6421875 0.553125 0.61875 0.5578125 0.603125 0.5671875 0.59375 0.5734375 0.5921875 0.5984375 0.5921875 0.621875 0.5953125 0.634375 0.590625 0.64375 0.575 0.6515625 0.5359375 0.65625 0.528125 0.659375 0.515625 0.6734375 0.5046875 0.6765625 0.5046875 0.678125 0.5015625 0.6953125 0.496875 0.70625 0.490625 0.7203125 0.4875
50 0.7953125 0.3109375 0.8203125 0.315625 0.8328125 0.321875 0.8421875 0.3328125 0.853125 0.3578125 0.859375 0.3953125 0.8578125 0.4421875 0.853125 0.465625 0.8421875 0.4875 0.8328125 0.5 0.83125 0.50625 0.8109375 0.5234375 0.8078125 0.53125 0.8015625 0.5328125 0.78125 0.5328125 0.771875 0.5203125 0.771875 0.509375 0.76875 0.503125 0.7625 0.4984375 0.759375 0.46875 0.7609375 0.4484375 0.7578125 0.440625 0.7578125 0.43125 0.75 0.396875 0.75 0.3796875 0.746875 0.36875 0.740625 0.3625 0.740625 0.3578125 0.7375 0.3546875 0.7328125 0.3421875 0.7328125 0.3359375 0.7296875 0.33125 0.7296875 0.3203125 0.7328125 0.31875 0.7578125 0.31875 0.771875 0.3125 0.79375 0.3109375
50 0.5859375 0.4015625 0.5875 0.4015625 0.5828125 0.40625 0.5828125 0.409375 0.571875 0.4203125 0.571875 0.425 0.565625 0.43125 0.559375 0.4484375 0.5515625 0.459375 0.54375 0.4640625 0.5390625 0.4609375 0.53125 0.4609375 0.5296875 0.4578125 0.521875 0.4546875 0.50625 0.43125 0.50625 0.4203125 0.509375 0.4171875 0.5265625 0.4109375 0.571875 0.4078125 0.584375 0.4015625
50 0.4875 0.4125 0.5 0.4140625 0.5046875 0.4171875 0.5046875 0.428125 0.509375 0.4390625 0.4921875 0.4390625 0.4875 0.4359375 0.4796875 0.4359375 0.478125 0.4328125 0.4703125 0.4296875 0.465625 0.425 0.4546875 0.421875 0.4625 0.4140625 0.4734375 0.4109375 0.4859375 0.4125
50 0.5734375 0.7125 0.5828125 0.715625 0.5890625 0.728125 0.5984375 0.728125 0.609375 0.721875 0.625 0.7203125 0.6375 0.721875 0.6734375 0.7375 0.68125 0.7453125 0.68125 0.75 0.665625 0.7609375 0.6328125 0.7671875 0.575 0.7875 0.5453125 0.79375 0.503125 0.809375 0.496875 0.809375 0.48125 0.815625 0.4734375 0.815625 0.440625 0.825 0.428125 0.825 0.4171875 0.81875 0.40625 0.8078125 0.4 0.7921875 0.4 0.784375 0.4078125 0.76875 0.4234375 0.759375 0.428125 0.753125 0.4390625 0.7453125 0.4484375 0.740625 0.465625 0.7375 0.46875 0.734375 0.4765625 0.734375 0.5015625 0.7171875 0.5109375 0.7140625 0.5140625 0.7140625 0.509375 0.7171875 0.5078125 0.7203125 0.509375 0.721875 0.515625 0.7203125 0.5203125 0.721875 0.525 0.71875 0.540625 0.71875 0.546875 0.715625 0.571875 0.715625 0.5734375 0.7140625
50 0.8953125 0.48125 0.9015625 0.484375 0.915625 0.5 0.925 0.5046875 0.9203125 0.509375 0.9171875 0.509375 0.915625 0.5125 0.9 0.521875 0.89375 0.528125 0.8796875 0.534375 0.865625 0.54375 0.8640625 0.546875 0.846875 0.55625 0.8421875 0.5625 0.8234375 0.5703125 0.8 0.5859375 0.7953125 0.5859375 0.7859375 0.5921875 0.78125 0.5921875 0.7796875 0.5953125 0.7625 0.6015625 0.7546875 0.6078125 0.74375 0.6125 0.7390625 0.6125 0.7359375 0.609375 0.734375 0.6 0.7578125 0.5671875 0.7609375 0.55625 0.7734375 0.5359375 0.796875 0.5375 0.8109375 0.534375 0.8140625 0.53125 0.8140625 0.5234375 0.834375 0.50625 0.834375 0.5015625 0.846875 0.484375 0.853125 0.484375 0.8578125 0.48125 0.89375 0.48125
50 0.8578125 0.56875 0.8703125 0.575 0.88125 0.5859375 0.884375 0.5921875 0.8828125 0.6109375 0.859375 0.6390625 0.8328125 0.6625 0.825 0.665625 0.8203125 0.671875 0.8078125 0.68125 0.771875 0.703125 0.7703125 0.70625 0.7578125 0.7125 0.746875 0.7140625 0.7140625 0.7265625 0.7046875 0.7265625 0.6984375 0.7296875 0.6875 0.7296875 0.6765625 0.7328125 0.65625 0.728125 0.64375 0.7203125 0.6296875 0.7171875 0.6265625 0.7140625 0.6125 0.7171875 0.5984375 0.7265625 0.5921875 0.7234375 0.59375 0.715625 0.6046875 0.70625 0.6046875 0.696875 0.6078125 0.6921875 0.6171875 0.6890625 0.659375 0.6578125 0.6640625 0.6578125 0.6671875 0.6546875 0.684375 0.6484375 0.6890625 0.64375 0.8015625 0.5875 0.803125 0.584375 0.81875 0.578125 0.8265625 0.571875 0.834375 0.5703125 0.8421875 0.565625 0.85 0.565625 0.85625 0.56875
50 0.8390625 0.2671875 0.8640625 0.2828125 0.8828125 0.309375 0.8859375 0.3171875 0.8953125 0.328125 0.8953125 0.3328125 0.9 0.3375 0.9046875 0.3484375 0.915625 0.3609375 0.9296875 0.390625 0.9328125 0.3921875 0.9359375 0.3984375 0.94375 0.4265625 0.9421875 0.434375 0.9359375 0.4421875 0.93125 0.4421875 0.9140625 0.4515625 0.9046875 0.453125 0.8734375 0.4515625 0.8671875 0.4546875 0.8609375 0.4546875 0.8625 0.3828125 0.859375 0.378125 0.8546875 0.353125 0.84375 0.33125 0.8328125 0.3203125 0.821875 0.3140625 0.796875 0.3078125 0.7734375 0.3078125 0.7734375 0.296875 0.7765625 0.2890625 0.78125 0.28125 0.79375 0.2703125 0.8015625 0.2671875 0.815625 0.2671875 0.8203125 0.2703125 0.8375 0.2671875
50 0.6640625 0.4296875 0.6984375 0.453125 0.7109375 0.45625 0.7125 0.459375 0.70625 0.4609375 0.7 0.4671875 0.6828125 0.4765625 0.675 0.4765625 0.665625 0.48125 0.6640625 0.43125
21 0.19293478260869565 0.6194415718717684 0.20516304347826084 0.6577042399172699 0.22282608695652173 0.688728024819028 0.2608695652173913 0.7218200620475698 0.3029891304347826 0.7394002068252327 0.3641304347826087 0.7445708376421923 0.4157608695652174 0.7362978283350569 0.47690217391304346 0.6980351602895553 0.5163043478260869 0.6525336091003102 0.5271739130434783 0.5987590486039297 0.5244565217391304 0.5801447776628749 0.5067934782608695 0.5501551189245089 0.5054347826086956 0.5356773526370218 0.4592391304347826 0.500517063081696 0.4307065217391305 0.49224405377456054 0.35190217391304346 0.48086866597724925 0.2866847826086957 0.4912099276111686 0.23777173913043476 0.5222337125129266 0.2214673913043478 0.5377456049638056 0.20516304347826084 0.5573940020682524 0.19701086956521738 0.5791106514994829 0.19293478260869565 0.6194415718717684
21 0.14945652173913043 0.35677352637021714 0.15625 0.375387797311272 0.16983695652173914 0.39400206825232675 0.2010869565217391 0.421923474663909 0.24048913043478262 0.4415718717683557 0.28940217391304346 0.44777662874870733 0.3505434782608695 0.4405377456049638 0.38315217391304346 0.42916235780765255 0.42119565217391297 0.40847983453981385 0.43614130434782605 0.39089968976215095 0.4429347826086956 0.3650465356773526 0.4633152173913043 0.344364012409514 0.46603260869565216 0.32264736297828334 0.4538043478260869 0.29265770423991727 0.42119565217391297 0.25749741468459153 0.375 0.2378490175801448 0.3383152173913043 0.23474663908996898 0.2758152173913043 0.2440537745604964 0.23505434782608697 0.25749741468459153 0.2010869565217391 0.27507755946225443 0.16576086956521738 0.30610134436401243 0.15081521739130435 0.3360910031023785 0.14945652173913043 0.35677352637021714
21 0.19429347826086957 0.5418821096173734 0.20244565217391303 0.5573940020682524 0.23097826086956524 0.5253360910031024 0.266304347826087 0.500517063081696 0.31657608695652173 0.4819027921406412 0.3505434782608695 0.4788004136504654 0.43614130434782605 0.4912099276111686 0.4646739130434782 0.499482936918304 0.4945652173913043 0.5232678386763185 0.5027173913043479 0.5191313340227508 0.5054347826086956 0.4943123061013444 0.4850543478260869 0.44570837642192346 0.47010869565217395 0.43123061013443637 0.45244565217391297 0.4250258531540848 0.4415760869565217 0.4126163391933816 0.4266304347826087 0.4074457083764219 0.39402173913043476 0.4270941054808687 0.3532608695652174 0.4436401240951396 0.31385869565217395 0.45087900723888313 0.27853260869565216 0.45191313340227507 0.24456521739130435 0.44777662874870733 0.21603260869565216 0.46949327817993797 0.19429347826086957 0.5139607032057911 0.19429347826086957 0.5418821096173734
21 0.16847826086956522 0.4136504653567735 0.17391304347826086 0.4301964839710445 0.20380434782608697 0.48397104446742506 0.21467391304347827 0.46949327817993797 0.24456521739130435 0.44570837642192346 0.21603260869565216 0.43329886246122024 0.17119565217391303 0.39710444674250256 0.16847826086956522 0.4136504653567735