52 0.22010869565217392 0.7166156982670745 0.23369565217391303 0.7522935779816514 0.24728260869565216 0.7686034658511722 0.2703804347826087 0.7757390417940877 0.3043478260869565 0.7716615698267074 0.40760869565217395 0.7420998980632009 0.44021739130434784 0.72782874617737 0.4483695652173913 0.7176350662589195 0.4470108695652174 0.7023445463812437 0.43885869565217395 0.6921508664627931 0.3967391304347826 0.6697247706422018 0.35190217391304346 0.6340468909276249 0.31385869565217395 0.6248725790010193 0.27853260869565216 0.6299694189602446 0.24456521739130435 0.6472986748216106 0.23505434782608697 0.6574923547400612 0.2391304347826087 0.6707441386340469 0.2214673913043478 0.7003058103975535 0.22010869565217392 0.7166156982670745
52 0.5081521739130435 0.9255861365953109 0.5 0.9388379204892967 0.501358695652174 0.9602446483180428 0.5081521739130435 0.9734964322120285 0.5434782608695652 0.998980632008155 0.6019021739130435 0.998980632008155 0.6127717391304348 0.9877675840978594 0.6508152173913043 0.9734964322120285 0.6657608695652174 0.9602446483180428 0.6684782608695652 0.9378185524974516 0.6508152173913043 0.9133537206931702 0.626358695652174 0.8868501529051989 0.6019021739130435 0.872579001019368 0.5760869565217391 0.8715596330275229 0.563858695652174 0.8756371049949031 0.5258152173913043 0.8960244648318044 0.5067934782608695 0.9143730886850154 0.5081521739130435 0.9255861365953109
52 0.1983695652173913 0.8654434250764526 0.2622282608695652 0.9286442405708462 0.27853260869565216 0.9388379204892967 0.29891304347826086 0.9439347604485219 0.33152173913043476 0.9388379204892967 0.389945652173913 0.8868501529051989 0.4008152173913043 0.8695208970438328 0.39945652173913043 0.8481141692150868 0.3817934782608695 0.8144750254841998 0.36141304347826086 0.8002038735983691 0.31385869565217395 0.7889908256880734 0.27445652173913043 0.7930682976554537 0.25 0.8012232415902141 0.21603260869565216 0.8267074413863404 0.19701086956521738 0.8501529051987768 0.1983695652173913 0.8654434250764526
52 0.41440217391304346 0.8460754332313967 0.43478260869565216 0.8654434250764526 0.44565217391304346 0.8674821610601426 0.4741847826086956 0.8634046890927625 0.5394021739130435 0.8399592252803263 0.561141304347826 0.8165137614678899 0.5597826086956521 0.799184505606524 0.546195652173913 0.7777777777777778 0.5122282608695652 0.7543323139653415 0.4850543478260869 0.746177370030581 0.4619565217391305 0.7471967380224261 0.44021739130434784 0.7573904179408767 0.4279891304347826 0.7757390417940877 0.4279891304347826 0.8002038735983691 0.4130434782608695 0.8287461773700306 0.41440217391304346 0.8460754332313967
52 0.7051630434782609 0.8419979612640164 0.7119565217391304 0.8593272171253823 0.7676630434782609 0.9031600407747197 0.7989130434782609 0.9347604485219165 0.8152173913043479 0.945973496432212 0.830163043478261 0.9500509683995922 0.8451086956521738 0.9490316004077473 0.861413043478261 0.9408766564729868 0.8804347826086957 0.9082568807339451 0.8845108695652174 0.8848114169215087 0.8967391304347826 0.8654434250764526 0.9035326086956521 0.8419979612640164 0.90625 0.8063200815494393 0.8913043478260869 0.7838939857288482 0.8668478260869564 0.7686034658511722 0.8288043478260869 0.764525993883792 0.8097826086956521 0.7767584097859327 0.8029891304347826 0.8012232415902141 0.7418478260869565 0.7920489296636086 0.7146739130434783 0.8063200815494393 0.7065217391304348 0.8226299694189603 0.7051630434782609 0.8419979612640164
52 0.5652173913043479 0.7737003058103975 0.5706521739130435 0.7920489296636086 0.5842391304347826 0.8073394495412843 0.6046195652173914 0.8175331294597349 0.6616847826086956 0.8216106014271153 0.6793478260869565 0.8083588175331295 0.7078804347826086 0.8063200815494393 0.7391304347826086 0.7900101936799185 0.7581521739130435 0.7563710499490316 0.7540760869565217 0.7370030581039756 0.7404891304347826 0.7217125382262998 0.626358695652174 0.6595310907237513 0.5991847826086956 0.6615698267074415 0.5842391304347826 0.6697247706422018 0.577445652173913 0.6799184505606524 0.5652173913043479 0.7737003058103975
52 0.46739130434782605 0.5586136595310907 0.48233695652173914 0.5861365953109072 0.5135869565217391 0.6371049949031601 0.5394021739130435 0.6554536187563711 0.5747282608695652 0.6523955147808359 0.6046195652173914 0.6371049949031601 0.6195652173913043 0.6156982670744139 0.671195652173913 0.5688073394495413 0.6915760869565217 0.5382262996941896 0.6902173913043479 0.5249745158002039 0.6807065217391304 0.5096839959225281 0.6494565217391304 0.4933741080530072 0.625 0.48929663608562696 0.5720108695652174 0.5015290519877676 0.5394021739130435 0.4913353720693171 0.5095108695652174 0.490316004077472 0.48777173913043476 0.4974515800203874 0.4646739130434782 0.5219164118246687 0.46739130434782605 0.5586136595310907
52 0.33967391304347827 0.5677879714576963 0.34510869565217395 0.580020387359837 0.39266304347826086 0.6340468909276249 0.41983695652173914 0.6391437308868502 0.45108695652173914 0.6269113149847094 0.46739130434782605 0.6085626911314985 0.47690217391304346 0.5871559633027523 0.47690217391304346 0.5779816513761469 0.45516304347826086 0.5331294597349643 0.41983695652173914 0.527013251783894 0.40625 0.5361875637104995 0.389945652173913 0.5392456676860347 0.3817934782608695 0.5300713557594292 0.37228260869565216 0.528032619775739 0.35733695652173914 0.5351681957186545 0.34103260869565216 0.5504587155963303 0.33967391304347827 0.5677879714576963
52 0.751358695652174 0.6768603465851173 0.751358695652174 0.6921508664627931 0.7595108695652174 0.7013251783893986 0.7758152173913043 0.708460754332314 0.8899456521739131 0.7115188583078492 0.9089673913043479 0.7033639143730887 0.9266304347826086 0.6870540265035678 0.9252717391304348 0.6625891946992865 0.9035326086956521 0.6289500509683996 0.8532608695652174 0.598369011213048 0.8396739130434783 0.5953109072375128 0.8070652173913043 0.598369011213048 0.7880434782608695 0.6126401630988787 0.7717391304347826 0.63506625891947 0.751358695652174 0.6768603465851173
52 0.751358695652174 0.5586136595310907 0.7581521739130435 0.5749235474006117 0.7730978260869565 0.5851172273190622 0.8029891304347826 0.5790010193679919 0.861413043478261 0.5484199796126401 0.8872282608695652 0.5300713557594292 0.8967391304347826 0.5147808358817534 0.8940217391304348 0.5015290519877676 0.875 0.4801223241590214 0.8369565217391305 0.46381243628950053 0.7758152173913043 0.4658511722731906 0.7608695652173914 0.4740061162079511 0.7472826086956521 0.49235474006116214 0.751358695652174 0.5586136595310907
52 0.5434782608695652 0.4617737003058104 0.5543478260869565 0.4801223241590214 0.563858695652174 0.4852191641182467 0.5883152173913043 0.4831804281345565 0.6875 0.43730886850152906 0.7105978260869565 0.42201834862385323 0.7214673913043479 0.40672782874617736 0.7214673913043479 0.38328236493374107 0.7078804347826086 0.36595310907237516 0.6970108695652174 0.3608562691131499 0.669836956521739 0.3608562691131499 0.638586956521739 0.3425076452599388 0.577445652173913 0.3414882772680938 0.561141304347826 0.3476044852191641 0.5434782608695652 0.36595310907237516 0.5434782608695652 0.4617737003058104
52 0 0.7686034658511722 0 0.8868501529051989 0.03804347826086956 0.906218144750255 0.07065217391304349 0.9082568807339451 0.09510869565217392 0.9041794087665649 0.14266304347826086 0.8766564729867483 0.16032608695652173 0.8613659531090724 0.21875 0.7971457696228339 0.22418478260869565 0.7757390417940877 0.21875 0.7675840978593272 0.20516304347826084 0.7614678899082569 0.12907608695652173 0.7573904179408767 0.08423913043478261 0.7482161060142711 0.057065217391304345 0.7471967380224261 0.025815217391304345 0.7563710499490316 0 0.7686034658511722
52 0.01358695652173913 0.5953109072375128 0.02921195652173913 0.6498470948012233 0.01766304347826087 0.6615698267074415 0.01766304347826087 0.6687054026503568 0.03668478260869565 0.6921508664627931 0.0625 0.7013251783893986 0.10054347826086955 0.6972477064220184 0.12771739130434784 0.6860346585117227 0.16983695652173914 0.654434250764526 0.22010869565217392 0.6258919469928644 0.23505434782608697 0.599388379204893 0.23369565217391303 0.5922528032619776 0.21875 0.582059123343527 0.08423913043478261 0.5575942915392457 0.04891304347826087 0.5565749235474006 0.029891304347826088 0.5657492354740061 0.01766304347826087 0.5779816513761469 0.01358695652173913 0.5953109072375128
52 0.05163043478260869 0.5290519877675841 0.06385869565217392 0.5443425076452599 0.08288043478260869 0.5545361875637105 0.10190217391304349 0.5586136595310907 0.2214673913043478 0.5555555555555556 0.24048913043478262 0.5484199796126401 0.25679347826086957 0.5290519877675841 0.2554347826086957 0.5035677879714577 0.21739130434782608 0.44342507645259943 0.19701086956521738 0.4250764525993884 0.17119565217391303 0.41692150866462796 0.1467391304347826 0.41692150866462796 0.10054347826086955 0.42609582059123347 0.09375 0.43527013251783897 0.09782608695652174 0.46279306829765543 0.09058016304347825 0.4763843017329257 0.07880434782608695 0.4852191641182467 0.0625 0.48929663608562696 0.05027173913043478 0.5015290519877676 0.05163043478260869 0.5290519877675841
52 0 0.45361875637105 0.03260869565217391 0.46075433231396534 0.09239130434782608 0.46279306829765543 0.09646739130434782 0.45361875637105 0.09239130434782608 0.44036697247706424 0.10326086956521738 0.42303771661569833 0.125 0.41794087665647306 0.11141304347826086 0.3730886850152905 0.09239130434782608 0.35881753312945974 0.0733695652173913 0.35372069317023447 0.028532608695652172 0.35372069317023447 0.002717391304347826 0.36187563710499493 0 0.45361875637105
52 0 0.5861365953109072 0.01358695652173913 0.582059123343527 0.021739130434782608 0.5698267074413864 0.05298913043478261 0.5524974515800204 0.03940217391304347 0.5290519877675841 0.001358695652173913 0.5117227319062182 0 0.5861365953109072
52 0.2214673913043478 0.4444444444444445 0.2296195652173913 0.4566768603465851 0.27853260869565216 0.49439347604485223 0.3192934782608695 0.5188583078491336 0.36141304347826086 0.5229357798165137 0.37907608695652173 0.5168195718654435 0.39266304347826086 0.49847094801223246 0.4116847826086956 0.44954128440366975 0.41983695652173914 0.4118246687054027 0.41440217391304346 0.39653414882772686 0.40625 0.3893985728848114 0.38858695652173914 0.381243628950051 0.3695652173913043 0.37920489296636084 0.29891304347826086 0.3873598369011213 0.28260869565217395 0.39551478083588176 0.2608695652173913 0.3975535168195719 0.24456521739130435 0.4046890927624872 0.22282608695652173 0.42609582059123347 0.2214673913043478 0.4444444444444445
52 0.358695652173913 0.2803261977573904 0.3668478260869565 0.2945973496432212 0.35190217391304346 0.3068297655453619 0.3491847826086957 0.3282364933741081 0.358695652173913 0.36289500509684 0.375 0.3761467889908257 0.40353260869565216 0.3843017329255861 0.41983695652173914 0.3843017329255861 0.5217391304347826 0.36595310907237516 0.5434782608695652 0.35881753312945974 0.5652173913043479 0.33741080530071355 0.5679347826086956 0.3129459734964322 0.5597826086956521 0.29867482161060144 0.5176630434782609 0.2650356778797146 0.5027173913043479 0.24770642201834864 0.46603260869565216 0.22120285423037717 0.43478260869565216 0.20998980632008157 0.4103260869565217 0.20795107033639146 0.3858695652173913 0.22018348623853212 0.358695652173913 0.26809378185524974 0.358695652173913 0.2803261977573904
52 0.9307065217391305 0.7543323139653415 0.9388586956521738 0.7757390417940877 0.9728260869565217 0.8073394495412843 0.9986413043478259 0.8154943934760448 0.9986413043478259 0.6972477064220184 0.9660326086956521 0.7054026503567787 0.9388586956521738 0.72782874617737 0.9320652173913043 0.7400611620795108 0.9307065217391305 0.7543323139653415
52 0.9252717391304348 0.6381243628950052 0.9388586956521738 0.6574923547400612 0.9741847826086957 0.6758409785932722 0.9986413043478259 0.6809378185524975 0.9986413043478259 0.5728848114169216 0.9524456521739131 0.5830784913353722 0.9375 0.5953109072375128 0.9375 0.6095820591233435 0.9252717391304348 0.6218144750254841 0.9252717391304348 0.6381243628950052
51 0.875 0.19877675840978595 0.84375 0.2344546381243629 0.8464673913043479 0.2558613659531091 0.8559782608695652 0.2762487257900102 0.8913043478260869 0.3017329255861366 0.9714673913043479 0.34046890927624873 0.9986413043478259 0.345565749235474 0.9986413043478259 0.09785932721712538 0.9932065217391305 0.07747196738022426 0.9877717391304348 0.0764525993883792 0.9836956521739131 0.08154943934760449 0.9796195652173912 0.10091743119266054 0.9565217391304348 0.10295616717635067 0.9415760869565217 0.09887869520897044 0.9470108695652174 0.13557594291539246 0.9347826086956521 0.1416921508664628 0.9279891304347826 0.13863404689092762 0.9225543478260869 0.14984709480122324 0.8804347826086957 0.17533129459734964 0.875 0.19877675840978595
51 0.5529891304347826 0.09480122324159021 0.5665760869565217 0.1233435270132518 0.5475543478260869 0.1508664627930683 0.5529891304347826 0.22629969418960244 0.6005434782608695 0.2558613659531091 0.6182065217391304 0.2640163098878695 0.639945652173913 0.26605504587155965 0.717391304347826 0.2640163098878695 0.7296195652173914 0.25993883792048933 0.7853260869565217 0.25688073394495414 0.8233695652173912 0.24260958205912336 0.8505434782608695 0.22018348623853212 0.8641304347826086 0.1926605504587156 0.8505434782608695 0.12130479102956168 0.8274456521739131 0.07033639143730888 0.8043478260869564 0.0417940876656473 0.78125 0.027522935779816515 0.7269021739130435 0.015290519877675842 0.7038043478260869 0.017329255861365953 0.6956521739130435 0.0254841997961264 0.6725543478260869 0.02854230377166157 0.6657608695652174 0.03669724770642202 0.5625 0.07135575942915393 0.5529891304347826 0.07135575942915393 0.5516304347826086 0.0764525993883792 0.5529891304347826 0.09480122324159021
51 0.7771739130434783 0.34964322120285424 0.7839673913043478 0.3557594291539246 0.9171195652173912 0.4271151885830785 0.9279891304347826 0.4271151885830785 0.9619565217391305 0.4046890927624872 0.9646739130434783 0.3414882772680938 0.9429347826086957 0.327217125382263 0.8790760869565217 0.29867482161060144 0.8682065217391305 0.29663608562691135 0.8586956521739131 0.2996941896024465 0.8369565217391305 0.31396534148827726 0.8016304347826086 0.327217125382263 0.779891304347826 0.3425076452599388 0.7771739130434783 0.34964322120285424
51 0.5570652173913043 0.0672782874617737 0.5815217391304348 0.07849133537206932 0.6019021739130435 0.06829765545361875 0.6100543478260869 0.05606523955147809 0.6304347826086956 0.05402650356778797 0.6304347826086956 0.04689092762487258 0.639945652173913 0.03975535168195719 0.6589673913043479 0.03975535168195719 0.657608695652174 0.0326197757390418 0.669836956521739 0.02854230377166157 0.6820652173913043 0.03160040774719674 0.6956521739130435 0.02344546381243629 0.7540760869565217 0.021406727828746176 0.78125 0.027522935779816515 0.8125 0.04689092762487258 0.8138586956521738 0.06116207951070337 0.8288043478260869 0.06931702344546381 0.8410326086956521 0.1019367991845056 0.8478260869565217 0.10397553516819573 0.861413043478261 0.09174311926605505 0.8695652173913043 0.06218144750254843 0.8627717391304348 0 0.5869565217391304 0 0.5597826086956521 0.05504587155963303 0.5570652173913043 0.0672782874617737