11 0.8765625 0.440625 0.9015625 0.453125 0.909375 0.453125 0.915625 0.4578125 0.915625 0.46875 0.921875 0.4765625 0.915625 0.515625 0.903125 0.51875 0.896875 0.525 0.8921875 0.5390625 0.8796875 0.55 0.8515625 0.553125 0.8421875 0.55625 0.828125 0.55625 0.8171875 0.559375 0.7921875 0.559375 0.790625 0.5609375 0.765625 0.559375 0.7625 0.55625 0.759375 0.5578125 0.7484375 0.5484375 0.75 0.54375 0.7609375 0.534375 0.7640625 0.534375 0.7765625 0.525 0.8 0.5140625 0.80625 0.5078125 0.809375 0.5078125 0.8109375 0.5046875 0.8203125 0.5 0.8515625 0.46875 0.865625 0.4453125 0.8703125 0.440625 0.875 0.440625
11 0.415625 0 0.446875 0 0.4484375 0.003125 0.4671875 0.003125 0.46875 0 0.4890625 0 0.4921875 0.0046875 0.49375 0.0234375 0.4984375 0.0296875 0.4984375 0.0359375 0.503125 0.0421875 0.50625 0.053125 0.509375 0.084375 0.515625 0.1015625 0.5171875 0.1140625 0.525 0.125 0.5359375 0.1328125 0.5453125 0.14375 0.5484375 0.14375 0.55 0.146875 0.578125 0.165625 0.5890625 0.1671875 0.6078125 0.1765625 0.628125 0.1796875 0.63125 0.1828125 0.646875 0.1875 0.6546875 0.1875 0.6609375 0.190625 0.671875 0.190625 0.6859375 0.196875 0.69375 0.196875 0.7046875 0.1828125 0.7171875 0.1796875 0.7390625 0.1796875 0.7421875 0.1828125 0.740625 0.190625 0.7421875 0.2078125 0.734375 0.2203125 0.734375 0.225 0.7375 0.2265625 0.7359375 0.23125 0.7390625 0.2421875 0.7328125 0.2453125 0.7328125 0.25 0.7375 0.2546875 0.73125 0.2609375 0.725 0.2625 0.725 0.2765625 0.71875 0.2859375 0.709375 0.2890625 0.6921875 0.2890625 0.690625 0.290625 0.6859375 0.2890625 0.6671875 0.290625 0.6515625 0.2875 0.640625 0.2890625 0.625 0.2859375 0.6125 0.290625 0.60625 0.296875 0.603125 0.3046875 0.5921875 0.315625 0.5765625 0.3203125 0.5625 0.3171875 0.55 0.3078125 0.5421875 0.3046875 0.540625 0.3015625 0.53125 0.2984375 0.5296875 0.2953125 0.50625 0.284375 0.4921875 0.275 0.4796875 0.271875 0.4765625 0.26875 0.471875 0.26875 0.4578125 0.2609375 0.4515625 0.2609375 0.446875 0.2578125 0.4359375 0.2578125 0.4125 0.2515625 0.4 0.2515625 0.39375 0.2484375 0.3859375 0.2484375 0.38125 0.2453125 0.3625 0.2453125 0.346875 0.2421875 0.3078125 0.24375 0.2859375 0.2375 0.271875 0.228125 0.26875 0.215625 0.25 0.1953125 0.25 0.190625 0.246875 0.1875 0.2453125 0.1828125 0.25 0.171875 0.25 0.1625 0.2453125 0.1578125 0.240625 0.1265625 0.2484375 0.121875 0.25 0.115625 0.234375 0.096875 0.2421875 0.0890625 0.2453125 0.0890625 0.25 0.0828125 0.2609375 0.0828125 0.2671875 0.0796875 0.2734375 0.06875 0.28125 0.06875 0.290625 0.0734375 0.29375 0.08125 0.3109375 0.0953125 0.321875 0.096875 0.3375 0.0953125 0.34375 0.0984375 0.359375 0.1 0.3765625 0.1078125 0.3859375 0.1 0.3890625 0.0921875 0.396875 0.084375 0.396875 0.0796875 0.4015625 0.0703125 0.40625 0.0671875 0.40625 0.0609375 0.409375 0.0578125 0.409375 0.0515625 0.4125 0.046875 0.4125 0.0234375 0.4140625 0.021875 0.4125 0.0046875 0.415625 0.0015625
11 0.8109375 0.7828125 0.81875 0.7890625 0.821875 0.7984375 0.8328125 0.8125 0.8328125 0.8171875 0.8390625 0.8296875 0.8421875 0.83125 0.8421875 0.834375 0.8515625 0.8484375 0.853125 0.8578125 0.8578125 0.865625 0.85625 0.86875 0.8578125 0.8796875 0.8625 0.88125 0.865625 0.8875 0.865625 0.89375 0.8609375 0.896875 0.8609375 0.9015625 0.8734375 0.90625 0.8796875 0.9171875 0.8578125 0.91875 0.8390625 0.928125 0.8375 0.9265625 0.8203125 0.928125 0.8125 0.93125 0.8078125 0.9359375 0.803125 0.9359375 0.8015625 0.9390625 0.7953125 0.940625 0.76875 0.9671875 0.759375 0.9734375 0.7578125 0.984375 0.7515625 0.996875 0.7328125 0.996875 0.73125 0.9984375 0.7 0.9984375 0.6984375 0.996875 0.615625 0.9984375 0.5921875 0.9953125 0.590625 0.996875 0.584375 0.9953125 0.5828125 0.996875 0.5640625 0.996875 0.5625 0.9953125 0.5578125 0.996875 0.5546875 0.9953125 0.55 0.9828125 0.540625 0.96875 0.51875 0.946875 0.50625 0.94375 0.484375 0.93125 0.465625 0.9265625 0.459375 0.921875 0.4546875 0.9109375 0.453125 0.88125 0.4609375 0.85 0.4703125 0.828125 0.4875 0.834375 0.490625 0.8390625 0.503125 0.846875 0.51875 0.8484375 0.521875 0.8515625 0.5359375 0.8515625 0.55 0.8578125 0.5671875 0.8578125 0.56875 0.8546875 0.575 0.853125 0.6234375 0.8515625 0.628125 0.8484375 0.640625 0.8484375 0.6765625 0.834375 0.678125 0.83125 0.68125 0.83125 0.6953125 0.821875 0.709375 0.809375 0.709375 0.80625 0.7203125 0.7953125 0.7265625 0.7921875 0.7390625 0.79375 0.7453125 0.7890625 0.7609375 0.7875 0.7640625 0.784375 0.7640625 0.7796875 0.7703125 0.7765625 0.7796875 0.78125 0.803125 0.7796875 0.809375 0.7828125
11 0.821875 0.1296875 0.8421875 0.1203125 0.8328125 0.159375 0.8328125 0.1984375 0.8359375 0.2296875 0.8328125 0.2375 0.821875 0.246875 0.821875 0.2515625 0.8109375 0.265625 0.8078125 0.278125 0.7953125 0.2921875 0.7921875 0.3109375 0.775 0.3078125 0.771875 0.3046875 0.74375 0.296875 0.7390625 0.2921875 0.740625 0.2765625 0.74375 0.2703125 0.7546875 0.259375 0.759375 0.2484375 0.7578125 0.23125 0.75 0.225 0.75 0.215625 0.7609375 0.1875 0.7609375 0.1828125 0.765625 0.178125 0.765625 0.16875 0.78125 0.153125 0.7859375 0.15 0.790625 0.15 0.7921875 0.146875 0.796875 0.146875 0.821875 0.13125
11 0.8734375 0.440625 0.8859375 0.44375 0.9015625 0.453125 0.9140625 0.4546875 0.915625 0.4671875 0.921875 0.4765625 0.915625 0.515625 0.903125 0.5203125 0.8984375 0.525 0.89375 0.5375 0.8828125 0.5484375 0.86875 0.553125 0.8125 0.559375 0.8015625 0.565625 0.79375 0.565625 0.7875 0.5734375 0.7796875 0.578125 0.771875 0.575 0.76875 0.5796875 0.765625 0.5796875 0.7640625 0.58125 0.765625 0.5890625 0.7625 0.5859375 0.7546875 0.5921875 0.75 0.590625 0.7296875 0.6015625 0.70625 0.6 0.703125 0.603125 0.6984375 0.603125 0.6921875 0.6 0.671875 0.621875 0.66875 0.621875 0.65625 0.6125 0.6546875 0.6078125 0.65 0.60625 0.6421875 0.5953125 0.646875 0.590625 0.646875 0.5875 0.659375 0.575 0.6671875 0.571875 0.6765625 0.571875 0.6828125 0.584375 0.69375 0.5953125 0.696875 0.584375 0.7046875 0.58125 0.7125 0.571875 0.7171875 0.571875 0.73125 0.553125 0.7375 0.5515625 0.740625 0.546875 0.7546875 0.540625 0.7609375 0.534375 0.7640625 0.534375 0.7765625 0.525 0.8 0.5140625 0.83125 0.490625 0.834375 0.484375 0.840625 0.48125 0.8546875 0.465625 0.8546875 0.4625 0.865625 0.4453125 0.871875 0.440625
11 0.003125 0.1109375 0.009375 0.1109375 0.0234375 0.1203125 0.0265625 0.1203125 0.028125 0.1234375 0.034375 0.1265625 0.040625 0.1265625 0.0421875 0.1296875 0.046875 0.1296875 0.0578125 0.1359375 0.078125 0.1390625 0.09375 0.146875 0.1140625 0.153125 0.1234375 0.165625 0.128125 0.1875 0.146875 0.209375 0.1453125 0.225 0.159375 0.2328125 0.165625 0.2328125 0.1734375 0.240625 0.171875 0.2484375 0.16875 0.25 0.165625 0.25625 0.165625 0.265625 0.159375 0.28125 0.15625 0.28125 0.1546875 0.284375 0.1453125 0.284375 0.1390625 0.2796875 0.1390625 0.2765625 0.1328125 0.26875 0.121875 0.265625 0.11875 0.26875 0.121875 0.2734375 0.121875 0.2875 0.1171875 0.2953125 0.1046875 0.2953125 0.0921875 0.2921875 0.040625 0.271875 0.0234375 0.2734375 0.0078125 0.284375 0.0046875 0.284375 0.003125 0.2671875 0 0.2640625 0 0.1140625 0.003125 0.1125
11 0.078125 0.6171875 0.0875 0.6125 0.1 0.6140625 0.1140625 0.628125 0.1140625 0.6375 0.128125 0.6546875 0.13125 0.66875 0.1234375 0.6859375 0.1140625 0.6984375 0.096875 0.70625 0.08125 0.7203125 0.0625 0.7328125 0.0359375 0.7625 0.0203125 0.7859375 0.0203125 0.790625 0.015625 0.8 0.009375 0.8046875 0 0.80625 0 0.634375 0.03125 0.6203125 0.040625 0.6203125 0.040625 0.6296875 0.053125 0.6328125 0.0609375 0.63125 0.0625 0.628125 0.078125 0.61875
11 0.134375 0.1578125 0.140625 0.1609375 0.1609375 0.1640625 0.1921875 0.1640625 0.2234375 0.159375 0.240625 0.159375 0.24375 0.165625 0.2421875 0.1859375 0.25 0.2015625 0.259375 0.2109375 0.259375 0.215625 0.2625 0.2203125 0.259375 0.2296875 0.2578125 0.23125 0.221875 0.23125 0.178125 0.2375 0.1765625 0.234375 0.1734375 0.234375 0.165625 0.228125 0.1578125 0.2265625 0.1515625 0.2203125 0.146875 0.20625 0.13125 0.1890625 0.1265625 0.1609375 0.1328125 0.159375
11 0.828125 0 0.85625 0 0.8578125 0.003125 0.8640625 0.003125 0.865625 0 0.946875 0 0.9546875 0.009375 0.959375 0.0234375 0.9671875 0.0328125 0.9671875 0.040625 0.9640625 0.040625 0.9625 0.04375 0.9234375 0.0546875 0.9140625 0.0609375 0.909375 0.0609375 0.89375 0.0703125 0.8796875 0.075 0.8640625 0.0890625 0.859375 0.0890625 0.8234375 0.0640625 0.8078125 0.0578125 0.79375 0.0484375 0.7859375 0.0390625 0.7953125 0.0265625 0.8171875 0.0125 0.828125 0.0015625
11 0.2375 0 0.271875 0 0.2765625 0.00625 0.2796875 0.00625 0.284375 0 0.3640625 0 0.3640625 0.0046875 0.353125 0.01875 0.3484375 0.03125 0.353125 0.0390625 0.3546875 0.046875 0.3640625 0.0546875 0.365625 0.0625 0.384375 0.08125 0.3828125 0.0953125 0.3765625 0.1 0.36875 0.1 0.35625 0.0953125 0.3390625 0.09375 0.315625 0.08125 0.3078125 0.08125 0.303125 0.084375 0.3015625 0.08125 0.29375 0.078125 0.2921875 0.0734375 0.2796875 0.0640625 0.2640625 0.065625 0.25 0.0609375 0.2484375 0.0578125 0.2421875 0.0546875 0.2375 0.0546875 0.2296875 0.0484375 0.2328125 0.0375 0.23125 0.0328125 0.234375 0.0234375 0.234375 0.00625 0.2375 0.0015625
11 0.884375 0.5546875 0.89375 0.5609375 0.9078125 0.5609375 0.9203125 0.5671875 0.928125 0.5671875 0.9328125 0.5640625 0.946875 0.5640625 0.9640625 0.571875 0.96875 0.571875 0.9796875 0.5640625 0.9984375 0.5671875 0.9984375 0.665625 0.996875 0.6671875 0.9984375 0.66875 0.9984375 0.696875 0.996875 0.6984375 0.996875 0.7140625 0.9984375 0.715625 0.9984375 0.7671875 0.996875 0.7703125 0.9984375 0.771875 0.9953125 0.775 0.9953125 0.784375 0.9984375 0.7921875 0.9984375 0.8234375 0.9859375 0.8453125 0.984375 0.853125 0.984375 0.8625 0.9890625 0.871875 0.9921875 0.890625 0.9984375 0.9015625 0.9984375 0.99375 0.9859375 0.996875 0.9734375 0.9953125 0.9578125 0.9984375 0.946875 0.9984375 0.9421875 0.9953125 0.9359375 0.9828125 0.928125 0.9734375 0.928125 0.96875 0.921875 0.9625 0.9171875 0.9484375 0.90625 0.9328125 0.896875 0.9265625 0.89375 0.91875 0.8859375 0.909375 0.8859375 0.90625 0.8796875 0.9 0.875 0.8890625 0.8671875 0.8796875 0.8625 0.8640625 0.8546875 0.8515625 0.8546875 0.8453125 0.84375 0.83125 0.834375 0.8078125 0.825 0.796875 0.821875 0.7859375 0.8125 0.7765625 0.8125 0.7734375 0.803125 0.759375 0.79375 0.75 0.778125 0.75625 0.7640625 0.75625 0.7609375 0.7515625 0.759375 0.7421875 0.7421875 0.7375 0.7375 0.7328125 0.7359375 0.7265625 0.7296875 0.71875 0.728125 0.70625 0.7234375 0.6953125 0.709375 0.6734375 0.709375 0.66875 0.7 0.659375 0.696875 0.6515625 0.6890625 0.64375 0.6875 0.6375 0.6796875 0.6296875 0.6796875 0.621875 0.6828125 0.6171875 0.696875 0.6078125 0.7 0.609375 0.7140625 0.6046875 0.7328125 0.6046875 0.7359375 0.6015625 0.740625 0.6015625 0.746875 0.5953125 0.746875 0.5890625 0.7546875 0.590625 0.7578125 0.5890625 0.7625 0.584375 0.7625 0.58125 0.771875 0.5734375 0.7796875 0.578125 0.784375 0.578125 0.790625 0.575 0.7921875 0.571875 0.8046875 0.5703125 0.8109375 0.5671875 0.8125 0.5640625 0.8171875 0.5640625 0.821875 0.5609375 0.8453125 0.5609375 0.871875 0.5546875 0.8828125 0.5546875
11 0.4046875 0.4875 0.4171875 0.490625 0.4328125 0.5015625 0.44375 0.521875 0.453125 0.528125 0.503125 0.528125 0.5140625 0.53125 0.521875 0.540625 0.5359375 0.5515625 0.534375 0.5671875 0.5296875 0.5703125 0.49375 0.5734375 0.4890625 0.5765625 0.475 0.5796875 0.4640625 0.5859375 0.4484375 0.5890625 0.446875 0.59375 0.4265625 0.6140625 0.4140625 0.6390625 0.415625 0.653125 0.41875 0.659375 0.4234375 0.6640625 0.4359375 0.6671875 0.4328125 0.675 0.4359375 0.690625 0.425 0.6984375 0.4171875 0.7 0.415625 0.703125 0.3921875 0.709375 0.375 0.709375 0.359375 0.7046875 0.3328125 0.70625 0.3265625 0.7125 0.3265625 0.715625 0.3328125 0.7265625 0.334375 0.7359375 0.3421875 0.7453125 0.3421875 0.753125 0.334375 0.759375 0.328125 0.759375 0.3125 0.7515625 0.3109375 0.7421875 0.3078125 0.740625 0.3015625 0.721875 0.2671875 0.6828125 0.2453125 0.6671875 0.2046875 0.6703125 0.1984375 0.6734375 0.165625 0.6796875 0.1578125 0.6765625 0.146875 0.6625 0.146875 0.6578125 0.1390625 0.653125 0.134375 0.64375 0.128125 0.640625 0.125 0.6359375 0.125 0.628125 0.1046875 0.60625 0.09375 0.6 0.09375 0.59375 0.0890625 0.584375 0.090625 0.575 0.1 0.5515625 0.1109375 0.540625 0.1171875 0.5375 0.125 0.5265625 0.1578125 0.53125 0.1703125 0.5375 0.1890625 0.5375 0.190625 0.5359375 0.225 0.5375 0.228125 0.5359375 0.234375 0.54375 0.240625 0.540625 0.28125 0.5421875 0.2859375 0.540625 0.29375 0.53125 0.3046875 0.5375 0.31875 0.53125 0.34375 0.5046875 0.3640625 0.49375 0.36875 0.4875 0.3734375 0.4875 0.3765625 0.484375 0.384375 0.484375 0.390625 0.4875 0.403125 0.4875
11 0.8609375 0.2328125 0.8671875 0.2359375 0.8875 0.2375 0.8953125 0.240625 0.896875 0.24375 0.9109375 0.246875 0.921875 0.24375 0.9578125 0.24375 0.9796875 0.240625 0.99375 0.240625 0.9984375 0.24375 0.9984375 0.3453125 0.996875 0.346875 0.9984375 0.409375 0.9921875 0.409375 0.9890625 0.40625 0.9546875 0.40625 0.953125 0.4078125 0.9546875 0.4125 0.9640625 0.4109375 0.96875 0.415625 0.975 0.4140625 0.9796875 0.4171875 0.98125 0.41875 0.978125 0.4203125 0.978125 0.425 0.9859375 0.4328125 0.984375 0.4359375 0.9796875 0.4359375 0.9671875 0.4453125 0.9515625 0.4484375 0.946875 0.453125 0.940625 0.453125 0.921875 0.446875 0.9171875 0.4484375 0.9015625 0.446875 0.884375 0.4390625 0.875 0.4375 0.8703125 0.428125 0.8703125 0.409375 0.865625 0.4 0.865625 0.3921875 0.8546875 0.36875 0.821875 0.3328125 0.8125 0.328125 0.8015625 0.3171875 0.8 0.3 0.803125 0.2890625 0.8109375 0.28125 0.8234375 0.253125 0.8359375 0.240625 0.84375 0.2359375 0.8515625 0.2328125 0.859375 0.2328125
11 0.584375 0.471875 0.5921875 0.4703125 0.6 0.484375 0.603125 0.496875 0.6078125 0.5015625 0.6109375 0.509375 0.609375 0.5125 0.6046875 0.5125 0.590625 0.5234375 0.5734375 0.5265625 0.56875 0.53125 0.5640625 0.540625 0.565625 0.5640625 0.5421875 0.565625 0.5390625 0.5609375 0.540625 0.5546875 0.5390625 0.5484375 0.5328125 0.5453125 0.5171875 0.5265625 0.51875 0.521875 0.5484375 0.5046875 0.584375 0.4734375
15 0.4334239130434782 0.6106014271151886 0.4157608695652174 0.6391437308868502 0.42119565217391297 0.6574923547400612 0.4334239130434782 0.6615698267074415 0.4375 0.6687054026503568 0.43885869565217395 0.6931702344546381 0.3967391304347826 0.7115188583078492 0.34239130434782605 0.7074413863404689 0.33016304347826086 0.7104994903160041 0.34103260869565216 0.7380224260958206 0.35665760869565216 0.7497451580020388 0.3804347826086957 0.7869520897043834 0.39402173913043476 0.7951070336391438 0.42119565217391297 0.7910295616717635 0.4796195652173913 0.7675840978593272 0.5040760869565217 0.764525993883792 0.5027173913043479 0.7849133537206933 0.5190217391304348 0.8022426095820592 0.5163043478260869 0.8205912334352702 0.5258152173913043 0.8297655453618757 0.5597826086956521 0.8450560652395515 0.6168478260869565 0.8491335372069317 0.6684782608695652 0.8328236493374108 0.6983695652173914 0.8134556574923547 0.7146739130434783 0.7961264016309888 0.7296195652173914 0.7533129459734964 0.71875 0.6962283384301733 0.6997282608695652 0.6625891946992865 0.6752717391304348 0.6330275229357798 0.6209239130434783 0.5861365953109072 0.5788043478260869 0.5688073394495413 0.5421195652173914 0.5688073394495413 0.49728260869565216 0.5759429153924567 0.45108695652173914 0.5932721712538227 0.4334239130434782 0.6106014271151886
15 0.27445652173913043 0.3343527013251784 0.28940217391304346 0.3486238532110092 0.30842391304347827 0.35474006116207957 0.3152173913043478 0.4026503567787971 0.26766304347826086 0.43730886850152906 0.25 0.44342507645259943 0.24048913043478262 0.44240570846075433 0.23097826086956524 0.4566768603465851 0.24184782608695649 0.472986748216106 0.27717391304347827 0.5015290519877676 0.28940217391304346 0.5219164118246687 0.30027173913043476 0.5290519877675841 0.3125 0.5300713557594292 0.3220108695652174 0.5158002038735984 0.3668478260869565 0.4841997961264016 0.39266304347826086 0.47808358817533125 0.42391304347826086 0.4821610601427115 0.44565217391304346 0.5178389398572885 0.4592391304347826 0.5259938837920489 0.5027173913043479 0.5229357798165137 0.5366847826086956 0.508664627930683 0.5720108695652174 0.4801223241590214 0.5883152173913043 0.4566768603465851 0.5842391304347826 0.34454638124362896 0.5652173913043479 0.32415902140672787 0.4959239130434782 0.2803261977573904 0.45652173913043476 0.2640163098878695 0.3695652173913043 0.24770642201834864 0.3247282608695652 0.24566768603465855 0.30027173913043476 0.24974515800203875 0.2839673913043478 0.2650356778797146 0.2730978260869565 0.2864424057084608 0.27445652173913043 0.3343527013251784
15 0 0.29663608562691135 0 0.34964322120285424 0.05027173913043478 0.37920489296636084 0.08559782608695651 0.4342507645259939 0.07201086956521739 0.46687054026503566 0.0733695652173913 0.4821610601427115 0.08559782608695651 0.4974515800203874 0.11141304347826086 0.5137614678899083 0.17391304347826086 0.5290519877675841 0.24456521739130435 0.5259938837920489 0.2758152173913043 0.5117227319062182 0.26902173913043476 0.4964322120285424 0.23641304347826084 0.46992864424057085 0.22826086956521738 0.45158002038735984 0.26902173913043476 0.43527013251783897 0.296195652173913 0.41794087665647306 0.32065217391304346 0.39143730886850153 0.3192934782608695 0.38328236493374107 0.30978260869565216 0.3781855249745158 0.31114130434782605 0.36187563710499493 0.3043478260869565 0.35474006116207957 0.28532608695652173 0.3476044852191641 0.2717391304347826 0.3312945973496432 0.26902173913043476 0.29663608562691135 0.27853260869565216 0.26605504587155965 0.2907608695652174 0.25484199796126406 0.2907608695652174 0.24464831804281348 0.2622282608695652 0.236493374108053 0.1956521739130435 0.23751274209989806 0.1793478260869565 0.24464831804281348 0.17391304347826086 0.2528032619775739 0.07201086956521739 0.2864424057084608 0.03804347826086956 0.27420998980632005 0.020380434782608696 0.2782874617737003 0.012228260869565218 0.28440366972477066 0 0.29663608562691135
15 0.010869565217391304 0.8307849133537207 0.01358695652173913 0.8572884811416921 0.024456521739130436 0.8797145769622834 0.03668478260869565 0.890927624872579 0.07744565217391304 0.9031600407747197 0.12228260869565218 0.9102956167176351 0.16847826086956522 0.90927624872579 0.21875 0.9317023445463812 0.23097826086956524 0.9694189602446484 0.24728260869565216 0.998980632008155 0.3220108695652174 0.998980632008155 0.3220108695652174 0.9857288481141693 0.297554347826087 0.9327217125382263 0.3043478260869565 0.9184505606523956 0.3029891304347826 0.9031600407747197 0.2907608695652174 0.9041794087665649 0.28532608695652173 0.8960244648318044 0.28260869565217395 0.872579001019368 0.25407608695652173 0.8236493374108054 0.2595108695652174 0.8022426095820592 0.2758152173913043 0.7879714576962285 0.297554347826087 0.7798165137614679 0.30570652173913043 0.7604485219164119 0.3043478260869565 0.7431192660550459 0.297554347826087 0.7237512742099899 0.28125 0.7023445463812437 0.25135869565217395 0.6738022426095821 0.23641304347826084 0.6707441386340469 0.1766304347826087 0.6799184505606524 0.13858695652173914 0.691131498470948 0.09375 0.7125382262996942 0.0625 0.7359836901121305 0.04076086956521739 0.7594291539245668 0.02309782608695652 0.7859327217125383 0.014945652173913044 0.8103975535168196 0.010869565217391304 0.8307849133537207
15 0.4959239130434782 0.0163098878695209 0.5095108695652174 0.051987767584097865 0.5122282608695652 0.08460754332313966 0.5217391304347826 0.11518858307849134 0.5597826086956521 0.1488277268093782 0.5855978260869565 0.16309887869520898 0.638586956521739 0.18042813455657494 0.6725543478260869 0.18552497451580022 0.7214673913043479 0.17635066258919468 0.8016304347826086 0.13863404689092762 0.8464673913043479 0.11111111111111112 0.8559782608695652 0.10091743119266054 0.8478260869565217 0.08460754332313966 0.8274456521739131 0.06931702344546381 0.7975543478260869 0.05504587155963303 0.782608695652174 0.03975535168195719 0.779891304347826 0.030581039755351685 0.7934782608695652 0 0.5 0 0.49728260869565216 0.0030581039755351682 0.4959239130434782 0.0163098878695209
15 0 0 0 0.09582059123343527 0.04891304347826087 0.1253822629969419 0.11956521739130435 0.1508664627930683 0.16576086956521738 0.16106014271151886 0.20652173913043476 0.16004077471967382 0.23369565217391303 0.1529051987767584 0.24184782608695649 0.11314984709480122 0.2296195652173913 0.09683995922528033 0.24320652173913043 0.0764525993883792 0.26358695652173914 0.07339449541284404 0.26358695652173914 0.06931702344546381 0.22554347826086957 0.045871559633027525 0.23369565217391303 0 0 0
15 0.5910326086956521 0.38634046890927626 0.5869565217391304 0.4148827726809379 0.5964673913043479 0.4770642201834862 0.626358695652174 0.5545361875637105 0.6413043478260869 0.5708460754332314 0.65625 0.5718654434250765 0.6847826086956521 0.5657492354740061 0.7364130434782609 0.54638124362895 0.8097826086956521 0.5045871559633028 0.8505434782608695 0.4658511722731906 0.8654891304347826 0.43730886850152906 0.8668478260869564 0.41692150866462796 0.857336956521739 0.38328236493374107 0.8247282608695652 0.3414882772680938 0.8029891304347826 0.3231396534148828 0.7758152173913043 0.30988786952089703 0.7105978260869565 0.2945973496432212 0.6182065217391304 0.2915392456676861 0.6100543478260869 0.29663608562691135 0.595108695652174 0.3221202854230377 0.5883152173913043 0.3557594291539246 0.5910326086956521 0.38634046890927626
15 0.8369565217391305 0.2140672782874618 0.8505434782608695 0.22629969418960244 0.9048913043478259 0.24362895005096843 0.9972826086956521 0.2385321100917431 0.9986413043478259 0.03873598369011213 0.9483695652173912 0.04892966360856269 0.8831521739130433 0.07543323139653416 0.8641304347826086 0.09174311926605505 0.8464673913043479 0.12028542303771661 0.8355978260869564 0.15902140672782877 0.8369565217391305 0.2140672782874618
15 0.25815217391304346 0.8318042813455658 0.2717391304347826 0.8481141692150868 0.28940217391304346 0.8970438328236494 0.29891304347826086 0.9011213047910296 0.35733695652173914 0.906218144750255 0.37907608695652173 0.9174311926605505 0.39266304347826086 0.8899082568807339 0.3804347826086957 0.8358817533129461 0.3641304347826087 0.8063200815494393 0.32608695652173914 0.7686034658511722 0.30978260869565216 0.7584097859327217 0.2934782608695652 0.780835881753313 0.2717391304347826 0.7920489296636086 0.25679347826086957 0.8103975535168196 0.25815217391304346 0.8318042813455658
15 0.17391304347826086 0.9439347604485219 0.19021739130434784 0.9694189602446484 0.21467391304347827 0.9928644240570847 0.22554347826086957 0.998980632008155 0.23777173913043476 0.998980632008155 0.23505434782608697 0.9796126401630989 0.21059782608695649 0.9296636085626911 0.1956521739130435 0.9255861365953109 0.1793478260869565 0.9143730886850154 0.16576086956521738 0.9143730886850154 0.17391304347826086 0.9439347604485219
15 0.327445652173913 0.9908256880733946 0.33152173913043476 0.998980632008155 0.5489130434782609 0.998980632008155 0.5434782608695652 0.981651376146789 0.5190217391304348 0.9520897043832823 0.48369565217391297 0.9347604485219165 0.4578804347826087 0.9286442405708462 0.40489130434782605 0.9317023445463812 0.36277173913043476 0.9439347604485219 0.3491847826086957 0.9541284403669724 0.33152173913043476 0.9796126401630989 0.327445652173913 0.9908256880733946
15 0 0.46075433231396534 0 0.6299694189602446 0.06114130434782609 0.6024464831804281 0.08559782608695651 0.5698267074413864 0.09782608695652174 0.5433231396534148 0.09646739130434782 0.5259938837920489 0.08152173913043478 0.5005096839959225 0.03940217391304347 0.472986748216106 0.004076086956521739 0.46075433231396534 0 0.46075433231396534