4 0.1625 0.80625 0.203125 0.8140625 0.2234375 0.825 0.23125 0.8328125 0.246875 0.8375 0.25 0.8421875 0.259375 0.846875 0.2625 0.853125 0.2703125 0.859375 0.278125 0.878125 0.2796875 0.8921875 0.2875 0.9 0.290625 0.915625 0.290625 0.946875 0.2875 0.95625 0.2890625 0.975 0.2859375 0.9875 0.2796875 0.9984375 0.240625 0.9984375 0.2390625 0.996875 0.234375 0.9984375 0.2328125 0.996875 0.2203125 0.9984375 0.2171875 0.996875 0.2078125 0.9984375 0.121875 0.9984375 0.1203125 0.996875 0.1171875 0.9984375 0.1 0.9984375 0.0984375 0.996875 0.0953125 0.9984375 0.090625 0.996875 0.009375 0.9984375 0.00625 0.9953125 0.0109375 0.915625 0.01875 0.896875 0.021875 0.8953125 0.021875 0.890625 0.03125 0.8765625 0.040625 0.86875 0.05625 0.840625 0.0640625 0.834375 0.0734375 0.834375 0.0828125 0.8234375 0.0921875 0.8203125 0.09375 0.8171875 0.103125 0.8125 0.121875 0.809375 0.1328125 0.8046875 0.1609375 0.80625
4 0.4828125 0.284375 0.509375 0.290625 0.53125 0.303125 0.5359375 0.303125 0.5515625 0.3125 0.565625 0.325 0.571875 0.3359375 0.5828125 0.34375 0.5859375 0.359375 0.590625 0.3671875 0.5984375 0.40625 0.5984375 0.48125 0.59375 0.490625 0.5921875 0.5 0.584375 0.5125 0.5796875 0.5296875 0.5734375 0.5359375 0.571875 0.540625 0.5609375 0.5484375 0.5265625 0.5609375 0.509375 0.5796875 0.5015625 0.5828125 0.4890625 0.5921875 0.4484375 0.5921875 0.4171875 0.5875 0.396875 0.58125 0.3875 0.5734375 0.365625 0.5609375 0.3484375 0.5390625 0.3375 0.5171875 0.334375 0.5046875 0.3265625 0.4953125 0.3234375 0.4875 0.3234375 0.4625 0.31875 0.45 0.3203125 0.390625 0.325 0.3765625 0.334375 0.3640625 0.34375 0.34375 0.3546875 0.33125 0.365625 0.321875 0.3921875 0.309375 0.4 0.303125 0.4046875 0.303125 0.4296875 0.2921875 0.4359375 0.2921875 0.4578125 0.284375 0.48125 0.284375
4 0.6328125 0.5515625 0.6453125 0.553125 0.6703125 0.56875 0.6921875 0.5734375 0.7125 0.5875 0.728125 0.60625 0.728125 0.609375 0.7390625 0.621875 0.7484375 0.646875 0.7484375 0.659375 0.753125 0.678125 0.7546875 0.7203125 0.7515625 0.753125 0.7390625 0.7734375 0.7375 0.7796875 0.73125 0.784375 0.7171875 0.803125 0.70625 0.8109375 0.6875 0.81875 0.6859375 0.821875 0.678125 0.825 0.6703125 0.8328125 0.665625 0.8328125 0.6515625 0.8390625 0.6203125 0.8421875 0.584375 0.8421875 0.5640625 0.8359375 0.5609375 0.8328125 0.553125 0.8328125 0.53125 0.821875 0.5265625 0.821875 0.5140625 0.8109375 0.5109375 0.8109375 0.503125 0.8015625 0.5 0.8015625 0.48125 0.778125 0.4796875 0.771875 0.46875 0.7578125 0.459375 0.7375 0.4546875 0.7171875 0.4546875 0.6796875 0.459375 0.665625 0.459375 0.64375 0.4734375 0.615625 0.4765625 0.6140625 0.4796875 0.6046875 0.4828125 0.6046875 0.4921875 0.5953125 0.509375 0.584375 0.5328125 0.5625 0.5375 0.5625 0.5609375 0.553125 0.5734375 0.5515625 0.5890625 0.5515625 0.590625 0.55 0.63125 0.5515625
4 0.8109375 0.2765625 0.846875 0.2921875 0.8578125 0.3015625 0.8640625 0.303125 0.8796875 0.31875 0.884375 0.3265625 0.884375 0.3328125 0.8890625 0.3421875 0.8953125 0.346875 0.9046875 0.365625 0.9046875 0.371875 0.9125 0.3984375 0.9125 0.4265625 0.909375 0.434375 0.9046875 0.4390625 0.903125 0.4578125 0.89375 0.478125 0.884375 0.4875 0.8765625 0.490625 0.8640625 0.5109375 0.8484375 0.521875 0.8421875 0.5296875 0.8390625 0.5296875 0.821875 0.540625 0.8140625 0.5421875 0.8 0.5515625 0.7921875 0.5515625 0.775 0.559375 0.728125 0.5640625 0.6859375 0.5609375 0.6703125 0.5546875 0.6578125 0.546875 0.640625 0.5296875 0.6375 0.5296875 0.625 0.51875 0.6078125 0.4859375 0.6046875 0.4703125 0.6046875 0.3953125 0.60625 0.3890625 0.615625 0.371875 0.6265625 0.34375 0.63125 0.340625 0.6390625 0.3265625 0.6453125 0.3234375 0.653125 0.3140625 0.6671875 0.303125 0.6765625 0.3 0.6875 0.2921875 0.6953125 0.2921875 0.7078125 0.284375 0.709375 0.28125 0.7171875 0.28125 0.7375 0.275 0.8046875 0.275 0.809375 0.2765625
4 0 0.5046875 0.00625 0.5046875 0.0234375 0.5125 0.0328125 0.5109375 0.040625 0.5140625 0.0453125 0.5375 0.0515625 0.546875 0.0515625 0.5515625 0.0546875 0.5546875 0.0625 0.578125 0.0625 0.6203125 0.053125 0.646875 0.05625 0.6640625 0.0515625 0.678125 0.0515625 0.696875 0.040625 0.7125 0.040625 0.715625 0.0265625 0.73125 0.0171875 0.7390625 0 0.7421875 0 0.50625
4 0.203125 0.54375 0.2203125 0.5515625 0.234375 0.553125 0.259375 0.5640625 0.28125 0.584375 0.290625 0.5875 0.2953125 0.59375 0.3015625 0.5953125 0.3140625 0.609375 0.325 0.665625 0.325 0.6828125 0.321875 0.6875 0.321875 0.69375 0.315625 0.7015625 0.3140625 0.7234375 0.3109375 0.73125 0.3015625 0.74375 0.2921875 0.7484375 0.2859375 0.7546875 0.284375 0.759375 0.2796875 0.7625 0.2796875 0.765625 0.275 0.7703125 0.271875 0.7703125 0.259375 0.7828125 0.246875 0.790625 0.240625 0.790625 0.228125 0.8015625 0.21875 0.8015625 0.2109375 0.8078125 0.1953125 0.8078125 0.1890625 0.8046875 0.14375 0.8015625 0.1359375 0.7984375 0.1265625 0.7984375 0.1125 0.790625 0.10625 0.790625 0.09375 0.778125 0.0921875 0.771875 0.0734375 0.7546875 0.0734375 0.7484375 0.0625 0.728125 0.059375 0.7140625 0.0546875 0.7046875 0.0546875 0.684375 0.0609375 0.665625 0.0578125 0.6453125 0.0671875 0.6171875 0.084375 0.596875 0.084375 0.59375 0.11875 0.5640625 0.134375 0.5625 0.1453125 0.553125 0.1765625 0.5421875 0.2015625 0.54375
4 0 0.83125 0.0046875 0.834375 0.009375 0.84375 0.0171875 0.86875 0.01875 0.884375 0.0171875 0.8953125 0.009375 0.9109375 0.00625 0.940625 0.003125 0.953125 0 0.95625 0 0.8328125
49 0.3328804347826087 0.702445652173913 0.34103260869565216 0.7282608695652174 0.34103260869565216 0.7567934782608695 0.3505434782608695 0.7934782608695652 0.3654891304347826 0.8220108695652174 0.3695652173913043 0.8165760869565217 0.3654891304347826 0.8084239130434783 0.3695652173913043 0.7717391304347826 0.37635869565217395 0.7676630434782609 0.37228260869565216 0.763586956521739 0.3695652173913043 0.6983695652173914 0.3654891304347826 0.6956521739130435 0.37228260869565216 0.6671195652173914 0.358695652173913 0.6630434782608695 0.360054347826087 0.6467391304347826 0.3559782608695652 0.6426630434782609 0.3355978260869565 0.6671195652173914 0.3328804347826087 0.702445652173913
49 0.5285326086956521 0.296195652173913 0.5529891304347826 0.30978260869565216 0.5883152173913043 0.34510869565217395 0.5991847826086956 0.37907608695652173 0.6182065217391304 0.358695652173913 0.6209239130434783 0.3383152173913043 0.639945652173913 0.3179347826086957 0.6535326086956521 0.30570652173913043 0.6847826086956521 0.296195652173913 0.6942934782608695 0.28532608695652173 0.6793478260869565 0.27853260869565216 0.6005434782608695 0.27853260869565216 0.53125 0.2934782608695652 0.5285326086956521 0.296195652173913
49 0.7282608695652174 0.6005434782608695 0.7527173913043479 0.6508152173913043 0.7567934782608695 0.75 0.7282608695652174 0.794836956521739 0.6807065217391304 0.830163043478261 0.7092391304347826 0.8423913043478259 0.7717391304347826 0.8410326086956521 0.826086956521739 0.8179347826086957 0.8763586956521738 0.7853260869565217 0.9171195652173912 0.7133152173913043 0.9252717391304348 0.6426630434782609 0.9347826086956521 0.6331521739130435 0.9388586956521738 0.6182065217391304 0.9402173913043479 0.5828804347826086 0.9144021739130433 0.44021739130434784 0.9116847826086957 0.4375 0.9076086956521738 0.4429347826086956 0.8940217391304348 0.4850543478260869 0.8831521739130433 0.4904891304347826 0.8423913043478259 0.5339673913043479 0.782608695652174 0.561141304347826 0.6997282608695652 0.5706521739130435 0.7282608695652174 0.6005434782608695
49 0 0.4904891304347826 0 0.5067934782608695 0.03260869565217391 0.5067934782608695 0.04483695652173913 0.5163043478260869 0.04891304347826087 0.5421195652173914 0.06521739130434782 0.577445652173913 0.06657608695652174 0.6100543478260869 0.10869565217391304 0.5652173913043479 0.13179347826086957 0.5597826086956521 0.15353260869565216 0.546195652173913 0.1793478260869565 0.5394021739130435 0.22418478260869565 0.546195652173913 0.20244565217391303 0.529891304347826 0.13858695652173914 0.501358695652174 0.08016304347826086 0.49864130434782605 0.0625 0.5040760869565217 0.004076086956521739 0.4904891304347826 0 0.4904891304347826
49 0.033967391304347824 0.7282608695652174 0 0.7459239130434783 0 0.8206521739130433 0.012228260869565218 0.8396739130434783 0.021739130434782608 0.8790760869565217 0.028532608695652172 0.8763586956521738 0.05163043478260869 0.8383152173913043 0.11548913043478262 0.8029891304347826 0.08016304347826086 0.7676630434782609 0.05298913043478261 0.7146739130434783 0.03940217391304347 0.717391304347826 0.033967391304347824 0.7282608695652174
49 0.21739130434782608 0.8165760869565217 0.22282608695652173 0.8220108695652174 0.25135869565217395 0.8369565217391305 0.27445652173913043 0.8600543478260869 0.29891304347826086 0.9361413043478259 0.32608695652173914 0.8790760869565217 0.34375 0.8138586956521738 0.34510869565217395 0.7989130434782609 0.3383152173913043 0.764945652173913 0.3342391304347826 0.764945652173913 0.32608695652173914 0.7391304347826086 0.3247282608695652 0.7092391304347826 0.32065217391304346 0.7092391304347826 0.3029891304347826 0.748641304347826 0.2622282608695652 0.7839673913043478 0.22010869565217392 0.8070652173913043 0.21739130434782608 0.8165760869565217