44 0.16875 0.971875 0.1734375 0.9765625 0.1859375 0.975 0.2 0.9765625 0.2078125 0.9796875 0.209375 0.9828125 0.221875 0.9890625 0.228125 0.9953125 0.228125 0.9984375 0.1109375 0.9984375 0.115625 0.9921875 0.121875 0.9921875 0.1359375 0.9859375 0.1421875 0.9859375 0.15 0.9765625 0.1671875 0.971875
44 0.5921875 0.5609375 0.6234375 0.5734375 0.6453125 0.5953125 0.6515625 0.6171875 0.6515625 0.64375 0.64375 0.6640625 0.634375 0.6734375 0.6234375 0.6765625 0.59375 0.6734375 0.5796875 0.678125 0.575 0.678125 0.5703125 0.66875 0.5515625 0.65 0.534375 0.64375 0.5109375 0.6421875 0.4953125 0.63125 0.478125 0.6296875 0.4703125 0.6265625 0.46875 0.6203125 0.4796875 0.609375 0.490625 0.5765625 0.5078125 0.5703125 0.5421875 0.565625 0.5515625 0.5609375 0.5765625 0.5609375 0.578125 0.559375 0.590625 0.5609375
44 0.5421875 0.7609375 0.5484375 0.759375 0.5515625 0.7734375 0.5578125 0.784375 0.5609375 0.7859375 0.5609375 0.7890625 0.5671875 0.7953125 0.5703125 0.8046875 0.5359375 0.803125 0.525 0.8 0.51875 0.803125 0.5015625 0.8046875 0.478125 0.815625 0.4734375 0.8 0.475 0.7890625 0.4796875 0.7859375 0.4984375 0.7859375 0.5125 0.78125 0.5203125 0.78125 0.5265625 0.778125 0.5421875 0.7625
44 0.4671875 0.4265625 0.4828125 0.4296875 0.4984375 0.4296875 0.5203125 0.440625 0.521875 0.44375 0.528125 0.4453125 0.540625 0.4578125 0.540625 0.465625 0.55 0.484375 0.5515625 0.4921875 0.5515625 0.509375 0.5546875 0.5171875 0.5546875 0.528125 0.5515625 0.5359375 0.5359375 0.5421875 0.525 0.55 0.4875 0.5578125 0.4796875 0.55625 0.45625 0.5328125 0.453125 0.5328125 0.4390625 0.5234375 0.4171875 0.51875 0.3859375 0.5203125 0.371875 0.509375 0.365625 0.4984375 0.3671875 0.490625 0.396875 0.4546875 0.4046875 0.453125 0.4171875 0.440625 0.434375 0.43125 0.4515625 0.4265625 0.465625 0.4265625
44 0.490625 0.634375 0.5109375 0.6453125 0.5390625 0.6484375 0.5578125 0.6578125 0.56875 0.6734375 0.56875 0.6875 0.5796875 0.7015625 0.5859375 0.7171875 0.5828125 0.7265625 0.578125 0.73125 0.5734375 0.7328125 0.5609375 0.746875 0.5421875 0.75625 0.528125 0.7734375 0.5171875 0.7796875 0.5078125 0.7796875 0.5 0.7828125 0.4625 0.78125 0.453125 0.7765625 0.4453125 0.7765625 0.428125 0.7703125 0.4171875 0.7640625 0.415625 0.7609375 0.396875 0.7484375 0.375 0.7265625 0.3734375 0.7203125 0.365625 0.7125 0.3609375 0.69375 0.365625 0.6671875 0.375 0.6578125 0.390625 0.65 0.4140625 0.64375 0.4171875 0.640625 0.4234375 0.640625 0.4296875 0.6375 0.44375 0.6375 0.4546875 0.6328125 0.4890625 0.634375
44 0 0.4859375 0.03125 0.484375 0.046875 0.490625 0.0515625 0.496875 0.053125 0.509375 0.0609375 0.515625 0.0640625 0.5234375 0.0609375 0.5359375 0.0375 0.553125 0.0296875 0.5640625 0.0296875 0.571875 0.025 0.584375 0.0265625 0.603125 0.021875 0.60625 0 0.60625 0 0.4875
44 0.4828125 0.94375 0.4984375 0.9453125 0.5296875 0.95625 0.5359375 0.953125 0.553125 0.95625 0.5859375 0.9765625 0.5953125 0.9875 0.5984375 0.9984375 0.521875 0.9984375 0.5203125 0.996875 0.4328125 0.9984375 0.4484375 0.9625 0.4703125 0.9453125 0.48125 0.94375
44 0.365625 0.7171875 0.3734375 0.7265625 0.3734375 0.7296875 0.3890625 0.7421875 0.396875 0.7515625 0.403125 0.7546875 0.4078125 0.7609375 0.43125 0.775 0.4375 0.775 0.4421875 0.778125 0.4515625 0.778125 0.4671875 0.7875 0.4625 0.79375 0.45625 0.796875 0.45 0.796875 0.446875 0.8 0.4203125 0.8 0.4046875 0.79375 0.3859375 0.79375 0.3828125 0.790625 0.3765625 0.790625 0.3734375 0.7875 0.365625 0.7875 0.3640625 0.784375 0.3546875 0.7828125 0.353125 0.7796875 0.3546875 0.775 0.3625 0.7609375 0.3609375 0.7390625 0.35625 0.7265625 0.3578125 0.7203125 0.3640625 0.7171875
44 0.275 0.9734375 0.309375 0.990625 0.315625 0.9953125 0.3140625 0.9984375 0.2484375 0.9984375 0.25 0.9921875 0.2703125 0.971875 0.2734375 0.9734375
44 0 0.915625 0.0078125 0.91875 0.028125 0.9421875 0.040625 0.9484375 0.0421875 0.9515625 0.0578125 0.95625 0.0671875 0.95625 0.0796875 0.9625 0.103125 0.9921875 0.103125 0.9953125 0.096875 0.9984375 0.0046875 0.9984375 0 0.996875 0 0.9171875
44 0.1265625 0.6640625 0.1328125 0.6671875 0.146875 0.68125 0.1515625 0.68125 0.165625 0.6890625 0.16875 0.6921875 0.1671875 0.6953125 0.16875 0.7 0.175 0.703125 0.1640625 0.7140625 0.1375 0.7296875 0.128125 0.740625 0.1265625 0.746875 0.128125 0.7609375 0.14375 0.78125 0.1421875 0.784375 0.1375 0.784375 0.134375 0.7875 0.0609375 0.784375 0.0515625 0.7796875 0.046875 0.7796875 0.03125 0.7671875 0.0078125 0.7640625 0 0.759375 0 0.7359375 0.0140625 0.71875 0.0359375 0.7046875 0.0546875 0.68125 0.0609375 0.678125 0.065625 0.671875 0.0734375 0.6671875 0.1078125 0.6671875 0.1140625 0.6640625 0.125 0.6640625
44 0.2015625 0.4171875 0.2109375 0.4203125 0.225 0.4203125 0.2296875 0.4234375 0.2375 0.4234375 0.240625 0.4265625 0.275 0.434375 0.2875 0.440625 0.3015625 0.4609375 0.3015625 0.478125 0.29375 0.4859375 0.290625 0.484375 0.2890625 0.4859375 0.2734375 0.4859375 0.2640625 0.4828125 0.2515625 0.4828125 0.23125 0.4890625 0.2078125 0.509375 0.2046875 0.528125 0.196875 0.5328125 0.1828125 0.5328125 0.175 0.5265625 0.1703125 0.5265625 0.1671875 0.5234375 0.1609375 0.5234375 0.1515625 0.51875 0.13125 0.4921875 0.125 0.4796875 0.1234375 0.4703125 0.1265625 0.459375 0.140625 0.44375 0.146875 0.43125 0.1625 0.4234375 0.1765625 0.4234375 0.1921875 0.4171875 0.2 0.4171875
44 0.5421875 0.540625 0.55 0.5375 0.55625 0.5390625 0.5578125 0.55 0.55625 0.55625 0.5515625 0.559375 0.5296875 0.565625 0.50625 0.56875 0.4984375 0.5734375 0.4890625 0.5734375 0.4828125 0.5640625 0.484375 0.559375 0.51875 0.5546875 0.5421875 0.5421875
44 0.0046875 0.6859375 0.0203125 0.690625 0.028125 0.6984375 0.0296875 0.70625 0.0171875 0.7140625 0.0015625 0.7328125 0 0.7328125 0 0.6875 0.003125 0.6859375
44 0.15 0.521875 0.1734375 0.53125 0.1828125 0.5421875 0.1859375 0.5484375 0.1875 0.5640625 0.1859375 0.578125 0.1796875 0.5828125 0.1703125 0.5859375 0.1578125 0.5859375 0.1484375 0.5921875 0.14375 0.5921875 0.1359375 0.5984375 0.134375 0.603125 0.1234375 0.6109375 0.11875 0.6515625 0.1046875 0.6625 0.065625 0.6625 0.046875 0.659375 0.0390625 0.653125 0.0390625 0.65 0.0484375 0.64375 0.053125 0.6375 0.04375 0.634375 0.0328125 0.621875 0.0296875 0.5921875 0.0296875 0.5765625 0.0328125 0.5640625 0.0359375 0.5578125 0.046875 0.5484375 0.0515625 0.546875 0.065625 0.534375 0.0796875 0.528125 0.0859375 0.528125 0.0984375 0.521875 0.115625 0.51875 0.1421875 0.51875 0.1484375 0.521875
44 0.353125 0.7953125 0.3703125 0.80625 0.378125 0.81875 0.38125 0.825 0.3796875 0.84375 0.35625 0.853125 0.3453125 0.853125 0.334375 0.85625 0.328125 0.8609375 0.3125 0.865625 0.3 0.8765625 0.290625 0.8765625 0.28125 0.88125 0.2796875 0.884375 0.2765625 0.884375 0.265625 0.8921875 0.2625 0.8984375 0.2625 0.9046875 0.25625 0.9140625 0.240625 0.9109375 0.2390625 0.9078125 0.2296875 0.903125 0.2296875 0.8984375 0.21875 0.8828125 0.21875 0.878125 0.2140625 0.871875 0.215625 0.8625 0.21875 0.859375 0.2375 0.8578125 0.2421875 0.8546875 0.246875 0.8546875 0.2671875 0.8421875 0.275 0.834375 0.278125 0.834375 0.2859375 0.828125 0.296875 0.825 0.3140625 0.8125 0.3203125 0.8109375 0.34375 0.7921875 0.3484375 0.7921875 0.3515625 0.7953125
44 0.259375 0.4859375 0.2609375 0.4875 0.3125 0.490625 0.31875 0.49375 0.3375 0.49375 0.3453125 0.5 0.353125 0.5015625 0.3578125 0.5078125 0.35625 0.521875 0.3359375 0.5296875 0.3234375 0.540625 0.321875 0.553125 0.3140625 0.5578125 0.3078125 0.5734375 0.3015625 0.578125 0.2953125 0.5890625 0.296875 0.6015625 0.2953125 0.603125 0.265625 0.603125 0.234375 0.59375 0.2203125 0.5921875 0.2171875 0.5890625 0.2109375 0.5890625 0.1984375 0.5828125 0.196875 0.578125 0.1984375 0.565625 0.203125 0.5546875 0.2125 0.546875 0.2140625 0.5421875 0.209375 0.5328125 0.209375 0.5109375 0.2140625 0.5046875 0.2359375 0.490625 0.240625 0.490625 0.2453125 0.4875 0.2578125 0.4875
44 0.1171875 0.8171875 0.1375 0.821875 0.1515625 0.828125 0.1546875 0.834375 0.16875 0.8484375 0.18125 0.8578125 0.190625 0.8625 0.1953125 0.8625 0.203125 0.86875 0.20625 0.875 0.20625 0.884375 0.203125 0.9015625 0.2 0.9078125 0.196875 0.909375 0.196875 0.9140625 0.1765625 0.9359375 0.1671875 0.940625 0.165625 0.94375 0.1390625 0.9546875 0.1265625 0.9578125 0.109375 0.9578125 0.1015625 0.9609375 0.0859375 0.959375 0.06875 0.9515625 0.053125 0.95 0.0375 0.94375 0.0109375 0.9140625 0.00625 0.9 0.00625 0.890625 0.0171875 0.859375 0.03125 0.8421875 0.04375 0.83125 0.071875 0.81875 0.084375 0.815625 0.115625 0.8171875
44 0.3953125 0.853125 0.409375 0.8546875 0.415625 0.8578125 0.4234375 0.865625 0.4296875 0.8796875 0.434375 0.8828125 0.4421875 0.9015625 0.44375 0.940625 0.4453125 0.9421875 0.44375 0.9515625 0.4390625 0.959375 0.4359375 0.978125 0.4265625 0.99375 0.41875 0.996875 0.403125 0.9984375 0.384375 0.9953125 0.3625 0.9984375 0.340625 0.9984375 0.3328125 0.9953125 0.31875 0.99375 0.3109375 0.9875 0.2796875 0.9734375 0.2609375 0.9578125 0.2609375 0.9484375 0.25625 0.9296875 0.25625 0.925 0.2609375 0.9171875 0.2609375 0.9125 0.26875 0.89375 0.284375 0.8828125 0.2984375 0.8796875 0.3125 0.86875 0.3234375 0.865625 0.3265625 0.8625 0.33125 0.8625 0.334375 0.859375 0.35 0.8578125 0.3546875 0.8546875 0.3609375 0.8546875 0.3734375 0.85 0.384375 0.85 0.39375 0.853125
44 0.3796875 0.7984375 0.4046875 0.796875 0.428125 0.803125 0.4671875 0.8 0.4734375 0.803125 0.4765625 0.8140625 0.46875 0.821875 0.4671875 0.8265625 0.4578125 0.834375 0.453125 0.8453125 0.4515625 0.85625 0.446875 0.8640625 0.446875 0.8703125 0.44375 0.8765625 0.4390625 0.878125 0.4296875 0.8734375 0.425 0.8625 0.415625 0.853125 0.396875 0.8515625 0.3828125 0.8453125 0.3828125 0.821875 0.3765625 0.80625 0.3796875 0.8
44 0.209375 0.8921875 0.2140625 0.8921875 0.221875 0.903125 0.2484375 0.928125 0.2484375 0.946875 0.2390625 0.9640625 0.23125 0.9703125 0.20625 0.9734375 0.1921875 0.9671875 0.175 0.9671875 0.1625 0.9734375 0.1546875 0.975 0.146875 0.9734375 0.13125 0.984375 0.1109375 0.9859375 0.0984375 0.978125 0.09375 0.9734375 0.0921875 0.9671875 0.09375 0.9640625 0.1015625 0.9625 0.134375 0.959375 0.1359375 0.95625 0.14375 0.95625 0.146875 0.953125 0.1609375 0.9484375 0.1875 0.928125 0.20625 0.903125 0.20625 0.8984375 0.209375 0.89375
44 0.5890625 0.8109375 0.634375 0.8109375 0.665625 0.8078125 0.665625 0.8171875 0.6609375 0.8296875 0.6421875 0.85 0.6375 0.85 0.628125 0.840625 0.625 0.840625 0.6125 0.8296875 0.6046875 0.8265625 0.5890625 0.8125
44 0.36875 0.4328125 0.3875 0.4390625 0.39375 0.44375 0.3953125 0.4515625 0.36875 0.48125 0.3625 0.4953125 0.35625 0.4984375 0.34375 0.4953125 0.340625 0.4921875 0.3140625 0.4890625 0.30625 0.4828125 0.3046875 0.4578125 0.3125 0.440625 0.31875 0.4375 0.334375 0.434375 0.3390625 0.43125 0.365625 0.43125 0.3671875 0.4328125
44 0.3125 0.690625 0.340625 0.7046875 0.3453125 0.7140625 0.353125 0.73125 0.353125 0.7359375 0.35625 0.7390625 0.3578125 0.7484375 0.3578125 0.7609375 0.353125 0.7734375 0.3328125 0.796875 0.315625 0.809375 0.3125 0.809375 0.309375 0.8140625 0.3 0.8203125 0.2828125 0.8265625 0.25625 0.846875 0.24375 0.853125 0.2359375 0.853125 0.228125 0.85625 0.1921875 0.85625 0.171875 0.840625 0.1703125 0.8328125 0.1734375 0.8296875 0.1734375 0.8140625 0.1703125 0.7953125 0.165625 0.790625 0.1609375 0.790625 0.15625 0.7875 0.1546875 0.775 0.1515625 0.7703125 0.1359375 0.7640625 0.1296875 0.753125 0.1328125 0.7390625 0.1359375 0.734375 0.14375 0.73125 0.15625 0.721875 0.159375 0.721875 0.16875 0.7140625 0.175 0.7109375 0.19375 0.7078125 0.2046875 0.7015625 0.2171875 0.6984375 0.2203125 0.6953125 0.2375 0.6953125 0.240625 0.6921875 0.2578125 0.690625 0.265625 0.6875 0.3109375 0.690625
44 0 0.765625 0.0296875 0.771875 0.0484375 0.784375 0.059375 0.7859375 0.0625 0.7890625 0.075 0.7890625 0.0796875 0.79375 0.0796875 0.8109375 0.053125 0.8234375 0.03125 0.8375 0.0140625 0.859375 0.00625 0.8796875 0 0.8828125 0 0.7671875
44 0.196875 0.5875 0.2 0.590625 0.2109375 0.590625 0.2203125 0.5953125 0.2390625 0.5984375 0.240625 0.6015625 0.2578125 0.6078125 0.284375 0.6078125 0.2984375 0.6109375 0.3078125 0.6265625 0.325 0.64375 0.325 0.6625 0.321875 0.675 0.3140625 0.6828125 0.303125 0.6859375 0.3015625 0.684375 0.2671875 0.6828125 0.2625 0.6859375 0.2515625 0.6859375 0.2296875 0.6921875 0.190625 0.690625 0.171875 0.6859375 0.1625 0.6796875 0.1484375 0.6765625 0.125 0.653125 0.1265625 0.61875 0.1421875 0.5984375 0.1515625 0.5953125 0.15625 0.590625 0.1953125 0.5875
44 0 0.6140625 0.0078125 0.6140625 0.0296875 0.628125 0.040625 0.64375 0.0328125 0.653125 0.040625 0.6578125 0.046875 0.6640625 0.0484375 0.66875 0.0484375 0.6734375 0.04375 0.6796875 0.0296875 0.6828125 0 0.6828125 0 0.615625
44 0.603125 0.678125 0.6109375 0.68125 0.6203125 0.68125 0.640625 0.690625 0.6453125 0.690625 0.6734375 0.7046875 0.6859375 0.715625 0.696875 0.7328125 0.6953125 0.7625 0.6859375 0.7859375 0.659375 0.8046875 0.634375 0.809375 0.596875 0.809375 0.5921875 0.80625 0.5859375 0.80625 0.5640625 0.7875 0.553125 0.7671875 0.553125 0.75625 0.5578125 0.7546875 0.5875 0.7234375 0.5890625 0.7171875 0.5875 0.7109375 0.584375 0.70625 0.584375 0.7015625 0.5734375 0.6890625 0.575 0.684375 0.590625 0.678125 0.6015625 0.678125
44 0.428125 0.5234375 0.44375 0.528125 0.45 0.534375 0.453125 0.534375 0.465625 0.54375 0.4859375 0.571875 0.4859375 0.5796875 0.478125 0.60625 0.465625 0.61875 0.459375 0.6203125 0.4578125 0.6234375 0.4453125 0.63125 0.43125 0.6328125 0.4265625 0.6359375 0.409375 0.6390625 0.40625 0.6421875 0.39375 0.64375 0.38125 0.65 0.35625 0.65 0.3390625 0.64375 0.3203125 0.6328125 0.3109375 0.6234375 0.3 0.59375 0.3 0.5875 0.303125 0.58125 0.3125 0.5734375 0.3171875 0.5609375 0.3234375 0.55625 0.3265625 0.540625 0.3359375 0.5328125 0.346875 0.528125 0.3671875 0.528125 0.3765625 0.525 0.4265625 0.5234375
44 0.54375 0.80625 0.559375 0.8078125 0.5640625 0.8109375 0.58125 0.8125 0.5875 0.815625 0.6296875 0.8453125 0.6453125 0.86875 0.6484375 0.8828125 0.6484375 0.9078125 0.6453125 0.9203125 0.634375 0.93125 0.6234375 0.9375 0.5984375 0.946875 0.5875 0.946875 0.578125 0.9515625 0.5578125 0.9515625 0.55625 0.95 0.53125 0.95 0.5296875 0.9515625 0.5171875 0.946875 0.509375 0.946875 0.4953125 0.940625 0.4828125 0.940625 0.4671875 0.9296875 0.4578125 0.9265625 0.4484375 0.915625 0.446875 0.9046875 0.4484375 0.8703125 0.45625 0.85625 0.459375 0.8375 0.4796875 0.81875 0.5015625 0.8078125 0.509375 0.8078125 0.5140625 0.8046875 0.5421875 0.80625
44 0.1234375 0.4875 0.140625 0.5046875 0.1453125 0.5109375 0.1453125 0.515625 0.1046875 0.5171875 0.10625 0.5015625 0.1125 0.49375 0.121875 0.4890625
44 0.5027173913043479 0.25891946992864423 0.514945652173913 0.2701325178389399 0.5570652173913043 0.2813455657492355 0.5665760869565217 0.2803261977573904 0.595108695652174 0.273190621814475 0.6019021739130435 0.2640163098878695 0.671195652173913 0.23343527013251783 0.6766304347826086 0.19877675840978595 0.6304347826086956 0.14373088685015292 0.6154891304347826 0.1416921508664628 0.5692934782608695 0.15698267074413863 0.5163043478260869 0.1946992864424057 0.4945652173913043 0.22629969418960244 0.5027173913043479 0.25891946992864423
44 0.7228260869565217 0.08154943934760449 0.7567934782608695 0.1365953109072375 0.7717391304347826 0.1508664627930683 0.796195652173913 0.16411824668705405 0.8586956521739131 0.1712538226299694 0.892663043478261 0.1488277268093782 0.9089673913043479 0.11314984709480122 0.9089673913043479 0.08053007135575943 0.892663043478261 0.06422018348623854 0.8899456521739131 0.04689092762487258 0.8410326086956521 0.004077471967380225 0.8342391304347826 0 0.7866847826086956 0 0.7581521739130435 0.011213047910295617 0.7527173913043479 0.020387359836901122 0.7377717391304348 0.024464831804281346 0.71875 0.04281345565749235 0.7228260869565217 0.08154943934760449
44 0.5217391304347826 0.12232415902140674 0.529891304347826 0.13353720693170235 0.5570652173913043 0.15800203873598367 0.5733695652173914 0.15188583078491336 0.5910326086956521 0.1508664627930683 0.6195652173913043 0.13965341488277266 0.6304347826086956 0.13965341488277266 0.638586956521739 0.14678899082568808 0.6603260869565217 0.1508664627930683 0.6657608695652174 0.14780835881753313 0.6657608695652174 0.13863404689092762 0.702445652173913 0.1233435270132518 0.7078804347826086 0.11111111111111112 0.7065217391304348 0.08256880733944955 0.686141304347826 0.06320081549439348 0.6630434782608695 0.06422018348623854 0.6277173913043479 0.05402650356778797 0.6005434782608695 0.05606523955147809 0.5747282608695652 0.07033639143730888 0.5516304347826086 0.07747196738022426 0.5230978260869565 0.11213047910295618 0.5217391304347826 0.12232415902140674
44 0.5991847826086956 0.3893985728848114 0.6073369565217391 0.41080530071355764 0.6222826086956521 0.41794087665647306 0.6793478260869565 0.4271151885830785 0.7146739130434783 0.4128440366972478 0.7608695652173914 0.37716615698267075 0.7730978260869565 0.35270132517838937 0.7744565217391304 0.3343527013251784 0.751358695652174 0.3129459734964322 0.6956521739130435 0.2976554536187564 0.671195652173913 0.3068297655453619 0.6331521739130435 0.3312945973496432 0.6032608695652174 0.36187563710499493 0.5991847826086956 0.3893985728848114
44 0.37635869565217395 0.15698267074413863 0.3858695652173913 0.17838939857288483 0.3980978260869565 0.19164118246687054 0.4415760869565217 0.21712538226299696 0.46059782608695654 0.218144750254842 0.47010869565217395 0.2140672782874618 0.48777173913043476 0.19164118246687054 0.4945652173913043 0.17227319062181448 0.4945652173913043 0.15800203873598367 0.4782608695652174 0.1182466870540265 0.4592391304347826 0.10601427115188584 0.4442934782608695 0.1019367991845056 0.3845108695652174 0.1182466870540265 0.375 0.12640163098878696 0.37635869565217395 0.15698267074413863
44 0.6875 0.22629969418960244 0.7133152173913043 0.2487257900101937 0.7364130434782609 0.2528032619775739 0.7663043478260869 0.22833843017329256 0.7894021739130435 0.22935779816513763 0.8084239130434783 0.22018348623853212 0.8179347826086957 0.20591233435270134 0.8192934782608695 0.18858307849133538 0.733695652173913 0.13965341488277266 0.7146739130434783 0.13965341488277266 0.6929347826086956 0.14678899082568808 0.6834239130434783 0.16106014271151886 0.6875 0.22629969418960244
44 0.7771739130434783 0.28746177370030584 0.7921195652173914 0.31702344546381245 0.8247282608695652 0.34658511722731905 0.8342391304347826 0.3516819571865443 0.8654891304347826 0.35270132517838937 0.8953804347826086 0.33333333333333337 0.9103260869565217 0.2976554536187564 0.919836956521739 0.24974515800203875 0.9076086956521738 0.2344546381243629 0.8872282608695652 0.22222222222222224 0.857336956521739 0.21712538226299696 0.8315217391304348 0.2252803261977574 0.8097826086956521 0.22629969418960244 0.7853260869565217 0.24770642201834864 0.7771739130434783 0.2650356778797146 0.7771739130434783 0.28746177370030584
44 0.45516304347826086 0.3435270132517839 0.47010869565217395 0.35881753312945974 0.5380434782608695 0.3934760448521917 0.5665760869565217 0.4026503567787971 0.5828804347826086 0.399592252803262 0.6141304347826086 0.3343527013251784 0.5896739130434783 0.3190621814475026 0.5706521739130435 0.2976554536187564 0.5027173913043479 0.2803261977573904 0.4796195652173913 0.28236493374108057 0.48097826086956524 0.28746177370030584 0.46603260869565216 0.29561671763506625 0.4538043478260869 0.32008154943934763 0.45516304347826086 0.3435270132517839
44 0.9171195652173912 0.1162079510703364 0.9008152173913043 0.14780835881753313 0.9021739130434783 0.17533129459734964 0.9171195652173912 0.1834862385321101 0.9415760869565217 0.18654434250764526 0.9945652173913043 0.15800203873598367 0.9986413043478259 0.14780835881753313 0.9986413043478259 0.05504587155963303 0.9796195652173912 0.04994903160040775 0.9361413043478259 0.06829765545361875 0.9171195652173912 0.07033639143730888 0.9130434782608695 0.0764525993883792 0.9171195652173912 0.1162079510703364