6 0.2671875 0.4265625 0.2875 0.4296875 0.29375 0.434375 0.29375 0.440625 0.290625 0.4453125 0.28125 0.4484375 0.278125 0.453125 0.25 0.453125 0.2484375 0.4515625 0.2453125 0.453125 0.2375 0.4515625 0.2328125 0.4453125 0.2328125 0.4359375 0.2359375 0.43125 0.2453125 0.4265625 0.265625 0.4265625
6 0.3328125 0.784375 0.3421875 0.790625 0.3453125 0.7984375 0.3453125 0.80625 0.3421875 0.8140625 0.33125 0.825 0.315625 0.8328125 0.3046875 0.834375 0.2875 0.840625 0.265625 0.840625 0.240625 0.8296875 0.2296875 0.821875 0.228125 0.81875 0.2296875 0.8109375 0.24375 0.8015625 0.275 0.7859375 0.3 0.7828125 0.33125 0.784375
6 0.2765625 0.4953125 0.2890625 0.5015625 0.2921875 0.5078125 0.290625 0.51875 0.2796875 0.5296875 0.2625 0.5390625 0.259375 0.54375 0.2515625 0.5453125 0.246875 0.55 0.2421875 0.55 0.2296875 0.55625 0.228125 0.559375 0.221875 0.5609375 0.209375 0.559375 0.2015625 0.5390625 0.203125 0.53125 0.2140625 0.5140625 0.2296875 0.5015625 0.25 0.49375 0.2734375 0.49375 0.275 0.4953125
6 0.646875 0.4109375 0.6515625 0.4140625 0.665625 0.4171875 0.675 0.4265625 0.6828125 0.4421875 0.6828125 0.453125 0.6765625 0.4609375 0.665625 0.46875 0.6546875 0.471875 0.640625 0.46875 0.628125 0.4625 0.625 0.4546875 0.6078125 0.4359375 0.6046875 0.4296875 0.6078125 0.421875 0.615625 0.4140625 0.6203125 0.4140625 0.6265625 0.409375 0.6453125 0.4109375
6 0.490625 0.78125 0.50625 0.7859375 0.5125 0.7921875 0.5234375 0.8109375 0.5234375 0.8171875 0.5203125 0.8203125 0.5 0.828125 0.484375 0.828125 0.4796875 0.8265625 0.478125 0.8234375 0.46875 0.821875 0.4609375 0.8171875 0.4578125 0.809375 0.4578125 0.7953125 0.4609375 0.7890625 0.478125 0.78125 0.4890625 0.78125
6 0.58125 0.559375 0.5890625 0.56875 0.5890625 0.5765625 0.5796875 0.5890625 0.565625 0.59375 0.5109375 0.5921875 0.5 0.584375 0.5 0.5671875 0.5109375 0.5578125 0.5359375 0.5515625 0.5625 0.5515625 0.5796875 0.559375
6 0.1671875 0.734375 0.196875 0.734375 0.20625 0.7375 0.2296875 0.7390625 0.246875 0.746875 0.2546875 0.75625 0.2546875 0.7625 0.2484375 0.7703125 0.2359375 0.7796875 0.2140625 0.790625 0.2046875 0.790625 0.196875 0.79375 0.18125 0.79375 0.1765625 0.790625 0.16875 0.790625 0.1640625 0.7859375 0.15625 0.7828125 0.15 0.7703125 0.15 0.7578125 0.15625 0.7453125 0.1671875 0.7359375
6 0.4390625 0.6625 0.45 0.6640625 0.4546875 0.6671875 0.453125 0.721875 0.4453125 0.7296875 0.440625 0.73125 0.4203125 0.7296875 0.40625 0.7203125 0.396875 0.7046875 0.396875 0.6859375 0.4 0.68125 0.40625 0.675 0.4203125 0.6671875 0.4375 0.6640625
6 0.2828125 0.678125 0.2875 0.6828125 0.2875 0.6890625 0.2796875 0.703125 0.2796875 0.7078125 0.2703125 0.715625 0.26875 0.7203125 0.2546875 0.7265625 0.2421875 0.728125 0.23125 0.7265625 0.225 0.7203125 0.225 0.7078125 0.2296875 0.6984375 0.2546875 0.678125 0.2640625 0.678125 0.26875 0.675 0.2796875 0.675 0.28125 0.678125
6 0.55625 0.728125 0.5578125 0.7296875 0.5625 0.728125 0.58125 0.7296875 0.5875 0.734375 0.590625 0.740625 0.590625 0.7484375 0.5875 0.7546875 0.5734375 0.7671875 0.5625 0.7703125 0.559375 0.7734375 0.5328125 0.778125 0.5171875 0.778125 0.5015625 0.7734375 0.4921875 0.7609375 0.49375 0.7515625 0.50625 0.740625 0.515625 0.7390625 0.534375 0.73125 0.5546875 0.728125
49 0.2934782608695652 0.3037716615698267 0.30978260869565216 0.3058103975535168 0.3233695652173913 0.3129459734964322 0.5597826086956521 0.35372069317023447 0.5665760869565217 0.34658511722731905 0.5883152173913043 0.3425076452599388 0.6046195652173914 0.3414882772680938 0.623641304347826 0.3486238532110092 0.6345108695652174 0.3414882772680938 0.654891304347826 0.3394495412844037 0.6820652173913043 0.3506625891946993 0.6915760869565217 0.35983690112130484 0.720108695652174 0.3608562691131499 0.7269021739130435 0.3669724770642202 0.7404891304347826 0.36799184505606525 0.7472826086956521 0.36289500509684 0.751358695652174 0.3720693170234455 0.7758152173913043 0.37512742099898067 0.782608695652174 0.38634046890927626 0.7853260869565217 0.3730886850152905 0.7771739130434783 0.36289500509684 0.75 0.3506625891946993 0.702445652173913 0.33741080530071355 0.561141304347826 0.31600407747196735 0.28804347826086957 0.2925586136595311 0.2934782608695652 0.3037716615698267
6 0.35625 0.3203125 0.3765625 0.325 0.378125 0.33125 0.3828125 0.3359375 0.39375 0.3375 0.403125 0.34375 0.415625 0.3578125 0.415625 0.3703125 0.4125 0.3765625 0.4046875 0.3828125 0.390625 0.3859375 0.3734375 0.3828125 0.353125 0.3828125 0.3515625 0.384375 0.340625 0.3828125 0.334375 0.3796875 0.334375 0.3765625 0.325 0.36875 0.321875 0.3609375 0.3140625 0.3546875 0.3109375 0.3484375 0.3109375 0.3375 0.3125 0.3296875 0.315625 0.3265625 0.328125 0.3203125 0.3546875 0.3203125
6 0.365625 0.628125 0.3703125 0.625 0.384375 0.625 0.3953125 0.63125 0.403125 0.6390625 0.4046875 0.64375 0.403125 0.6546875 0.3859375 0.6703125 0.371875 0.675 0.359375 0.6734375 0.3546875 0.6703125 0.353125 0.6640625 0.353125 0.646875 0.35625 0.6375 0.365625 0.6296875
6 0.5890625 0.428125 0.6015625 0.434375 0.6140625 0.446875 0.6203125 0.459375 0.6203125 0.46875 0.6125 0.4765625 0.59375 0.4828125 0.5859375 0.4828125 0.578125 0.4796875 0.571875 0.48125 0.5578125 0.4703125 0.5453125 0.46875 0.54375 0.4671875 0.5453125 0.459375 0.5390625 0.446875 0.5390625 0.4328125 0.54375 0.4265625 0.5484375 0.4265625 0.553125 0.4234375 0.5734375 0.4234375 0.5875 0.428125
49 0.06793478260869565 0.3761467889908257 0.09239130434782608 0.4301732925586137 0.08967391304347826 0.46381243628950053 0.07201086956521739 0.5066258919469929 0.057065217391304345 0.5290519877675841 0.05570652173913043 0.5535168195718654 0 0.6401630988786953 0 0.7492354740061162 0.029891304347826088 0.7319062181447503 0.008152173913043478 0.6829765545361876 0.012228260869565218 0.6707441386340469 0.04755434782608696 0.6371049949031601 0.06114130434782609 0.6156982670744139 0.0625 0.6044852191641182 0.07880434782608695 0.5861365953109072 0.08559782608695651 0.5851172273190622 0.08288043478260869 0.5647298674821611 0.08559782608695651 0.5575942915392457 0.09510869565217392 0.5545361875637105 0.09510869565217392 0.5392456676860347 0.10733695652173914 0.5219164118246687 0.11005434782608696 0.5005096839959225 0.10461956521739131 0.48114169215086644 0.11141304347826086 0.44784199796126406 0.12907608695652173 0.42915392456676865 0.12907608695652173 0.4118246687054027 0.10869565217391304 0.3975535168195719 0.11005434782608696 0.38634046890927626 0.12228260869565218 0.3720693170234455 0.12228260869565218 0.3608562691131499 0.15353260869565216 0.34454638124362896 0.1779891304347826 0.3425076452599388 0.20652173913043476 0.3190621814475026 0.2078804347826087 0.3037716615698267 0.22010869565217392 0.29357798165137616 0.15489130434782608 0.290519877675841 0.12092391304347824 0.29867482161060144 0.09510869565217392 0.3149847094801223 0.08967391304347826 0.32925586136595314 0.07065217391304349 0.33843017329255864 0.06521739130434782 0.3486238532110092 0.06793478260869565 0.3761467889908257
6 0.1234375 0.584375 0.1265625 0.5890625 0.1328125 0.590625 0.1375 0.5953125 0.1453125 0.6078125 0.146875 0.6125 0.1453125 0.6390625 0.1328125 0.65625 0.1078125 0.6671875 0.0984375 0.665625 0.0875 0.65625 0.084375 0.65 0.084375 0.6421875 0.08125 0.6375 0.078125 0.6203125 0.08125 0.6078125 0.0875 0.5953125 0.0984375 0.5875 0.103125 0.5875 0.1078125 0.584375 0.121875 0.584375
6 0.1546875 0.540625 0.16875 0.54375 0.175 0.546875 0.178125 0.5515625 0.1890625 0.5546875 0.2015625 0.5671875 0.2078125 0.5953125 0.196875 0.603125 0.1875 0.6046875 0.1640625 0.603125 0.1515625 0.596875 0.146875 0.596875 0.1390625 0.5921875 0.134375 0.5859375 0.1265625 0.5828125 0.1234375 0.5734375 0.125 0.5546875 0.1390625 0.54375 0.1453125 0.540625 0.153125 0.540625
6 0.5375 0.5984375 0.5453125 0.6015625 0.553125 0.6015625 0.5578125 0.6046875 0.5609375 0.609375 0.559375 0.6171875 0.5375 0.646875 0.528125 0.653125 0.5078125 0.659375 0.490625 0.659375 0.4796875 0.65625 0.471875 0.65 0.46875 0.64375 0.46875 0.6359375 0.475 0.6234375 0.5 0.6046875 0.521875 0.5984375 0.5359375 0.5984375
6 0.2140625 0.475 0.2234375 0.48125 0.225 0.4875 0.2171875 0.50625 0.2078125 0.515625 0.1890625 0.525 0.178125 0.5234375 0.175 0.5265625 0.16875 0.5265625 0.153125 0.534375 0.1359375 0.5328125 0.1296875 0.5296875 0.125 0.521875 0.1265625 0.509375 0.14375 0.4921875 0.146875 0.484375 0.1515625 0.484375 0.1546875 0.48125 0.165625 0.4796875 0.1703125 0.4765625 0.1796875 0.4765625 0.1875 0.4734375 0.2109375 0.4734375 0.2125 0.475
6 0.5078125 0.3453125 0.5296875 0.35 0.5390625 0.3546875 0.55 0.3609375 0.5546875 0.3703125 0.5515625 0.378125 0.5359375 0.3921875 0.51875 0.3984375 0.5046875 0.4 0.478125 0.3984375 0.465625 0.3921875 0.4609375 0.3921875 0.453125 0.3828125 0.4515625 0.3734375 0.4609375 0.3640625 0.478125 0.35625 0.484375 0.35 0.490625 0.346875 0.50625 0.3453125
6 0.3578125 0.44375 0.38125 0.4546875 0.3875 0.4703125 0.3828125 0.4796875 0.3640625 0.4890625 0.328125 0.4890625 0.3046875 0.4765625 0.3 0.4640625 0.303125 0.459375 0.303125 0.4546875 0.30625 0.4546875 0.3125 0.4484375 0.3203125 0.446875 0.3234375 0.44375 0.328125 0.4421875 0.35625 0.44375
6 0.5859375 0.7953125 0.5984375 0.8 0.6234375 0.8015625 0.6453125 0.821875 0.6484375 0.8296875 0.6484375 0.8390625 0.6453125 0.8453125 0.6390625 0.85 0.6296875 0.853125 0.6015625 0.85625 0.5875 0.85625 0.5828125 0.853125 0.5734375 0.853125 0.5578125 0.846875 0.5421875 0.83125 0.5375 0.81875 0.5390625 0.8109375 0.5453125 0.8015625 0.5671875 0.7953125 0.584375 0.7953125
6 0.2546875 0.5921875 0.2703125 0.5953125 0.271875 0.5984375 0.2796875 0.5984375 0.290625 0.609375 0.3015625 0.63125 0.3015625 0.646875 0.2921875 0.65625 0.2796875 0.6625 0.25625 0.6625 0.2453125 0.65625 0.240625 0.65625 0.225 0.6328125 0.2234375 0.6140625 0.2296875 0.5984375 0.2375 0.59375 0.253125 0.5921875
6 0.3390625 0.6875 0.3484375 0.696875 0.3453125 0.70625 0.3359375 0.715625 0.33125 0.7265625 0.3078125 0.7375 0.2734375 0.7359375 0.26875 0.7296875 0.26875 0.721875 0.271875 0.715625 0.284375 0.7046875 0.3140625 0.6875 0.3375 0.6875
6 0.178125 0.3796875 0.190625 0.38125 0.1953125 0.384375 0.2046875 0.3984375 0.2078125 0.4078125 0.2078125 0.425 0.203125 0.4328125 0.2 0.446875 0.190625 0.4609375 0.1796875 0.46875 0.15625 0.46875 0.140625 0.459375 0.1375 0.453125 0.1375 0.4109375 0.14375 0.39375 0.1515625 0.384375 0.1765625 0.3796875
6 0.1234375 0.765625 0.1328125 0.76875 0.146875 0.784375 0.16875 0.7984375 0.171875 0.7984375 0.184375 0.8109375 0.1859375 0.821875 0.1796875 0.8328125 0.1734375 0.8375 0.153125 0.8421875 0.125 0.840625 0.1078125 0.834375 0.1 0.8296875 0.084375 0.8109375 0.084375 0.8046875 0.08125 0.7984375 0.08125 0.7875 0.084375 0.7796875 0.0984375 0.76875 0.1078125 0.765625 0.121875 0.765625
6 0.503125 0.678125 0.515625 0.68125 0.528125 0.68125 0.5375 0.6875 0.540625 0.6921875 0.5390625 0.703125 0.528125 0.7125 0.5109375 0.715625 0.490625 0.7265625 0.4796875 0.7265625 0.471875 0.7234375 0.459375 0.7 0.459375 0.6875 0.4625 0.68125 0.4703125 0.6765625 0.5015625 0.678125
6 0.375 0.7625 0.3984375 0.7609375 0.415625 0.765625 0.44375 0.79375 0.446875 0.7984375 0.4484375 0.8109375 0.446875 0.8296875 0.434375 0.846875 0.4171875 0.853125 0.40625 0.8546875 0.3875 0.853125 0.3859375 0.834375 0.375 0.8203125 0.375 0.8125 0.365625 0.796875 0.3625 0.7859375 0.365625 0.771875 0.375 0.7640625
6 0.6453125 0.7234375 0.671875 0.7390625 0.6921875 0.765625 0.696875 0.7765625 0.696875 0.784375 0.690625 0.79375 0.6828125 0.796875 0.65625 0.796875 0.646875 0.79375 0.6265625 0.7828125 0.615625 0.771875 0.60625 0.75 0.6078125 0.734375 0.615625 0.725 0.621875 0.721875 0.6421875 0.721875 0.64375 0.7234375
6 0.315625 0.3796875 0.321875 0.3859375 0.321875 0.3953125 0.31875 0.4015625 0.309375 0.409375 0.3046875 0.409375 0.296875 0.415625 0.2796875 0.41875 0.2765625 0.4171875 0.265625 0.41875 0.2453125 0.4125 0.240625 0.409375 0.240625 0.39375 0.25 0.3875 0.26875 0.38125 0.2890625 0.38125 0.3015625 0.378125 0.3140625 0.3796875
6 0.0546875 0.65625 0.0625 0.6578125 0.065625 0.6609375 0.0828125 0.6640625 0.0859375 0.6703125 0.1 0.68125 0.0984375 0.70625 0.0890625 0.7140625 0.065625 0.7203125 0.059375 0.7203125 0.0515625 0.715625 0.0328125 0.7109375 0.015625 0.6859375 0.015625 0.675 0.021875 0.6640625 0.0375 0.6578125 0.053125 0.65625
6 0.3609375 0.53125 0.4046875 0.5484375 0.4046875 0.5515625 0.4109375 0.559375 0.4125 0.56875 0.409375 0.5734375 0.3984375 0.5796875 0.3796875 0.578125 0.3671875 0.5703125 0.353125 0.5703125 0.34375 0.565625 0.334375 0.55625 0.3296875 0.5484375 0.33125 0.540625 0.3453125 0.53125 0.359375 0.53125
6 0.603125 0.6203125 0.6125 0.628125 0.6203125 0.64375 0.621875 0.6515625 0.6203125 0.659375 0.625 0.671875 0.6234375 0.68125 0.61875 0.6859375 0.5890625 0.6828125 0.575 0.6890625 0.5578125 0.6890625 0.5484375 0.6828125 0.5453125 0.6765625 0.546875 0.6640625 0.553125 0.653125 0.5546875 0.6453125 0.565625 0.634375 0.578125 0.625 0.5828125 0.625 0.584375 0.621875 0.6015625 0.6203125
6 0.31875 0.553125 0.3328125 0.5578125 0.3375 0.565625 0.353125 0.58125 0.353125 0.584375 0.3640625 0.6 0.3640625 0.6046875 0.359375 0.6125 0.3515625 0.61875 0.34375 0.6203125 0.3421875 0.6234375 0.3328125 0.625 0.309375 0.61875 0.3015625 0.6109375 0.296875 0.609375 0.2921875 0.6015625 0.28125 0.5921875 0.278125 0.58125 0.278125 0.575 0.2828125 0.5640625 0.290625 0.5578125 0.303125 0.553125 0.3171875 0.553125
6 0.66875 0.4953125 0.6859375 0.5078125 0.6890625 0.515625 0.690625 0.5296875 0.6859375 0.5390625 0.6734375 0.55 0.6515625 0.553125 0.6453125 0.55625 0.6046875 0.55625 0.5890625 0.553125 0.5734375 0.5421875 0.571875 0.5359375 0.5734375 0.5234375 0.584375 0.5109375 0.603125 0.509375 0.625 0.503125 0.6546875 0.50625 0.6609375 0.49375 0.6671875 0.4953125
6 0.2921875 0.30625 0.3078125 0.309375 0.3171875 0.3171875 0.3171875 0.321875 0.3109375 0.3265625 0.30625 0.334375 0.3015625 0.3546875 0.2984375 0.3546875 0.2953125 0.359375 0.2984375 0.365625 0.2921875 0.36875 0.290625 0.3671875 0.2859375 0.375 0.2796875 0.3734375 0.2734375 0.3765625 0.265625 0.3703125 0.259375 0.3703125 0.2453125 0.3640625 0.228125 0.3625 0.2265625 0.359375 0.234375 0.3421875 0.2546875 0.3203125 0.259375 0.31875 0.2671875 0.3109375 0.290625 0.3078125
6 0.4515625 0.5921875 0.4578125 0.6015625 0.4578125 0.6125 0.4609375 0.6234375 0.4578125 0.6390625 0.4453125 0.65 0.4421875 0.65 0.434375 0.65625 0.4203125 0.65625 0.4125 0.65 0.40625 0.6296875 0.4078125 0.6140625 0.4171875 0.5953125 0.421875 0.5953125 0.43125 0.590625 0.4484375 0.590625 0.45 0.5921875
6 0.5109375 0.4078125 0.5125 0.4125 0.5078125 0.425 0.5046875 0.425 0.5 0.4296875 0.4921875 0.4296875 0.4890625 0.4328125 0.484375 0.4328125 0.471875 0.4453125 0.459375 0.4515625 0.453125 0.459375 0.4359375 0.459375 0.434375 0.4609375 0.4296875 0.4578125 0.4265625 0.459375 0.4234375 0.45625 0.41875 0.45625 0.415625 0.453125 0.4203125 0.4484375 0.425 0.4375 0.440625 0.4296875 0.4609375 0.4140625 0.4734375 0.4078125 0.478125 0.40625 0.5078125 0.40625 0.509375 0.4078125
6 0.434375 0.4828125 0.446875 0.490625 0.4546875 0.5 0.4671875 0.5078125 0.4859375 0.525 0.4875 0.5296875 0.4828125 0.5359375 0.4796875 0.5359375 0.478125 0.5390625 0.4671875 0.540625 0.428125 0.5390625 0.4125 0.5296875 0.40625 0.5234375 0.396875 0.503125 0.396875 0.49375 0.4015625 0.484375 0.4046875 0.48125 0.43125 0.48125 0.4328125 0.4828125
6 0.503125 0.43125 0.509375 0.434375 0.528125 0.4375 0.5359375 0.4484375 0.5390625 0.4625 0.5375 0.4734375 0.5390625 0.4875 0.5359375 0.4953125 0.521875 0.509375 0.5109375 0.5125 0.4859375 0.509375 0.4796875 0.50625 0.4765625 0.5015625 0.4765625 0.4703125 0.4734375 0.4609375 0.4765625 0.4453125 0.484375 0.434375 0.5015625 0.43125
49 0.46875 0.8868501529051989 0.4741847826086956 0.8960244648318044 0.5258152173913043 0.9051987767584098 0.5407608695652174 0.9041794087665649 0.5394021739130435 0.8960244648318044 0.501358695652174 0.8868501529051989 0.47690217391304346 0.8644240570846076 0.4728260869565217 0.8715596330275229 0.46875 0.8868501529051989
6 0.5984375 0.3671875 0.61875 0.3703125 0.6265625 0.3765625 0.63125 0.384375 0.63125 0.3984375 0.628125 0.4046875 0.61875 0.40625 0.60625 0.4125 0.58125 0.415625 0.578125 0.41875 0.5578125 0.41875 0.546875 0.409375 0.5421875 0.403125 0.5421875 0.39375 0.553125 0.38125 0.565625 0.3734375 0.5765625 0.3703125 0.596875 0.36875
6 0.1890625 0.63125 0.2015625 0.634375 0.2078125 0.6390625 0.2078125 0.6453125 0.2140625 0.6578125 0.2140625 0.6734375 0.2125 0.675 0.2140625 0.703125 0.2078125 0.7171875 0.1921875 0.725 0.1703125 0.7234375 0.1578125 0.71875 0.1375 0.6984375 0.1390625 0.6859375 0.146875 0.675 0.1484375 0.6671875 0.1546875 0.6625 0.1609375 0.653125 0.165625 0.640625 0.171875 0.6375 0.1796875 0.6375 0.1875 0.6328125
49 0.02717391304347826 0.8226299694189603 0 0.8205912334352702 0 0.8521916411824669 0.07472826086956522 0.8583078491335373 0.09646739130434782 0.8583078491335373 0.12092391304347824 0.8521916411824669 0.05298913043478261 0.8205912334352702 0.03940217391304347 0.819571865443425 0.02717391304347826 0.8226299694189603
49 0.6630434782608695 0.8277268093781857 0.6847826086956521 0.8419979612640164 0.6915760869565217 0.8593272171253823 0.7160326086956521 0.8623853211009175 0.7309782608695652 0.8817533129459735 0.7309782608695652 0.888888888888889 0.7160326086956521 0.9011213047910296 0.671195652173913 0.9041794087665649 0.6644021739130435 0.9102956167176351 0.671195652173913 0.9133537206931702 0.7105978260869565 0.9113149847094801 0.7269021739130435 0.9031600407747197 0.7404891304347826 0.8878695208970437 0.733695652173913 0.7900101936799185 0.720108695652174 0.7910295616717635 0.7078804347826086 0.8002038735983691 0.6997282608695652 0.8144750254841998 0.6644021739130435 0.8226299694189603 0.6630434782608695 0.8277268093781857
49 0.12907608695652173 0.8491335372069317 0.13858695652173914 0.8603465851172274 0.16983695652173914 0.8664627930682978 0.34510869565217395 0.888888888888889 0.37228260869565216 0.8868501529051989 0.375 0.8817533129459735 0.3695652173913043 0.8705402650356779 0.37364130434782605 0.8685015290519879 0.3654891304347826 0.8623853211009175 0.33695652173913043 0.8623853211009175 0.3328804347826087 0.8685015290519879 0.32065217391304346 0.8674821610601426 0.3192934782608695 0.8705402650356779 0.2921195652173913 0.8685015290519879 0.28260869565217395 0.8613659531090724 0.24864130434782608 0.8593272171253823 0.23369565217391303 0.8532110091743119 0.23369565217391303 0.8481141692150868 0.20923913043478262 0.8481141692150868 0.2078804347826087 0.855249745158002 0.1983695652173913 0.8583078491335373 0.18614130434782608 0.8562691131498472 0.1779891304347826 0.8491335372069317 0.13994565217391303 0.8470948012232415 0.12907608695652173 0.8491335372069317
49 0.6847826086956521 0.4750254841997961 0.6847826086956521 0.4841997961264016 0.6956521739130435 0.5045871559633028 0.7119565217391304 0.5066258919469929 0.7567934782608695 0.48114169215086644 0.7975543478260869 0.4454638124362895 0.8084239130434783 0.42201834862385323 0.8029891304347826 0.40366972477064217 0.796195652173913 0.4016309887869521 0.796195652173913 0.40672782874617736 0.7785326086956521 0.41794087665647306 0.7758152173913043 0.4301732925586137 0.7404891304347826 0.43119266055045874 0.7296195652173914 0.4525993883792049 0.6929347826086956 0.4648318042813456 0.6847826086956521 0.4750254841997961