4 0.4953125 0.3640625 0.5 0.365625 0.5046875 0.3734375 0.5234375 0.390625 0.525 0.396875 0.5359375 0.4109375 0.5359375 0.4140625 0.5484375 0.4265625 0.55 0.440625 0.546875 0.4484375 0.54375 0.45 0.5203125 0.4484375 0.50625 0.4515625 0.5046875 0.4546875 0.496875 0.45625 0.4921875 0.4609375 0.484375 0.4640625 0.4765625 0.471875 0.4640625 0.490625 0.4625 0.5015625 0.4546875 0.51875 0.4515625 0.53125 0.4515625 0.5421875 0.4484375 0.55 0.4484375 0.5703125 0.446875 0.575 0.4421875 0.578125 0.4328125 0.5734375 0.4328125 0.5703125 0.4203125 0.5578125 0.4078125 0.5546875 0.3921875 0.55625 0.390625 0.5484375 0.4 0.5296875 0.403125 0.5171875 0.4109375 0.5078125 0.4125 0.4984375 0.44375 0.4390625 0.4515625 0.4296875 0.4546875 0.41875 0.4640625 0.4078125 0.4703125 0.3953125 0.4734375 0.39375 0.475 0.3859375 0.484375 0.375 0.484375 0.371875 0.49375 0.3640625
4 0.8359375 0.4046875 0.8484375 0.40625 0.8609375 0.41875 0.8625 0.4234375 0.871875 0.43125 0.878125 0.453125 0.878125 0.4609375 0.8828125 0.471875 0.8828125 0.4828125 0.8921875 0.515625 0.890625 0.546875 0.8875 0.5515625 0.8859375 0.5625 0.88125 0.56875 0.8765625 0.5703125 0.875 0.553125 0.8546875 0.534375 0.8515625 0.5265625 0.84375 0.521875 0.8390625 0.515625 0.834375 0.5140625 0.83125 0.509375 0.8296875 0.5046875 0.8390625 0.4875 0.8421875 0.4703125 0.8421875 0.4328125 0.8359375 0.40625
4 0.759375 0.615625 0.7671875 0.6171875 0.7703125 0.621875 0.7765625 0.625 0.765625 0.640625 0.759375 0.6453125 0.7546875 0.6546875 0.7453125 0.6640625 0.7171875 0.64375 0.7171875 0.6390625 0.7203125 0.6375 0.7296875 0.6359375 0.73125 0.6328125 0.7484375 0.6296875 0.7578125 0.621875 0.759375 0.6171875
4 0.6390625 0.3 0.6515625 0.3 0.6578125 0.30625 0.6625 0.3203125 0.6703125 0.3265625 0.6734375 0.3328125 0.675 0.3484375 0.6734375 0.3875 0.6640625 0.39375 0.653125 0.38125 0.653125 0.378125 0.6484375 0.375 0.625 0.378125 0.6234375 0.38125 0.6140625 0.384375 0.5953125 0.4015625 0.590625 0.403125 0.5859375 0.409375 0.58125 0.4109375 0.5671875 0.425 0.5671875 0.428125 0.559375 0.43125 0.5578125 0.434375 0.5375 0.4078125 0.5375 0.396875 0.546875 0.3875 0.5484375 0.3796875 0.559375 0.36875 0.559375 0.365625 0.56875 0.3578125 0.5703125 0.353125 0.5765625 0.35 0.5796875 0.3453125 0.5859375 0.34375 0.590625 0.3328125 0.596875 0.33125 0.6 0.3265625 0.6125 0.321875 0.6140625 0.31875 0.63125 0.315625 0.634375 0.30625 0.6390625 0.3015625
4 0.675 0.6453125 0.7140625 0.6453125 0.715625 0.6484375 0.7265625 0.653125 0.728125 0.65625 0.734375 0.6578125 0.7421875 0.665625 0.7421875 0.66875 0.7578125 0.690625 0.7671875 0.7125 0.7671875 0.721875 0.775 0.75 0.7734375 0.8046875 0.775 0.809375 0.78125 0.815625 0.7640625 0.8328125 0.7625 0.840625 0.746875 0.8640625 0.746875 0.86875 0.7421875 0.8765625 0.721875 0.8828125 0.684375 0.884375 0.6828125 0.8875 0.6734375 0.8875 0.671875 0.884375 0.646875 0.88125 0.6453125 0.878125 0.6328125 0.8734375 0.628125 0.865625 0.621875 0.8609375 0.61875 0.853125 0.6078125 0.8421875 0.6015625 0.840625 0.5984375 0.8328125 0.590625 0.825 0.5875 0.8171875 0.5859375 0.803125 0.5796875 0.790625 0.575 0.7453125 0.584375 0.70625 0.6 0.665625 0.6109375 0.6546875 0.6109375 0.6515625 0.6171875 0.6484375 0.6609375 0.65 0.675 0.646875
4 0.5765625 0.653125 0.6015625 0.653125 0.6015625 0.6578125 0.59375 0.6703125 0.5890625 0.690625 0.578125 0.7171875 0.578125 0.728125 0.5734375 0.7421875 0.5734375 0.7640625 0.578125 0.79375 0.584375 0.8046875 0.5859375 0.8203125 0.5984375 0.8375 0.5984375 0.840625 0.60625 0.8453125 0.6203125 0.859375 0.6234375 0.8671875 0.6296875 0.871875 0.6359375 0.88125 0.63125 0.884375 0.6234375 0.884375 0.621875 0.8875 0.590625 0.8875 0.5890625 0.884375 0.5578125 0.884375 0.534375 0.88125 0.51875 0.8671875 0.5171875 0.859375 0.5109375 0.8546875 0.503125 0.840625 0.503125 0.83125 0.5171875 0.796875 0.5203125 0.7296875 0.5265625 0.7203125 0.5265625 0.715625 0.53125 0.70625 0.5375 0.6984375 0.5390625 0.690625 0.546875 0.68125 0.546875 0.678125 0.559375 0.6640625 0.565625 0.6625 0.5671875 0.659375 0.5765625 0.6546875
4 0.7609375 0.30625 0.7890625 0.3046875 0.79375 0.309375 0.7953125 0.30625 0.803125 0.30625 0.8203125 0.3296875 0.8296875 0.365625 0.8328125 0.409375 0.840625 0.4390625 0.840625 0.4640625 0.834375 0.49375 0.825 0.5015625 0.7984375 0.478125 0.790625 0.475 0.7875 0.4703125 0.78125 0.46875 0.778125 0.4640625 0.76875 0.4609375 0.765625 0.45625 0.7578125 0.4546875 0.75625 0.4515625 0.7515625 0.45 0.740625 0.4515625 0.7265625 0.446875 0.7171875 0.446875 0.7109375 0.453125 0.703125 0.4734375 0.6953125 0.4828125 0.690625 0.4640625 0.6859375 0.4546875 0.684375 0.4375 0.68125 0.434375 0.68125 0.425 0.675 0.4015625 0.678125 0.365625 0.6828125 0.3625 0.6875 0.353125 0.6921875 0.3515625 0.696875 0.3453125 0.7046875 0.3421875 0.70625 0.3375 0.71875 0.3265625 0.7234375 0.3265625 0.7375 0.315625 0.740625 0.315625 0.7421875 0.3125 0.7609375 0.3078125
4 0.6890625 0.5109375 0.690625 0.5125 0.715625 0.5125 0.7171875 0.515625 0.740625 0.51875 0.7421875 0.521875 0.7484375 0.521875 0.7546875 0.5265625 0.7578125 0.5390625 0.75625 0.55 0.7578125 0.5515625 0.7578125 0.615625 0.75625 0.6203125 0.746875 0.628125 0.7296875 0.63125 0.728125 0.634375 0.7234375 0.6359375 0.703125 0.6375 0.7015625 0.640625 0.6640625 0.6421875 0.6625 0.64375 0.5984375 0.64375 0.590625 0.640625 0.5875 0.6234375 0.5875 0.5296875 0.5921875 0.521875 0.596875 0.521875 0.5984375 0.51875 0.6078125 0.515625 0.625 0.515625 0.6265625 0.5125 0.6875 0.5109375
4 0.3875 0.54375 0.3890625 0.55 0.384375 0.5609375 0.3703125 0.5640625 0.36875 0.5671875 0.359375 0.5703125 0.3578125 0.575 0.35 0.578125 0.3421875 0.5859375 0.3421875 0.5890625 0.325 0.6046875 0.3203125 0.6046875 0.3203125 0.5984375 0.3265625 0.584375 0.3265625 0.5765625 0.33125 0.565625 0.3375 0.5609375 0.340625 0.553125 0.353125 0.5484375 0.3625 0.5484375 0.3640625 0.5453125 0.3859375 0.54375
4 0.734375 0.4515625 0.7375 0.45625 0.7625 0.4578125 0.7671875 0.4625 0.7765625 0.465625 0.7796875 0.4703125 0.7859375 0.471875 0.7875 0.475 0.796875 0.4796875 0.8046875 0.4890625 0.809375 0.490625 0.8109375 0.4953125 0.8203125 0.5 0.834375 0.5171875 0.846875 0.525 0.8578125 0.540625 0.8734375 0.55625 0.8734375 0.575 0.86875 0.5796875 0.859375 0.603125 0.846875 0.6015625 0.8453125 0.5984375 0.8359375 0.5953125 0.8125 0.5984375 0.8078125 0.603125 0.7984375 0.6046875 0.7796875 0.621875 0.771875 0.6203125 0.759375 0.6078125 0.759375 0.525 0.753125 0.5203125 0.7484375 0.5203125 0.746875 0.5171875 0.7375 0.5171875 0.7265625 0.5140625 0.725 0.5109375 0.715625 0.509375 0.696875 0.5109375 0.6953125 0.509375 0.696875 0.4890625 0.70625 0.4734375 0.70625 0.46875 0.7140625 0.453125 0.7171875 0.45 0.7328125 0.4515625
4 0.390625 0.559375 0.415625 0.559375 0.4171875 0.5625 0.425 0.565625 0.4328125 0.578125 0.4390625 0.5796875 0.4453125 0.596875 0.4453125 0.621875 0.440625 0.625 0.440625 0.628125 0.434375 0.6296875 0.43125 0.634375 0.4234375 0.6375 0.4203125 0.6421875 0.4140625 0.64375 0.403125 0.6546875 0.39375 0.6578125 0.3765625 0.6765625 0.3671875 0.6828125 0.3578125 0.6984375 0.3578125 0.7046875 0.346875 0.73125 0.346875 0.76875 0.3421875 0.7703125 0.3296875 0.76875 0.3265625 0.7609375 0.3265625 0.753125 0.3203125 0.746875 0.3109375 0.7265625 0.3046875 0.7203125 0.3 0.7046875 0.296875 0.7015625 0.2921875 0.6828125 0.2921875 0.6578125 0.2953125 0.6453125 0.303125 0.634375 0.30625 0.625 0.3125 0.6203125 0.3234375 0.6046875 0.3375 0.5953125 0.3375 0.5921875 0.35 0.5796875 0.3578125 0.5765625 0.3625 0.5703125 0.3671875 0.5703125 0.371875 0.56875 0.3734375 0.565625 0.390625 0.5609375
4 0.978125 0.5515625 0.9984375 0.559375 0.9984375 0.69375 0.99375 0.696875 0.984375 0.6984375 0.9828125 0.7015625 0.978125 0.703125 0.959375 0.703125 0.9578125 0.7046875 0.95 0.703125 0.925 0.7046875 0.9125 0.7015625 0.90625 0.684375 0.90625 0.675 0.896875 0.65625 0.89375 0.64375 0.884375 0.634375 0.875 0.621875 0.875 0.61875 0.8640625 0.6078125 0.8640625 0.596875 0.875 0.58125 0.875 0.578125 0.8921875 0.56875 0.8953125 0.5640625 0.9046875 0.5625 0.90625 0.559375 0.93125 0.55625 0.9328125 0.553125 0.9765625 0.5515625
4 0.409375 0.3859375 0.415625 0.384375 0.440625 0.3859375 0.446875 0.4015625 0.4515625 0.40625 0.453125 0.4171875 0.45 0.428125 0.4453125 0.4328125 0.4390625 0.446875 0.4328125 0.453125 0.43125 0.4625 0.4234375 0.471875 0.409375 0.5 0.409375 0.5046875 0.4 0.51875 0.3984375 0.528125 0.3890625 0.540625 0.359375 0.54375 0.3578125 0.546875 0.346875 0.5484375 0.340625 0.5515625 0.3359375 0.5609375 0.3296875 0.5640625 0.328125 0.5671875 0.321875 0.5453125 0.31875 0.5390625 0.3140625 0.5359375 0.3109375 0.5109375 0.3109375 0.4953125 0.3171875 0.4828125 0.3171875 0.478125 0.3265625 0.4671875 0.3265625 0.4640625 0.33125 0.4609375 0.3390625 0.4453125 0.3578125 0.428125 0.359375 0.4234375 0.3640625 0.421875 0.378125 0.4078125 0.3828125 0.4 0.396875 0.3953125 0.3984375 0.3921875 0.409375 0.3875
4 0.5640625 0.3328125 0.58125 0.3328125 0.5828125 0.3359375 0.5875 0.3375 0.5609375 0.3640625 0.5609375 0.3671875 0.546875 0.3828125 0.546875 0.3875 0.5359375 0.3984375 0.53125 0.3984375 0.5203125 0.3828125 0.528125 0.3640625 0.5421875 0.3453125 0.5640625 0.334375
4 0.8203125 0.6 0.8359375 0.6 0.8375 0.603125 0.8421875 0.6046875 0.85625 0.60625 0.8703125 0.61875 0.878125 0.63125 0.88125 0.6328125 0.896875 0.659375 0.9046875 0.6796875 0.9046875 0.690625 0.915625 0.71875 0.915625 0.7609375 0.903125 0.8015625 0.89375 0.8109375 0.89375 0.8140625 0.8875 0.8203125 0.8765625 0.825 0.8734375 0.8296875 0.8671875 0.83125 0.859375 0.840625 0.853125 0.8421875 0.85 0.846875 0.83125 0.8515625 0.8296875 0.8546875 0.809375 0.8578125 0.8078125 0.8609375 0.8015625 0.8609375 0.8 0.8578125 0.7921875 0.8546875 0.790625 0.85 0.7859375 0.846875 0.7796875 0.8375 0.7796875 0.825 0.79375 0.8265625 0.7953125 0.821875 0.790625 0.8109375 0.778125 0.8015625 0.7796875 0.75625 0.775 0.740625 0.775 0.7328125 0.76875 0.7140625 0.76875 0.70625 0.759375 0.6890625 0.759375 0.684375 0.75 0.675 0.7484375 0.665625 0.7515625 0.659375 0.7578125 0.6546875 0.7625 0.6453125 0.76875 0.640625 0.76875 0.6375 0.79375 0.6125 0.8015625 0.609375 0.803125 0.60625 0.8203125 0.6015625
4 0.646875 0.3765625 0.659375 0.3859375 0.66875 0.4109375 0.6703125 0.421875 0.6734375 0.425 0.6734375 0.440625 0.678125 0.453125 0.68125 0.478125 0.6796875 0.5046875 0.6765625 0.5078125 0.6640625 0.509375 0.61875 0.509375 0.6109375 0.5109375 0.609375 0.5140625 0.5953125 0.5171875 0.5859375 0.5171875 0.5828125 0.5140625 0.578125 0.4921875 0.5734375 0.4875 0.565625 0.471875 0.5484375 0.45625 0.5484375 0.45 0.5609375 0.4328125 0.5671875 0.4296875 0.56875 0.425 0.58125 0.4125 0.5859375 0.4109375 0.596875 0.4 0.60625 0.3953125 0.6140625 0.3859375 0.6265625 0.3828125 0.628125 0.3796875 0.6375 0.3796875 0.6453125 0.3765625
4 0.4484375 0.6265625 0.4703125 0.6265625 0.471875 0.6296875 0.4828125 0.6328125 0.4921875 0.64375 0.4953125 0.6546875 0.5046875 0.671875 0.5046875 0.6890625 0.515625 0.725 0.515625 0.7875 0.5046875 0.821875 0.49375 0.8375 0.49375 0.840625 0.4875 0.84375 0.4765625 0.8546875 0.4609375 0.8640625 0.4390625 0.8609375 0.4375 0.8578125 0.428125 0.85625 0.4234375 0.8515625 0.4125 0.8484375 0.409375 0.84375 0.4 0.840625 0.378125 0.8140625 0.375 0.80625 0.3609375 0.7875 0.3546875 0.775 0.35 0.7578125 0.3515625 0.725 0.3578125 0.7140625 0.3609375 0.6984375 0.36875 0.6890625 0.36875 0.684375 0.3890625 0.66875 0.390625 0.6640625 0.3953125 0.6625 0.4046875 0.653125 0.4265625 0.6421875 0.4359375 0.6328125 0.4484375 0.628125
4 0.534375 0.4515625 0.5546875 0.465625 0.559375 0.4734375 0.5671875 0.4796875 0.571875 0.4890625 0.571875 0.49375 0.5765625 0.5 0.578125 0.5140625 0.5828125 0.5234375 0.584375 0.5890625 0.58125 0.6171875 0.571875 0.65 0.546875 0.671875 0.546875 0.675 0.5421875 0.6796875 0.53125 0.7015625 0.51875 0.7046875 0.5125 0.7015625 0.50625 0.675 0.50625 0.665625 0.496875 0.6484375 0.4953125 0.6390625 0.4875 0.63125 0.4796875 0.628125 0.478125 0.625 0.453125 0.6203125 0.4484375 0.6078125 0.446875 0.584375 0.4515625 0.56875 0.453125 0.5359375 0.465625 0.4921875 0.475 0.48125 0.4796875 0.471875 0.4859375 0.465625 0.4921875 0.4640625 0.4953125 0.459375 0.509375 0.45625 0.5109375 0.453125 0.5328125 0.4515625
56 0 0.08775510204081632 0 0.35510204081632646 0.19047619047619047 0.30612244897959184 0.3292517006802721 0.31020408163265306 0.3945578231292517 0.29795918367346935 0.44897959183673464 0.3040816326530612 0.47891156462585033 0.2693877551020408 0.4993197278911564 0.21632653061224488 0.5020408163265306 0.15714285714285714 0.4897959183673469 0.10816326530612244 0.4503401360544218 0.06122448979591836 0.3687074829931972 0.01836734693877551 0.28979591836734697 0.006122448979591836 0.20272108843537415 0.012244897959183673 0.1074829931972789 0.03673469387755102 0.008163265306122448 0.07959183673469386 0 0.08775510204081632
56 0 0.46530612244897956 0 0.6326530612244897 0.07619047619047618 0.6530612244897959 0.15782312925170067 0.6489795918367347 0.19047619047619047 0.6387755102040816 0.21360544217687072 0.5755102040816327 0.24081632653061225 0.5326530612244897 0.3224489795918367 0.463265306122449 0.3768707482993197 0.4020408163265306 0.4040816326530612 0.3836734693877551 0.4244897959183674 0.3795918367346939 0.44625850340136053 0.39999999999999997 0.4625850340136054 0.4020408163265306 0.4802721088435374 0.3714285714285714 0.4993197278911564 0.35918367346938773 0.5006802721088436 0.34897959183673466 0.47891156462585033 0.32653061224489793 0.4408163265306122 0.30612244897959184 0.38911564625850337 0.30204081632653057 0.3469387755102041 0.3081632653061224 0.10204081632653061 0.3755102040816326 0.058503401360544216 0.39999999999999997 0.020408163265306124 0.4387755102040816 0 0.46530612244897956
56 0.5863945578231292 0.09999999999999999 0.6108843537414966 0.15510204081632653 0.673469387755102 0.21020408163265306 0.6979591836734693 0.24489795918367344 0.7537414965986394 0.27755102040816326 0.8435374149659864 0.29591836734693877 0.8748299319727891 0.31020408163265306 0.9319727891156463 0.3530612244897959 0.9986394557823128 0.42653061224489797 0.9986394557823128 0.09387755102040815 0.9727891156462585 0.06938775510204082 0.8666666666666666 0 0.6095238095238095 0 0.5904761904761904 0.03469387755102041 0.5850340136054422 0.05714285714285714 0.5863945578231292 0.09999999999999999