33 0.47146739130434784 0.45871559633027525 0.48641304347826086 0.4954128440366973 0.53125 0.5504587155963303 0.5692934782608695 0.581039755351682 0.6182065217391304 0.6034658511722732 0.6820652173913043 0.6167176350662589 0.7391304347826086 0.6146788990825688 0.7608695652173914 0.6095820591233435 0.7730978260869565 0.601427115188583 0.7785326086956521 0.5902140672782875 0.796195652173913 0.4658511722731906 0.7921195652173914 0.40061162079510704 0.763586956521739 0.3394495412844037 0.748641304347826 0.3211009174311927 0.71875 0.2976554536187564 0.657608695652174 0.2711518858307849 0.6182065217391304 0.26809378185524974 0.5434782608695652 0.3251783893985729 0.4891304347826087 0.3435270132517839 0.4782608695652174 0.3608562691131499 0.47010869565217395 0.4077471967380224 0.47146739130434784 0.45871559633027525
33 0.2730978260869565 0.7064220183486238 0.28532608695652173 0.7563710499490316 0.3070652173913043 0.7971457696228339 0.3355978260869565 0.8236493374108054 0.36277173913043476 0.8419979612640164 0.4334239130434782 0.8623853211009175 0.4782608695652174 0.8603465851172274 0.5122282608695652 0.8470948012232415 0.532608695652174 0.8318042813455658 0.5584239130434783 0.781855249745158 0.5692934782608695 0.7380224260958206 0.595108695652174 0.672782874617737 0.6005434782608695 0.6116207951070336 0.5964673913043479 0.598369011213048 0.5665760869565217 0.582059123343527 0.514945652173913 0.5382262996941896 0.47690217391304346 0.4862385321100918 0.47010869565217395 0.4831804281345565 0.4483695652173913 0.4841997961264016 0.4157608695652174 0.5208970438328236 0.36277173913043476 0.5596330275229359 0.3016304347826087 0.581039755351682 0.2866847826086957 0.6075433231396534 0.27445652173913043 0.6503567787971458 0.2730978260869565 0.7064220183486238
33 0.5706521739130435 0.744138634046891 0.5597826086956521 0.7900101936799185 0.5434782608695652 0.8216106014271153 0.5095108695652174 0.8511722731906218 0.4592391304347826 0.8674821610601426 0.4728260869565217 0.9123343527013252 0.5095108695652174 0.9949031600407748 0.5122282608695652 0.998980632008155 0.7527173913043479 0.998980632008155 0.7663043478260869 0.9704383282364935 0.7758152173913043 0.9296636085626911 0.7730978260869565 0.8685015290519879 0.7608695652173914 0.8277268093781857 0.6875 0.763506625891947 0.65625 0.7135575942915393 0.638586956521739 0.6676860346585117 0.6114130434782609 0.6615698267074415 0.6005434782608695 0.6656472986748216 0.5706521739130435 0.744138634046891
33 0.13858695652173914 0.8491335372069317 0.15081521739130435 0.9031600407747197 0.17391304347826086 0.9531090723751274 0.20923913043478262 0.998980632008155 0.4932065217391304 0.998980632008155 0.49184782608695654 0.9734964322120285 0.45108695652173914 0.8695208970438328 0.39945652173913043 0.8593272171253823 0.3845108695652174 0.8501529051987768 0.36141304347826086 0.8440366972477065 0.33152173913043476 0.8236493374108054 0.3043478260869565 0.7971457696228339 0.28804347826086957 0.7737003058103975 0.2717391304347826 0.72782874617737 0.264945652173913 0.7308868501529052 0.25407608695652173 0.7522935779816514 0.22690217391304346 0.7696228338430173 0.1956521739130435 0.7787971457696228 0.1467391304347826 0.7849133537206933 0.13994565217391303 0.7930682976554537 0.13858695652173914 0.8491335372069317
33 0.639945652173913 0.6605504587155964 0.6630434782608695 0.7206931702344547 0.6956521739130435 0.7686034658511722 0.7527173913043479 0.8175331294597349 0.7866847826086956 0.8389398572884812 0.8138586956521738 0.8501529051987768 0.8627717391304348 0.8613659531090724 0.8913043478260869 0.8613659531090724 0.9266304347826086 0.854230377166157 0.9633152173913043 0.8348623853211009 0.96875 0.8267074413863404 0.9714673913043479 0.7961264016309888 0.96875 0.6962283384301733 0.9538043478260869 0.6411824668705404 0.9293478260869564 0.5963302752293578 0.8858695652173912 0.5677879714576963 0.8220108695652174 0.5137614678899083 0.8043478260869564 0.5056065239551478 0.7934782608695652 0.5096839959225281 0.782608695652174 0.5830784913353722 0.7758152173913043 0.6034658511722732 0.7676630434782609 0.6095820591233435 0.71875 0.6197757390417941 0.639945652173913 0.6146788990825688 0.639945652173913 0.6605504587155964
33 0.7771739130434783 0.3577981651376147 0.794836956521739 0.40061162079510704 0.8002717391304348 0.4801223241590214 0.8138586956521738 0.4994903160040775 0.9171195652173912 0.5881753312945974 0.955163043478261 0.599388379204893 0.9986413043478259 0.6034658511722732 0.9986413043478259 0.31396534148827726 0.9673913043478259 0.3017329255861366 0.9252717391304348 0.2945973496432212 0.9184782608695652 0.290519877675841 0.9211956521739131 0.2854230377166157 0.9076086956521738 0.2854230377166157 0.8491847826086957 0.2945973496432212 0.8152173913043479 0.3058103975535168 0.8002717391304348 0.31702344546381245 0.7785326086956521 0.34658511722731905 0.7771739130434783 0.3577981651376147
33 0.3355978260869565 0.24159021406727826 0.3464673913043478 0.26605504587155965 0.37635869565217395 0.3037716615698267 0.40625 0.32415902140672787 0.43885869565217395 0.3363914373088685 0.4904891304347826 0.3394495412844037 0.5176630434782609 0.3343527013251784 0.5489130434782609 0.3190621814475026 0.6141304347826086 0.26809378185524974 0.6467391304347826 0.2344546381243629 0.6779891304347826 0.1926605504587156 0.6929347826086956 0.13965341488277266 0.6902173913043479 0.10295616717635067 0.6807065217391304 0.07747196738022426 0.6453804347826086 0.034658511722731905 0.623641304347826 0.022426095820591234 0.595108695652174 0.014271151885830785 0.5529891304347826 0.009174311926605505 0.48369565217391297 0.024464831804281346 0.45516304347826086 0.03669724770642202 0.3858695652173913 0.08766564729867482 0.3464673913043478 0.14067278287461776 0.3328804347826087 0.18144750254842 0.3355978260869565 0.24159021406727826
33 0.15625 0.4128440366972478 0.1644021739130435 0.44954128440366975 0.1644021739130435 0.5259938837920489 0.18206521739130435 0.5524974515800204 0.20923913043478262 0.5677879714576963 0.2622282608695652 0.5790010193679919 0.3029891304347826 0.5759429153924567 0.33152173913043476 0.5688073394495413 0.3641304347826087 0.5545361875637105 0.4008152173913043 0.5300713557594292 0.44565217391304346 0.48114169215086644 0.4646739130434782 0.42915392456676865 0.47010869565217395 0.3781855249745158 0.46739130434782605 0.3486238532110092 0.45652173913043476 0.3414882772680938 0.41847826086956524 0.33231396534148827 0.39402173913043476 0.3190621814475026 0.358695652173913 0.2884811416921509 0.3383152173913043 0.25484199796126406 0.33152173913043476 0.25178389398572887 0.30027173913043476 0.2507645259938838 0.26358695652173914 0.25688073394495414 0.2214673913043478 0.2782874617737003 0.1956521739130435 0.3007135575942915 0.1766304347826087 0.327217125382263 0.1576086956521739 0.3843017329255861 0.15625 0.4128440366972478
33 0 0.5351681957186545 0 0.7023445463812437 0.020380434782608696 0.7288481141692151 0.06929347826086957 0.764525993883792 0.11141304347826086 0.7777777777777778 0.1453804347826087 0.780835881753313 0.18478260869565216 0.7777777777777778 0.23505434782608697 0.762487257900102 0.25407608695652173 0.7471967380224261 0.2622282608695652 0.726809378185525 0.28260869565217395 0.5830784913353722 0.22418478260869565 0.5749235474006117 0.1956521739130435 0.563710499490316 0.17527173913043476 0.5494393476044852 0.15896739130434784 0.5229357798165137 0.16168478260869565 0.45565749235474007 0.15353260869565216 0.43832823649337416 0.1358695652173913 0.43832823649337416 0.06657608695652174 0.4709480122324159 0.006793478260869565 0.5249745158002039 0 0.5351681957186545
33 0 0.998980632008155 0.09918478260869565 0.998980632008155 0.10597826086956522 0.9194699286442406 0.13043478260869565 0.8216106014271153 0.13043478260869565 0.7849133537206933 0.06521739130434782 0.764525993883792 0.02309782608695652 0.7349643221202855 0.001358695652173913 0.7104994903160041 0 0.998980632008155
33 0 0.47910295616717635 0.01358695652173913 0.47910295616717635 0.06657608695652174 0.46687054026503566 0.09918478260869565 0.4525993883792049 0.14130434782608697 0.42609582059123347 0.15353260869565216 0.4046890927624872 0.16168478260869565 0.34454638124362896 0.14266304347826086 0.3129459734964322 0.12907608695652173 0.2996941896024465 0.09510869565217392 0.27930682976554533 0.05434782608695652 0.2640163098878695 0.002717391304347826 0.2579001019367992 0 0.47910295616717635
33 0.12907608695652173 0.17838939857288483 0.1358695652173913 0.19877675840978595 0.19429347826086957 0.2344546381243629 0.24728260869565216 0.2528032619775739 0.33016304347826086 0.2466870540265036 0.328804347826087 0.19877675840978595 0.33967391304347827 0.14678899082568808 0.3804347826086957 0.08766564729867482 0.358695652173913 0.0764525993883792 0.3179347826086957 0.06829765545361875 0.26358695652173914 0.0672782874617737 0.24592391304347827 0.07033639143730888 0.1956521739130435 0.09072375127421 0.15896739130434784 0.11518858307849134 0.13994565217391303 0.13863404689092762 0.13043478260869565 0.16106014271151886 0.12907608695652173 0.17838939857288483
33 0.05434782608695652 0 0.05434782608695652 0.0030581039755351682 0.06929347826086957 0.03873598369011213 0.09782608695652174 0.08154943934760449 0.1331521739130435 0.11416921508664628 0.15081521739130435 0.11926605504587155 0.21059782608695649 0.08154943934760449 0.264945652173913 0.06422018348623854 0.26766304347826086 0.03567787971457696 0.2608695652173913 0 0.05434782608695652 0
33 0 0.2558613659531091 0.04619565217391304 0.25993883792048933 0.10054347826086955 0.2803261977573904 0.10597826086956522 0.26809378185524974 0.10597826086956522 0.23547400611620795 0.09239130434782608 0.18756371049949033 0.06793478260869565 0.1651376146788991 0.029891304347826088 0.1488277268093782 0.001358695652173913 0.1416921508664628 0 0.2558613659531091
33 0.05570652173913043 0.15698267074413863 0.07744565217391304 0.16921508664627932 0.09782608695652174 0.19367991845056065 0.10869565217391304 0.23751274209989806 0.10733695652173914 0.27420998980632005 0.12092391304347824 0.2833843017329256 0.1358695652173913 0.2833843017329256 0.1888586956521739 0.2344546381243629 0.13722826086956522 0.20285423037716616 0.12907608695652173 0.18858307849133538 0.13043478260869565 0.15494393476044852 0.1467391304347826 0.1233435270132518 0.12907608695652173 0.1182466870540265 0.09782608695652174 0.12232415902140674 0.07744565217391304 0.1325178389398573 0.05842391304347826 0.1488277268093782 0.05570652173913043 0.15698267074413863
33 0.26358695652173914 0 0.2703804347826087 0.040774719673802244 0.26766304347826086 0.06422018348623854 0.3383152173913043 0.06931702344546381 0.34239130434782605 0.0672782874617737 0.3383152173913043 0.03160040774719674 0.3043478260869565 0 0.26358695652173914 0
33 0.34510869565217395 0.07033639143730888 0.3872282608695652 0.08460754332313966 0.40489130434782605 0.06829765545361875 0.39402173913043476 0.01834862385321101 0.3668478260869565 0.017329255861365953 0.34239130434782605 0.029561671763506624 0.34510869565217395 0.07033639143730888
33 0.4008152173913043 0.045871559633027525 0.4116847826086956 0.06320081549439348 0.4538043478260869 0.034658511722731905 0.4782608695652174 0 0.39945652173913043 0 0.3967391304347826 0.0061162079510703364 0.4008152173913043 0.045871559633027525
33 0.6956521739130435 0.18042813455657494 0.701086956521739 0.21508664627930685 0.717391304347826 0.24974515800203875 0.7364130434782609 0.2691131498470948 0.7853260869565217 0.2915392456676861 0.826086956521739 0.29561671763506625 0.8858695652173912 0.28746177370030584 0.9184782608695652 0.2782874617737003 0.9334239130434783 0.2558613659531091 0.9538043478260869 0.17635066258919468 0.9619565217391305 0.09785932721712538 0.9456521739130433 0.06320081549439348 0.9144021739130433 0.03160040774719674 0.888586956521739 0.01834862385321101 0.861413043478261 0.011213047910295617 0.8383152173913043 0.02650356778797146 0.8043478260869564 0.03975535168195719 0.7527173913043479 0.04892966360856269 0.733695652173913 0.0652395514780836 0.71875 0.08664627930682976 0.7038043478260869 0.12028542303771661 0.6983695652173914 0.14984709480122324 0.6956521739130435 0.18042813455657494
33 0.9701086956521738 0.8297655453618757 0.9497282608695652 0.8470948012232415 0.9252717391304348 0.8572884811416921 0.8872282608695652 0.8634046890927625 0.8586956521739131 0.8623853211009175 0.8138586956521738 0.8511722731906218 0.7703804347826086 0.8338430173292559 0.7785326086956521 0.9408766564729868 0.8125 0.998980632008155 0.9986413043478259 0.998980632008155 0.9986413043478259 0.8063200815494393 0.9782608695652174 0.7787971457696228 0.9728260869565217 0.7777777777777778 0.9701086956521738 0.8297655453618757
33 0.638586956521739 0.0010193679918450561 0.657608695652174 0.01834862385321101 0.6847826086956521 0.03363914373088685 0.7160326086956521 0.040774719673802244 0.7581521739130435 0.04383282364933741 0.7853260869565217 0.0417940876656473 0.826086956521739 0.029561671763506624 0.84375 0.021406727828746176 0.8668478260869564 0 0.638586956521739 0.0010193679918450561