6 0.3515625 0.5671875 0.3734375 0.5734375 0.3703125 0.5859375 0.3640625 0.5921875 0.359375 0.59375 0.3359375 0.5921875 0.3328125 0.5890625 0.3171875 0.5859375 0.3125 0.58125 0.3140625 0.571875 0.3234375 0.5671875 0.35 0.5671875
6 0.5703125 0.6234375 0.56875 0.6109375 0.5734375 0.596875 0.5890625 0.584375 0.6 0.584375 0.60625 0.590625 0.6078125 0.6 0.603125 0.609375 0.603125 0.6140625 0.596875 0.6234375 0.584375 0.6296875 0.5765625 0.628125 0.571875 0.6234375
6 0.5953125 0.4828125 0.603125 0.4859375 0.6234375 0.5046875 0.6234375 0.5125 0.6140625 0.5203125 0.60625 0.5234375 0.5984375 0.5234375 0.5890625 0.51875 0.5734375 0.4953125 0.5734375 0.490625 0.578125 0.484375 0.5875 0.48125 0.59375 0.4828125
6 0.271875 0.6359375 0.284375 0.63125 0.303125 0.628125 0.3234375 0.628125 0.328125 0.6328125 0.328125 0.6421875 0.321875 0.6515625 0.3140625 0.65625 0.2921875 0.659375 0.28125 0.659375 0.2734375 0.65625 0.26875 0.6515625 0.2671875 0.64375 0.271875 0.6375
6 0.5046875 0.3015625 0.5125 0.30625 0.5140625 0.3109375 0.5125 0.315625 0.490625 0.328125 0.4875 0.3328125 0.4765625 0.33125 0.475 0.3234375 0.4828125 0.3078125 0.4890625 0.30625 0.490625 0.303125 0.503125 0.3015625
6 0.4453125 0.2796875 0.4546875 0.2875 0.459375 0.3 0.4578125 0.3078125 0.45 0.3125 0.43125 0.3046875 0.4203125 0.29375 0.4203125 0.2828125 0.4234375 0.2796875 0.43125 0.278125 0.44375 0.2796875
6 0.6390625 0.434375 0.6453125 0.4375 0.6453125 0.4484375 0.640625 0.453125 0.6265625 0.459375 0.61875 0.459375 0.615625 0.4578125 0.6140625 0.453125 0.625 0.440625 0.625 0.4375 0.6375 0.434375
6 0.578125 0.3921875 0.5828125 0.4046875 0.590625 0.4109375 0.5921875 0.4203125 0.578125 0.4234375 0.5625 0.4125 0.5625 0.4078125 0.5765625 0.39375
6 0.4890625 0.64375 0.4953125 0.6484375 0.496875 0.659375 0.4921875 0.665625 0.4796875 0.6703125 0.4546875 0.6703125 0.4421875 0.6625 0.440625 0.653125 0.446875 0.6453125 0.4515625 0.64375 0.459375 0.64375 0.4671875 0.640625 0.4875 0.64375
6 0.515625 0.31875 0.5203125 0.3203125 0.5234375 0.3328125 0.5203125 0.35 0.5140625 0.35625 0.5015625 0.3625 0.4921875 0.359375 0.4859375 0.3515625 0.4828125 0.3453125 0.484375 0.3375 0.49375 0.3234375 0.5109375 0.3171875 0.5140625 0.31875
6 0.534375 0.6328125 0.55 0.640625 0.5546875 0.6484375 0.553125 0.6546875 0.5484375 0.659375 0.540625 0.6625 0.5109375 0.6609375 0.5 0.6546875 0.496875 0.646875 0.496875 0.640625 0.5015625 0.634375 0.50625 0.634375 0.5109375 0.63125 0.53125 0.63125 0.5328125 0.6328125
6 0.50625 0.3671875 0.5171875 0.3703125 0.528125 0.3796875 0.528125 0.3859375 0.521875 0.4015625 0.5140625 0.4015625 0.5078125 0.3984375 0.50625 0.3953125 0.5015625 0.3953125 0.4953125 0.3875 0.49375 0.384375 0.4953125 0.371875 0.5046875 0.3671875
6 0.509375 0.478125 0.515625 0.4859375 0.515625 0.49375 0.509375 0.503125 0.4953125 0.509375 0.478125 0.509375 0.4734375 0.5046875 0.4734375 0.4984375 0.484375 0.4828125 0.496875 0.478125 0.5078125 0.478125
6 0.4484375 0.5671875 0.4546875 0.5671875 0.459375 0.5640625 0.4890625 0.5640625 0.490625 0.5671875 0.496875 0.5703125 0.496875 0.578125 0.4875 0.5859375 0.48125 0.5859375 0.478125 0.5890625 0.4640625 0.5890625 0.4578125 0.5921875 0.4484375 0.5921875 0.4390625 0.5859375 0.440625 0.575 0.4484375 0.56875
6 0.396875 0.6015625 0.4078125 0.6078125 0.4125 0.6078125 0.4265625 0.6171875 0.43125 0.6234375 0.43125 0.6296875 0.4265625 0.6359375 0.4078125 0.6359375 0.4 0.6328125 0.3859375 0.625 0.3765625 0.615625 0.375 0.6078125 0.38125 0.6015625 0.3953125 0.6015625
6 0.1984375 0.440625 0.2078125 0.44375 0.2109375 0.45 0.2109375 0.45625 0.20625 0.4609375 0.1953125 0.465625 0.1875 0.465625 0.18125 0.4625 0.1796875 0.4609375 0.18125 0.4515625 0.1875 0.44375 0.196875 0.4421875
6 0.459375 0.4203125 0.4734375 0.4203125 0.48125 0.43125 0.48125 0.4421875 0.475 0.4484375 0.4625 0.45 0.45625 0.446875 0.453125 0.4421875 0.4546875 0.425 0.459375 0.421875
6 0.265625 0.5546875 0.2734375 0.5609375 0.2703125 0.571875 0.259375 0.58125 0.24375 0.5859375 0.2265625 0.5859375 0.2203125 0.5796875 0.221875 0.5734375 0.228125 0.5671875 0.253125 0.5546875 0.2640625 0.5546875
6 0.65625 0.5671875 0.6609375 0.5703125 0.665625 0.5703125 0.6703125 0.575 0.671875 0.58125 0.665625 0.5890625 0.653125 0.5953125 0.6265625 0.5953125 0.6171875 0.5921875 0.6140625 0.5859375 0.6140625 0.5734375 0.61875 0.5671875 0.625 0.5640625 0.6546875 0.5671875
6 0.4296875 0.3578125 0.440625 0.3703125 0.4359375 0.384375 0.4359375 0.3921875 0.4328125 0.3953125 0.4171875 0.3953125 0.40625 0.3828125 0.4046875 0.375 0.4046875 0.3609375 0.4078125 0.3546875 0.425 0.353125 0.428125 0.3578125
6 0.534375 0.53125 0.5546875 0.546875 0.5546875 0.55625 0.5484375 0.5625 0.534375 0.5625 0.5109375 0.5484375 0.5078125 0.540625 0.5125 0.53125 0.5328125 0.53125
6 0.221875 0.5875 0.228125 0.5953125 0.2328125 0.6125 0.2265625 0.6234375 0.21875 0.6265625 0.2078125 0.6265625 0.2 0.6234375 0.1875 0.6125 0.1859375 0.60625 0.190625 0.5984375 0.2125 0.5875 0.2203125 0.5875
6 0.621875 0.4796875 0.628125 0.4875 0.628125 0.49375 0.625 0.4984375 0.6171875 0.4984375 0.6 0.48125 0.6046875 0.478125 0.6203125 0.4796875
6 0.6328125 0.4078125 0.640625 0.4109375 0.6421875 0.415625 0.6453125 0.4171875 0.6453125 0.4296875 0.640625 0.4359375 0.6390625 0.434375 0.6296875 0.4359375 0.6234375 0.4421875 0.6234375 0.4453125 0.615625 0.4515625 0.60625 0.45 0.5984375 0.4421875 0.5984375 0.4328125 0.61875 0.4109375 0.63125 0.4078125
6 0.08125 0.3859375 0.0859375 0.390625 0.0890625 0.4015625 0.0828125 0.4078125 0.06875 0.409375 0.0515625 0.409375 0.0453125 0.40625 0.04375 0.403125 0.0546875 0.39375 0.0671875 0.3875 0.0796875 0.3859375
6 0.13125 0.503125 0.1453125 0.5046875 0.1546875 0.5109375 0.153125 0.521875 0.14375 0.5296875 0.1359375 0.5328125 0.121875 0.5328125 0.1078125 0.5234375 0.1078125 0.51875 0.1140625 0.5078125 0.11875 0.5046875 0.1296875 0.503125
6 0.36875 0.4734375 0.3734375 0.478125 0.3734375 0.4890625 0.3640625 0.496875 0.353125 0.4953125 0.34375 0.4859375 0.3421875 0.4765625 0.346875 0.4703125 0.3515625 0.46875 0.359375 0.46875 0.3671875 0.4734375
6 0.1546875 0.471875 0.171875 0.48125 0.1765625 0.490625 0.1734375 0.5 0.16875 0.503125 0.159375 0.503125 0.1421875 0.4984375 0.1375 0.4953125 0.1328125 0.4875 0.1328125 0.4765625 0.1375 0.4703125 0.153125 0.471875
6 0.4609375 0.546875 0.465625 0.5515625 0.4640625 0.559375 0.453125 0.565625 0.4484375 0.565625 0.4390625 0.5734375 0.428125 0.575 0.41875 0.575 0.409375 0.56875 0.4171875 0.5546875 0.44375 0.5453125 0.459375 0.546875
6 0.415625 0.58125 0.41875 0.584375 0.4359375 0.5875 0.4453125 0.5953125 0.4421875 0.60625 0.4375 0.609375 0.4234375 0.609375 0.41875 0.60625 0.4046875 0.603125 0.396875 0.596875 0.39375 0.5921875 0.39375 0.5875 0.4 0.58125 0.4140625 0.58125
6 0.459375 0.30625 0.4828125 0.3078125 0.478125 0.315625 0.475 0.328125 0.471875 0.33125 0.46875 0.33125 0.4640625 0.325 0.4609375 0.325 0.453125 0.31875 0.453125 0.3125 0.459375 0.3078125
6 0.35625 0.6546875 0.36875 0.6609375 0.3734375 0.6671875 0.3734375 0.678125 0.3671875 0.6828125 0.3421875 0.6828125 0.3328125 0.6765625 0.3265625 0.6765625 0.3171875 0.6671875 0.3171875 0.6625 0.321875 0.6578125 0.3296875 0.6546875 0.3359375 0.653125 0.353125 0.653125 0.3546875 0.6546875
6 0.440625 0.4171875 0.4453125 0.41875 0.453125 0.428125 0.4515625 0.4359375 0.4453125 0.4421875 0.41875 0.4421875 0.4109375 0.4390625 0.40625 0.434375 0.40625 0.421875 0.4125 0.4171875 0.4390625 0.4171875
6 0.5609375 0.453125 0.56875 0.459375 0.5703125 0.4640625 0.5671875 0.471875 0.5484375 0.471875 0.54375 0.475 0.525 0.475 0.5140625 0.4671875 0.5125 0.459375 0.5265625 0.45 0.55 0.45 0.559375 0.453125
6 0.1125 0.45625 0.11875 0.4640625 0.11875 0.4703125 0.1140625 0.475 0.0921875 0.484375 0.084375 0.48125 0.084375 0.4671875 0.0953125 0.4578125 0.1 0.4578125 0.1046875 0.4546875 0.1109375 0.45625
6 0.303125 0.5078125 0.325 0.5140625 0.3359375 0.525 0.3359375 0.5296875 0.328125 0.5359375 0.321875 0.5375 0.29375 0.5359375 0.28125 0.5265625 0.28125 0.515625 0.2875 0.5109375 0.3015625 0.509375
6 0.259375 0.4765625 0.2703125 0.4828125 0.2703125 0.503125 0.2515625 0.503125 0.24375 0.490625 0.240625 0.4890625 0.240625 0.478125 0.2578125 0.4765625
6 0.0796875 0.50625 0.084375 0.5078125 0.0859375 0.5109375 0.0859375 0.5296875 0.0828125 0.5359375 0.06875 0.54375 0.053125 0.54375 0.0484375 0.5359375 0.0484375 0.528125 0.05625 0.5140625 0.0625 0.509375 0.078125 0.50625
6 0.5421875 0.4765625 0.5484375 0.4734375 0.559375 0.4734375 0.5671875 0.478125 0.5703125 0.484375 0.5703125 0.4953125 0.5671875 0.5046875 0.559375 0.5125 0.5515625 0.5125 0.54375 0.509375 0.5390625 0.5 0.5375 0.490625 0.5390625 0.48125 0.5421875 0.478125
6 0.43984375 0.465625 0.06015625 0.02890625
6 0.271875 0.525 0.2796875 0.528125 0.28125 0.53125 0.284375 0.53125 0.2921875 0.5375 0.296875 0.5375 0.3015625 0.540625 0.3046875 0.5453125 0.3046875 0.55 0.2953125 0.55625 0.28125 0.55625 0.2609375 0.546875 0.2578125 0.534375 0.2609375 0.528125 0.2703125 0.525
6 0.1984375 0.484375 0.20625 0.48125 0.2203125 0.48125 0.23125 0.484375 0.240625 0.490625 0.2484375 0.503125 0.2484375 0.509375 0.24375 0.515625 0.234375 0.51875 0.21875 0.515625 0.215625 0.5125 0.2109375 0.5125 0.1984375 0.503125 0.1953125 0.4984375 0.1953125 0.4890625 0.1984375 0.4859375
6 0.48125 0.2796875 0.4890625 0.284375 0.4921875 0.29375 0.4890625 0.3046875 0.484375 0.30625 0.4625 0.3046875 0.459375 0.3015625 0.4578125 0.2921875 0.459375 0.2828125 0.465625 0.2796875 0.4796875 0.2796875
6 0.415625 0.5234375 0.4203125 0.528125 0.4203125 0.5375 0.415625 0.553125 0.4109375 0.559375 0.4 0.565625 0.3859375 0.5625 0.38125 0.553125 0.38125 0.540625 0.3859375 0.53125 0.3953125 0.525 0.4046875 0.521875 0.4140625 0.5234375
6 0.4328125 0.4828125 0.4359375 0.484375 0.434375 0.4921875 0.4265625 0.503125 0.4171875 0.509375 0.39375 0.509375 0.3859375 0.5015625 0.3875 0.49375 0.3953125 0.4875 0.415625 0.48125 0.43125 0.4828125
6 0.46875 0.409375 0.465625 0.4015625 0.46875 0.3984375 0.46875 0.3921875 0.4734375 0.384375 0.4875 0.384375 0.496875 0.39375 0.496875 0.403125 0.4875 0.4125 0.475 0.4125 0.4703125 0.409375
6 0.29375 0.5703125 0.3015625 0.575 0.3015625 0.5890625 0.290625 0.6 0.290625 0.603125 0.278125 0.6125 0.265625 0.6125 0.259375 0.609375 0.2546875 0.6046875 0.2546875 0.59375 0.2609375 0.58125 0.265625 0.578125 0.28125 0.5703125 0.2921875 0.5703125
6 0.3859375 0.4078125 0.3890625 0.4109375 0.39375 0.4109375 0.403125 0.4203125 0.403125 0.434375 0.4015625 0.4390625 0.396875 0.4421875 0.3765625 0.440625 0.36875 0.4359375 0.3609375 0.425 0.3609375 0.41875 0.3671875 0.409375 0.384375 0.4078125
6 0.153125 0.571875 0.165625 0.58125 0.171875 0.59375 0.171875 0.6015625 0.165625 0.609375 0.159375 0.6125 0.1484375 0.6125 0.140625 0.609375 0.125 0.590625 0.125 0.575 0.128125 0.571875 0.1328125 0.5703125 0.15 0.5703125 0.1515625 0.571875
6 0.571875 0.571875 0.575 0.578125 0.571875 0.59375 0.5609375 0.609375 0.5484375 0.615625 0.5375 0.6140625 0.53125 0.609375 0.528125 0.5984375 0.5296875 0.584375 0.534375 0.578125 0.5484375 0.571875 0.5546875 0.5703125 0.5703125 0.571875
6 0.375 0.5140625 0.384375 0.521875 0.384375 0.5328125 0.375 0.5453125 0.359375 0.54375 0.3546875 0.5390625 0.3515625 0.5296875 0.3515625 0.525 0.359375 0.515625 0.3734375 0.5140625
6 0.6625 0.54375 0.6703125 0.5515625 0.6703125 0.5578125 0.6640625 0.565625 0.640625 0.5625 0.634375 0.55625 0.63125 0.55625 0.628125 0.5515625 0.628125 0.5484375 0.6375 0.540625 0.6546875 0.540625 0.6609375 0.54375
6 0.128125 0.425 0.1375 0.4296875 0.1375 0.440625 0.134375 0.4453125 0.1234375 0.4484375 0.1125 0.44375 0.1078125 0.4390625 0.1078125 0.4328125 0.115625 0.425 0.1265625 0.425
6 0.3375 0.5953125 0.346875 0.6046875 0.346875 0.6125 0.3421875 0.61875 0.334375 0.6203125 0.33125 0.6234375 0.3078125 0.6234375 0.296875 0.6203125 0.290625 0.615625 0.2890625 0.60625 0.29375 0.5984375 0.3046875 0.59375 0.3359375 0.5953125
6 0.678125 0.5375 0.6828125 0.534375 0.696875 0.534375 0.7078125 0.54375 0.7109375 0.5546875 0.709375 0.56875 0.7046875 0.5734375 0.696875 0.5765625 0.6875 0.5765625 0.6734375 0.565625 0.675 0.54375 0.678125 0.5390625
6 0.08125 0.4125 0.0875 0.41875 0.0875 0.425 0.0828125 0.4296875 0.065625 0.434375 0.0375 0.4328125 0.03125 0.4296875 0.03125 0.4203125 0.040625 0.4140625 0.0578125 0.4109375 0.078125 0.4109375 0.0796875 0.4125
6 0.3328125 0.4484375 0.3390625 0.45 0.34375 0.4546875 0.3453125 0.4609375 0.340625 0.46875 0.328125 0.475 0.3046875 0.471875 0.2953125 0.4640625 0.2953125 0.4578125 0.3046875 0.45 0.33125 0.4484375
6 0.346875 0.490625 0.35625 0.5 0.3578125 0.50625 0.35625 0.5125 0.346875 0.51875 0.334375 0.515625 0.3234375 0.509375 0.3171875 0.4984375 0.3171875 0.490625 0.321875 0.484375 0.3390625 0.484375 0.3453125 0.490625
6 0.103125 0.553125 0.1234375 0.5578125 0.1265625 0.5625 0.1265625 0.5703125 0.1234375 0.5765625 0.1125 0.58125 0.0859375 0.5796875 0.075 0.5703125 0.0734375 0.5640625 0.0765625 0.5578125 0.08125 0.5546875 0.0890625 0.5515625 0.1015625 0.553125
6 0.4359375 0.3953125 0.4421875 0.40625 0.4390625 0.4109375 0.440625 0.4140625 0.4390625 0.415625 0.415625 0.415625 0.4109375 0.4109375 0.4109375 0.40625 0.4171875 0.4 0.425 0.396875 0.434375 0.396875
6 0.2515625 0.4421875 0.2578125 0.44375 0.2703125 0.4546875 0.2703125 0.4625 0.2625 0.46875 0.2421875 0.4671875 0.228125 0.459375 0.2234375 0.453125 0.225 0.446875 0.2296875 0.44375 0.240625 0.440625 0.25 0.4421875
6 0.484375 0.4546875 0.496875 0.4578125 0.5078125 0.465625 0.5078125 0.4703125 0.4984375 0.475 0.478125 0.475 0.475 0.471875 0.4703125 0.471875 0.471875 0.4640625 0.4796875 0.45625 0.4828125 0.45625
6 0.6 0.378125 0.609375 0.38125 0.6140625 0.3859375 0.6171875 0.39375 0.6140625 0.4046875 0.609375 0.409375 0.6015625 0.4109375 0.5921875 0.4109375 0.584375 0.40625 0.5796875 0.3953125 0.58125 0.384375 0.5859375 0.3796875 0.5984375 0.378125
6 0.453125 0.321875 0.4671875 0.3296875 0.4671875 0.3421875 0.4578125 0.35625 0.44375 0.3640625 0.43125 0.359375 0.4265625 0.3515625 0.428125 0.3359375 0.4328125 0.3296875 0.44375 0.3234375 0.4515625 0.3234375
6 0.5046875 0.5171875 0.509375 0.521875 0.509375 0.5296875 0.4921875 0.5421875 0.4703125 0.5421875 0.4640625 0.5390625 0.459375 0.5328125 0.4609375 0.525 0.46875 0.5171875 0.4796875 0.5140625 0.49375 0.5140625 0.503125 0.5171875
6 0.1265625 0.4734375 0.13125 0.478125 0.1296875 0.49375 0.121875 0.5015625 0.1125 0.50625 0.09375 0.50625 0.0890625 0.496875 0.09375 0.4875 0.0984375 0.484375 0.1125 0.478125 0.1171875 0.4734375 0.125 0.4734375
6 0.29375 0.4171875 0.3 0.425 0.2984375 0.43125 0.2890625 0.4390625 0.278125 0.4390625 0.271875 0.4421875 0.2609375 0.4421875 0.2546875 0.4390625 0.253125 0.43125 0.2609375 0.4234375 0.271875 0.4171875 0.2796875 0.415625 0.2921875 0.4171875
6 0.16875 0.5484375 0.1796875 0.5515625 0.1953125 0.5640625 0.196875 0.5765625 0.1890625 0.5828125 0.175 0.5828125 0.15625 0.5734375 0.1484375 0.5671875 0.146875 0.559375 0.1515625 0.5515625 0.15625 0.5484375 0.1671875 0.5484375
6 0.0546875 0.478125 0.0609375 0.484375 0.0609375 0.490625 0.065625 0.5015625 0.0609375 0.509375 0.0515625 0.515625 0.0421875 0.515625 0.034375 0.5125 0.028125 0.50625 0.025 0.4984375 0.025 0.4875 0.028125 0.48125 0.0375 0.4734375 0.0453125 0.4734375 0.053125 0.478125
6 0.553125 0.4171875 0.5640625 0.4171875 0.571875 0.4203125 0.575 0.4265625 0.571875 0.434375 0.565625 0.4390625 0.54375 0.4421875 0.5375 0.4375 0.5375 0.4328125 0.546875 0.4265625 0.553125 0.41875
6 0.3578125 0.4296875 0.3625 0.440625 0.353125 0.45 0.34375 0.45 0.3359375 0.4453125 0.334375 0.434375 0.3421875 0.4265625 0.353125 0.4265625 0.35625 0.4296875
6 0.5921875 0.4203125 0.6 0.4234375 0.6015625 0.4265625 0.596875 0.434375 0.596875 0.4453125 0.5921875 0.45625 0.584375 0.4609375 0.5734375 0.4609375 0.56875 0.4578125 0.565625 0.4484375 0.5671875 0.440625 0.5734375 0.4328125 0.584375 0.4234375 0.590625 0.421875
6 0.1484375 0.4 0.15625 0.4046875 0.1640625 0.40625 0.1640625 0.4171875 0.15625 0.425 0.1359375 0.425 0.13125 0.421875 0.1265625 0.421875 0.1203125 0.4140625 0.1203125 0.4078125 0.1265625 0.4 0.146875 0.4
6 0.6515625 0.5984375 0.6546875 0.6015625 0.6546875 0.609375 0.6515625 0.615625 0.6484375 0.6171875 0.6453125 0.6234375 0.628125 0.6359375 0.615625 0.6359375 0.6046875 0.6296875 0.6015625 0.61875 0.6078125 0.603125 0.6125 0.5984375 0.621875 0.596875 0.65 0.5984375
6 0.5890625 0.5328125 0.5984375 0.546875 0.5984375 0.55 0.5921875 0.55625 0.5703125 0.55625 0.5640625 0.553125 0.553125 0.5421875 0.55 0.5359375 0.553125 0.525 0.5609375 0.521875 0.571875 0.521875 0.58125 0.525 0.5875 0.5328125
6 0.5703125 0.378125 0.578125 0.3828125 0.5765625 0.3921875 0.571875 0.3984375 0.5625 0.4046875 0.5546875 0.40625 0.546875 0.4015625 0.5265625 0.4015625 0.525 0.39375 0.53125 0.384375 0.5390625 0.38125 0.5546875 0.378125 0.56875 0.378125
6 0.1765625 0.4453125 0.1796875 0.45 0.1765625 0.4578125 0.165625 0.465625 0.146875 0.465625 0.14375 0.4625 0.14375 0.45625 0.1484375 0.45 0.159375 0.44375 0.175 0.4453125
6 0.4828125 0.346875 0.49375 0.3671875 0.49375 0.375 0.4890625 0.3828125 0.475 0.3828125 0.4703125 0.378125 0.46875 0.365625 0.459375 0.35625 0.4625 0.35 0.471875 0.3421875 0.48125 0.346875
6 0.4578125 0.359375 0.4671875 0.365625 0.4703125 0.3796875 0.4671875 0.3984375 0.459375 0.40625 0.446875 0.40625 0.4421875 0.403125 0.4375 0.3953125 0.4390625 0.3796875 0.4453125 0.365625 0.4484375 0.3609375 0.45625 0.359375
6 0.5109375 0.434375 0.5203125 0.4375 0.5234375 0.4421875 0.5234375 0.4484375 0.51875 0.453125 0.5140625 0.453125 0.5109375 0.45625 0.4921875 0.4546875 0.4875 0.4484375 0.4875 0.4421875 0.4921875 0.4359375 0.509375 0.434375
6 0.0765625 0.440625 0.078125 0.4484375 0.071875 0.45625 0.0546875 0.4625 0.0359375 0.4625 0.0265625 0.4578125 0.021875 0.453125 0.025 0.44375 0.03125 0.4375 0.040625 0.4359375 0.0609375 0.4359375 0.071875 0.4375 0.075 0.440625
6 0.546875 0.403125 0.5515625 0.4078125 0.55 0.421875 0.540625 0.4296875 0.534375 0.4296875 0.5296875 0.4328125 0.509375 0.4328125 0.5015625 0.425 0.5015625 0.41875 0.5046875 0.4140625 0.525 0.403125 0.5453125 0.403125
6 0.61796875 0.53125 0.04375 0.0328125
6 0.359375 0.6234375 0.3609375 0.625 0.384375 0.625 0.390625 0.628125 0.403125 0.6390625 0.4015625 0.6484375 0.39375 0.653125 0.371875 0.653125 0.3625 0.646875 0.3453125 0.64375 0.340625 0.6375 0.3421875 0.628125 0.346875 0.625 0.3578125 0.625
6 0.2421875 0.5390625 0.2484375 0.54375 0.2484375 0.553125 0.2375 0.5625 0.2296875 0.565625 0.203125 0.565625 0.1953125 0.5625 0.1890625 0.5546875 0.1890625 0.5484375 0.196875 0.540625 0.2078125 0.5375 0.2171875 0.5375 0.221875 0.534375 0.2296875 0.534375 0.240625 0.5390625
6 0.1875 0.5125 0.196875 0.515625 0.1953125 0.521875 0.1859375 0.5328125 0.1734375 0.5375 0.159375 0.5359375 0.153125 0.5265625 0.15625 0.5203125 0.1640625 0.5140625 0.1859375 0.5125
6 0.4875 0.59375 0.49375 0.5953125 0.4984375 0.6 0.503125 0.6109375 0.503125 0.625 0.5015625 0.6296875 0.484375 0.634375 0.4765625 0.6328125 0.46875 0.6234375 0.46875 0.6 0.475 0.59375 0.4859375 0.59375
6 0.490625 0.5515625 0.4953125 0.5484375 0.509375 0.5484375 0.5203125 0.55625 0.51875 0.565625 0.509375 0.5703125 0.503125 0.5703125 0.4921875 0.5625 0.490625 0.553125
34 0.010869565217391304 0.3119266055045872 0.025815217391304345 0.32415902140672787 0.04483695652173913 0.3282364933741081 0.0625 0.3516819571865443 0.06657608695652174 0.3669724770642202 0.0733695652173913 0.3730886850152905 0.10326086956521738 0.37920489296636084 0.10461956521739131 0.3873598369011213 0.16983695652173914 0.39143730886850153 0.1888586956521739 0.40061162079510704 0.2296195652173913 0.4026503567787971 0.24048913043478262 0.4118246687054027 0.2527173913043478 0.41386340468909283 0.2703804347826087 0.4077471967380224 0.3532608695652174 0.40876656472986744 0.3872282608695652 0.39653414882772686 0.3668478260869565 0.36595310907237516 0.36820652173913043 0.35677879714576965 0.3845108695652174 0.34964322120285424 0.3953804347826087 0.33333333333333337 0.4157608695652174 0.32925586136595314 0.42119565217391297 0.33231396534148827 0.4375 0.3211009174311927 0.42391304347826086 0.3007135575942915 0.42119565217391297 0.27726809378185524 0.44565217391304346 0.27522935779816515 0.46059782608695654 0.27930682976554533 0.4646739130434782 0.273190621814475 0.4755434782608695 0.27217125382262997 0.5081521739130435 0.29561671763506625 0.5176630434782609 0.308868501529052 0.5448369565217391 0.2782874617737003 0.5883152173913043 0.19673802242609584 0.5896739130434783 0.17737003058103978 0.5692934782608695 0.14984709480122324 0.4415760869565217 0.12028542303771661 0.39402173913043476 0.1162079510703364 0.358695652173913 0.12028542303771661 0.34239130434782605 0.11518858307849134 0.33016304347826086 0.12028542303771661 0.32608695652173914 0.12844036697247707 0.3029891304347826 0.12945973496432212 0.28260869565217395 0.1365953109072375 0.24592391304347827 0.14067278287461776 0.1888586956521739 0.1365953109072375 0.1358695652173913 0.1743119266055046 0.11820652173913042 0.20285423037716616 0.14945652173913043 0.26299694189602446 0.125 0.273190621814475 0.10190217391304349 0.2650356778797146 0.09239130434782608 0.26809378185524974 0.07880434782608695 0.25993883792048933 0.059782608695652176 0.2579001019367992 0.043478260869565216 0.2619775739041794 0.03940217391304347 0.25891946992864423 0.024456521739130436 0.2650356778797146 0.010869565217391304 0.27726809378185524 0.010869565217391304 0.3119266055045872
48 0.6317934782608695 0.4841997961264016 0.6467391304347826 0.5045871559633028 0.6752717391304348 0.5158002038735984 0.6875 0.5158002038735984 0.7146739130434783 0.5025484199796126 0.8002717391304348 0.399592252803262 0.8464673913043479 0.34964322120285424 0.8940217391304348 0.3068297655453619 0.8980978260869564 0.28440366972477066 0.8804347826086957 0.2640163098878695 0.8519021739130433 0.2507645259938838 0.8383152173913043 0.2487257900101937 0.8247282608695652 0.2528032619775739 0.8016304347826086 0.2691131498470948 0.7214673913043479 0.3557594291539246 0.6345108695652174 0.4617737003058104 0.6317934782608695 0.4841997961264016
48 0.6073369565217391 0.37410805300713557 0.6114130434782609 0.38022426095820594 0.6358695652173914 0.3975535168195719 0.6467391304347826 0.4148827726809379 0.654891304347826 0.41997961264016315 0.6644021739130435 0.4189602446483181 0.6956521739130435 0.3853211009174312 0.71875 0.3363914373088685 0.7391304347826086 0.30988786952089703 0.7839673913043478 0.2324159021406728 0.8111413043478259 0.20081549439347604 0.8111413043478259 0.16819571865443425 0.794836956521739 0.15392456676860347 0.7730978260869565 0.14678899082568808 0.7445652173913043 0.1508664627930683 0.7228260869565217 0.16411824668705405 0.7092391304347826 0.17838939857288483 0.6657608695652174 0.23547400611620795 0.6521739130434783 0.2670744138634047 0.6277173913043479 0.3017329255861366 0.6100543478260869 0.35474006116207957 0.6073369565217391 0.37410805300713557
48 0.5244565217391304 0.3299357798165138 0.5190217391304348 0.36289500509684 0.5285326086956521 0.37512742099898067 0.5855978260869565 0.37716615698267075 0.5991847826086956 0.3720693170234455 0.6195652173913043 0.3058103975535168 0.6440217391304348 0.27420998980632005 0.6630434782608695 0.2344546381243629 0.6915760869565217 0.1946992864424057 0.6956521739130435 0.17023445463812437 0.6902173913043479 0.1529051987767584 0.6779891304347826 0.14067278287461776 0.6535326086956521 0.13557594291539246 0.6358695652173914 0.13761467889908258 0.6141304347826086 0.15392456676860347 0.5665760869565217 0.2324159021406728 0.5448369565217391 0.28236493374108057 0.5217391304347826 0.31600407747196735 0.5244565217391304 0.3299357798165138