50 0.6375 0.3953125 0.653125 0.4 0.6640625 0.4109375 0.665625 0.4171875 0.6859375 0.4453125 0.6859375 0.4578125 0.6734375 0.471875 0.665625 0.4765625 0.665625 0.4796875 0.6578125 0.4875 0.6390625 0.4984375 0.615625 0.5046875 0.5953125 0.5015625 0.5890625 0.4984375 0.575 0.4984375 0.5609375 0.4953125 0.4921875 0.49375 0.4796875 0.4875 0.4625 0.46875 0.459375 0.4609375 0.471875 0.459375 0.484375 0.4640625 0.5265625 0.465625 0.528125 0.4640625 0.5640625 0.4625 0.5890625 0.45625 0.603125 0.446875 0.6125 0.4375 0.615625 0.4296875 0.625 0.4171875 0.6265625 0.396875 0.6359375 0.3953125
50 0.5578125 0.353125 0.565625 0.35625 0.58125 0.3578125 0.609375 0.3765625 0.621875 0.39375 0.6234375 0.4140625 0.609375 0.4375 0.590625 0.453125 0.5671875 0.4578125 0.5609375 0.4609375 0.534375 0.4609375 0.5140625 0.4640625 0.4828125 0.4609375 0.478125 0.4578125 0.459375 0.4546875 0.43125 0.440625 0.4171875 0.4265625 0.4171875 0.421875 0.409375 0.4046875 0.409375 0.390625 0.41875 0.3796875 0.428125 0.3734375 0.44375 0.365625 0.4640625 0.3609375 0.46875 0.3578125 0.521875 0.3515625 0.55625 0.353125
50 0.5640625 0.58125 0.6125 0.590625 0.6328125 0.5984375 0.65 0.609375 0.65 0.615625 0.6453125 0.628125 0.6453125 0.640625 0.6515625 0.6546875 0.653125 0.671875 0.6453125 0.6828125 0.634375 0.6921875 0.6140625 0.703125 0.5890625 0.7125 0.546875 0.721875 0.4953125 0.7203125 0.44375 0.7078125 0.4296875 0.7015625 0.4125 0.6890625 0.4125 0.6859375 0.40625 0.6796875 0.403125 0.665625 0.40625 0.6453125 0.4125 0.634375 0.4296875 0.6140625 0.45 0.6015625 0.46875 0.5921875 0.490625 0.5859375 0.5625 0.58125
50 0.5625 0.4984375 0.5921875 0.503125 0.6203125 0.5109375 0.6453125 0.521875 0.659375 0.5328125 0.6609375 0.5453125 0.6359375 0.5734375 0.6328125 0.5828125 0.6265625 0.5875 0.6046875 0.5859375 0.5765625 0.5796875 0.528125 0.5796875 0.5265625 0.58125 0.4765625 0.584375 0.45625 0.5703125 0.4484375 0.56875 0.4328125 0.5578125 0.428125 0.5578125 0.41875 0.553125 0.4046875 0.5421875 0.403125 0.5375 0.40625 0.5328125 0.4171875 0.525 0.4265625 0.521875 0.428125 0.51875 0.4515625 0.509375 0.4640625 0.5078125 0.484375 0.5 0.5609375 0.4984375
50 0.3734375 0.3765625 0.390625 0.3796875 0.4046875 0.384375 0.4078125 0.3875 0.4046875 0.39375 0.4046875 0.4015625 0.415625 0.4296875 0.428125 0.4421875 0.45 0.4578125 0.453125 0.4703125 0.446875 0.4796875 0.4390625 0.48125 0.390625 0.478125 0.346875 0.4859375 0.3125 0.4765625 0.284375 0.4609375 0.2671875 0.4453125 0.2640625 0.4390625 0.2625 0.415625 0.26875 0.40625 0.2828125 0.3921875 0.2921875 0.3875 0.3265625 0.378125 0.371875 0.3765625
50 0.3953125 0.55 0.4546875 0.5734375 0.4671875 0.5828125 0.4671875 0.5890625 0.4296875 0.6109375 0.409375 0.6328125 0.3984375 0.6640625 0.3984375 0.671875 0.40625 0.684375 0.409375 0.6953125 0.3890625 0.7 0.353125 0.7 0.325 0.6953125 0.2875 0.6859375 0.2515625 0.6734375 0.23125 0.6640625 0.209375 0.6453125 0.20625 0.6234375 0.209375 0.603125 0.21875 0.5890625 0.23125 0.578125 0.2609375 0.5625 0.303125 0.55 0.340625 0.5453125 0.3828125 0.5453125 0.39375 0.55
50 0.40625 0.48125 0.4640625 0.4875 0.48125 0.49375 0.4828125 0.4984375 0.4765625 0.4984375 0.4671875 0.503125 0.45 0.50625 0.428125 0.515625 0.4265625 0.51875 0.4171875 0.521875 0.3953125 0.540625 0.390625 0.5421875 0.340625 0.5421875 0.3015625 0.5484375 0.2890625 0.5484375 0.2859375 0.54375 0.2859375 0.5359375 0.296875 0.515625 0.3046875 0.50625 0.315625 0.4984375 0.3265625 0.49375 0.3328125 0.49375 0.3375 0.490625 0.3640625 0.484375 0.4046875 0.48125
21 0.04891304347826087 0.5680428134556574 0.06657608695652174 0.5909785932721713 0.09375 0.6062691131498471 0.11548913043478262 0.6123853211009174 0.18070652173913043 0.6185015290519877 0.20244565217391303 0.6146788990825688 0.21603260869565216 0.5879204892966361 0.23777173913043476 0.5711009174311926 0.2758152173913043 0.5535168195718654 0.27853260869565216 0.5474006116207951 0.2730978260869565 0.5290519877675841 0.24864130434782608 0.5053516819571866 0.21331521739130435 0.4892966360856269 0.1671195652173913 0.481651376146789 0.11956521739130435 0.4862385321100917 0.09239130434782608 0.4969418960244648 0.06521739130434782 0.514525993883792 0.04891304347826087 0.5412844036697247 0.04891304347826087 0.5680428134556574
21 0.03260869565217391 0.4954128440366972 0.04755434782608696 0.5168195718654435 0.057065217391304345 0.5206422018348624 0.08831521739130435 0.49847094801223235 0.12771739130434784 0.4839449541284403 0.17119565217391303 0.481651376146789 0.19701086956521738 0.4847094801223242 0.2554347826086957 0.5061162079510704 0.26902173913043476 0.49617737003058104 0.27853260869565216 0.481651376146789 0.2758152173913043 0.4678899082568807 0.2608695652173913 0.4518348623853211 0.24320652173913043 0.4418960244648318 0.1671195652173913 0.422782874617737 0.12364130434782608 0.4235474006116208 0.08423913043478261 0.4327217125382263 0.04755434782608696 0.44877675840978587 0.03125 0.46712538226299694 0.03260869565217391 0.4954128440366972
21 0.057065217391304345 0.44036697247706424 0.10733695652173914 0.4250764525993883 0.18206521739130435 0.41590214067278286 0.20923913043478262 0.41590214067278286 0.2391304347826087 0.4212538226299694 0.25407608695652173 0.41972477064220187 0.23505434782608697 0.41360856269113155 0.2010869565217391 0.3952599388379205 0.17391304347826086 0.3723241590214067 0.13179347826086957 0.3746177370030581 0.08423913043478261 0.3853211009174312 0.06657608695652174 0.39755351681957185 0.05434782608695652 0.4181957186544342 0.057065217391304345 0.44036697247706424
21 0.17391304347826086 0.36314984709480125 0.1956521739130435 0.3891437308868501 0.22690217391304346 0.4090214067278287 0.2554347826086957 0.418960244648318 0.27989130434782605 0.38990825688073394 0.24864130434782608 0.3730886850152905 0.23505434782608697 0.36162079510703365 0.2214673913043478 0.3448012232415902 0.21739130434782608 0.33027522935779813 0.21739130434782608 0.3254334862385321 0.24048913043478262 0.31116207951070335 0.24864130434782608 0.2996941896024465 0.20244565217391303 0.3103975535168196 0.18614130434782608 0.3211009174311926 0.17391304347826086 0.33868501529051986 0.17391304347826086 0.36314984709480125
21 0.2214673913043478 0.3440366972477064 0.25135869565217395 0.3738532110091743 0.27853260869565216 0.38837920489296635 0.33152173913043476 0.3753822629969419 0.37635869565217395 0.3753822629969419 0.4008152173913043 0.3814984709480122 0.4116847826086956 0.38073394495412843 0.4157608695652174 0.3769113149847095 0.41440217391304346 0.36850152905198774 0.391304347826087 0.36162079510703365 0.3559782608695652 0.3363914373088685 0.34239130434782605 0.30428134556574926 0.34375 0.28363914373088683 0.31385869565217395 0.28287461773700306 0.2717391304347826 0.29128440366972475 0.25135869565217395 0.29892966360856266 0.2214673913043478 0.3195718654434251 0.2214673913043478 0.3440366972477064
21 0.3464673913043478 0.30963302752293576 0.35190217391304346 0.3264525993883792 0.3654891304347826 0.3425076452599388 0.389945652173913 0.35932721712538224 0.4103260869565217 0.36697247706422015 0.42934782608695654 0.36926605504587157 0.48233695652173914 0.35244648318042815 0.44972826086956524 0.3195718654434251 0.4415760869565217 0.29281345565749234 0.4470108695652174 0.2759938837920489 0.47010869565217395 0.2484709480122324 0.46875 0.24464831804281345 0.4171195652173913 0.24541284403669725 0.38315217391304346 0.2515290519877676 0.3559782608695652 0.27217125382262997 0.34782608695652173 0.286697247706422 0.3464673913043478 0.30963302752293576
21 0.4429347826086956 0.2996941896024465 0.45108695652173914 0.32033639143730885 0.4755434782608695 0.3440366972477064 0.48777173913043476 0.35015290519877673 0.5502717391304348 0.34938837920489296 0.5557065217391304 0.3432721712538226 0.5570652173913043 0.3180428134556575 0.5801630434782609 0.29510703363914376 0.6127717391304348 0.2782874617737003 0.657608695652174 0.268348623853211 0.6684782608695652 0.26146788990825687 0.6453804347826086 0.24694189602446484 0.6168478260869565 0.23700305810397554 0.5706521739130435 0.2301223241590214 0.5271739130434783 0.23165137614678896 0.4945652173913043 0.23929663608562693 0.46603260869565216 0.25229357798165136 0.4538043478260869 0.2652905198776758 0.4442934782608695 0.2851681957186544 0.4429347826086956 0.2996941896024465
21 0.5584239130434783 0.3486238532110092 0.5896739130434783 0.36009174311926606 0.626358695652174 0.38837920489296635 0.6494565217391304 0.3952599388379205 0.671195652173913 0.3967889908256881 0.6589673913043479 0.36544342507645255 0.6589673913043479 0.3448012232415902 0.6725543478260869 0.31574923547400613 0.6970108695652174 0.29663608562691135 0.7160326086956521 0.2874617737003058 0.7418478260869565 0.28287461773700306 0.7567934782608695 0.27522935779816515 0.7554347826086956 0.27217125382262997 0.7296195652173914 0.26758409785932724 0.6942934782608695 0.26758409785932724 0.6589673913043479 0.26987767584097855 0.6195652173913043 0.2775229357798165 0.5788043478260869 0.29663608562691135 0.5570652173913043 0.32033639143730885 0.5584239130434783 0.3486238532110092
21 0.6630434782608695 0.3753822629969419 0.6739130434782609 0.3952599388379205 0.6983695652173914 0.4097859327217125 0.7255434782608695 0.3753822629969419 0.7418478260869565 0.3623853211009174 0.764945652173913 0.3516819571865443 0.794836956521739 0.3463302752293578 0.923913043478261 0.3486238532110092 0.9307065217391305 0.3448012232415902 0.9211956521739131 0.3241590214067278 0.8845108695652174 0.29663608562691135 0.8355978260869564 0.28287461773700306 0.7921195652173914 0.2767584097859327 0.7567934782608695 0.2767584097859327 0.7065217391304348 0.2920489296636085 0.6752717391304348 0.3134556574923547 0.6630434782608695 0.3348623853211009 0.6630434782608695 0.3753822629969419
21 0.6956521739130435 0.43960244648318036 0.7092391304347826 0.4525993883792049 0.720108695652174 0.4525993883792049 0.7404891304347826 0.4480122324159021 0.7730978260869565 0.41360856269113155 0.8206521739130433 0.38990825688073394 0.888586956521739 0.3837920489296636 0.9415760869565217 0.38990825688073394 0.9429347826086957 0.3830275229357798 0.9008152173913043 0.35550458715596334 0.8736413043478259 0.3486238532110092 0.8451086956521738 0.3463302752293578 0.782608695652174 0.3486238532110092 0.764945652173913 0.35244648318042815 0.7418478260869565 0.36314984709480125 0.71875 0.3837920489296636 0.701086956521739 0.41055045871559626 0.6956521739130435 0.43960244648318036
21 0.7445652173913043 0.44571865443425074 0.7540760869565217 0.44954128440366975 0.8165760869565217 0.4480122324159021 0.8722826086956521 0.4633027522935779 0.8980978260869564 0.47782874617737 0.9361413043478259 0.5152905198776758 0.9375 0.5282874617737002 0.9456521739130433 0.5382262996941896 0.9524456521739131 0.5397553516819571 0.9619565217391305 0.5359327217125383 0.9986413043478259 0.4969418960244648 0.9986413043478259 0.42431192660550454 0.9633152173913043 0.39908256880733944 0.9402173913043479 0.3906727828746177 0.9089673913043479 0.38685015290519875 0.8668478260869564 0.386085626911315 0.826086956521739 0.38990825688073394 0.7730978260869565 0.4143730886850153 0.7567934782608695 0.43119266055045874 0.7445652173913043 0.44571865443425074
21 0.6644021739130435 0.540519877675841 0.671195652173913 0.5435779816513762 0.688858695652174 0.5305810397553516 0.71875 0.5160550458715596 0.7581521739130435 0.5114678899082569 0.8070652173913043 0.5152905198776758 0.8627717391304348 0.5290519877675841 0.8790760869565217 0.5382262996941896 0.9076086956521738 0.5634556574923547 0.9144021739130433 0.5603975535168195 0.9293478260869564 0.5397553516819571 0.9279891304347826 0.514525993883792 0.9021739130434783 0.48776758409785936 0.8519021739130433 0.4701834862385321 0.8057065217391305 0.4610091743119266 0.7717391304347826 0.4617737003058104 0.732336956521739 0.4709480122324159 0.6902173913043479 0.4931192660550459 0.6657608695652174 0.5198776758409787 0.6644021739130435 0.540519877675841
21 0.6358695652173914 0.5932721712538227 0.639945652173913 0.599388379204893 0.6535326086956521 0.6047400611620795 0.6739130434782609 0.5856269113149847 0.7105978260869565 0.5703363914373089 0.7853260869565217 0.558868501529052 0.8125 0.558868501529052 0.84375 0.5649847094801224 0.892663043478261 0.5688073394495412 0.9035326086956521 0.5711009174311926 0.9048913043478259 0.5749235474006116 0.90625 0.5672782874617737 0.8831521739130433 0.5428134556574923 0.8586956521739131 0.5290519877675841 0.8029891304347826 0.5160550458715596 0.751358695652174 0.5129969418960244 0.7119565217391304 0.5191131498470948 0.6616847826086956 0.5489296636085628 0.638586956521739 0.5756880733944955 0.6358695652173914 0.5932721712538227
21 0.6480978260869565 0.6399082568807339 0.6603260869565217 0.6712538226299694 0.6875 0.7003058103975535 0.733695652173913 0.7232415902140673 0.7989130434782609 0.735474006116208 0.8369565217391305 0.7362385321100917 0.8872282608695652 0.7308868501529051 0.923913043478261 0.7087155963302753 0.9388586956521738 0.6819571865443426 0.9279891304347826 0.6399082568807339 0.892663043478261 0.6077981651376148 0.8451086956521738 0.5848623853211009 0.8029891304347826 0.573394495412844 0.794836956521739 0.5741590214067278 0.7894021739130435 0.5703363914373089 0.7445652173913043 0.5672782874617737 0.7092391304347826 0.5741590214067278 0.6847826086956521 0.5833333333333333 0.6535326086956521 0.613914373088685 0.6480978260869565 0.6399082568807339
21 0.7934782608695652 0.5672782874617737 0.8084239130434783 0.5741590214067278 0.8423913043478259 0.5825688073394495 0.8953804347826086 0.6085626911314985 0.9279891304347826 0.6368501529051988 0.9415760869565217 0.6750764525993883 0.9375 0.6918960244648318 0.9619565217391305 0.6850152905198776 0.982336956521739 0.6720183486238531 0.9904891304347826 0.6620795107033639 0.9904891304347826 0.6460244648318043 0.9836956521739131 0.6276758409785932 0.9592391304347826 0.6016819571865443 0.9184782608695652 0.581039755351682 0.8899456521739131 0.5756880733944955 0.8668478260869564 0.5672782874617737 0.861413043478261 0.5688073394495412 0.8070652173913043 0.5619266055045872 0.794836956521739 0.5642201834862386 0.7934782608695652 0.5672782874617737
21 0.9130434782608695 0.577217125382263 0.9279891304347826 0.5848623853211009 0.9456521739130433 0.5863914373088684 0.9524456521739131 0.577217125382263 0.9524456521739131 0.5519877675840978 0.9415760869565217 0.5412844036697247 0.9279891304347826 0.5481651376146789 0.9130434782608695 0.5657492354740061 0.9130434782608695 0.577217125382263
21 0.8940217391304348 0.3562691131498471 0.9361413043478259 0.3746177370030581 0.9524456521739131 0.39143730886850153 0.9986413043478259 0.4212538226299694 0.9986413043478259 0.3646788990825688 0.9701086956521738 0.3547400611620795 0.9375 0.3509174311926605 0.8899456521739131 0.3509174311926605 0.8940217391304348 0.3562691131498471