55 0.271875 0 0.44375 0 0.4578125 0.0140625 0.4578125 0.0171875 0.4640625 0.0234375 0.475 0.04375 0.4859375 0.0765625 0.4890625 0.09375 0.4890625 0.121875 0.484375 0.1421875 0.478125 0.15625 0.478125 0.1625 0.4671875 0.18125 0.4671875 0.1859375 0.446875 0.2171875 0.4359375 0.228125 0.4328125 0.228125 0.4265625 0.2359375 0.403125 0.246875 0.378125 0.25 0.3703125 0.253125 0.3515625 0.253125 0.34375 0.2484375 0.334375 0.2375 0.334375 0.234375 0.3015625 0.2 0.29375 0.196875 0.2875 0.1890625 0.275 0.184375 0.2640625 0.1765625 0.2546875 0.175 0.240625 0.165625 0.2296875 0.14375 0.2265625 0.1265625 0.2265625 0.0921875 0.23125 0.0671875 0.240625 0.0484375 0.240625 0.0421875 0.24375 0.040625 0.25 0.0265625 0.2609375 0.0140625 0.2609375 0.0109375 0.271875 0.0015625
55 0.2109375 0.1671875 0.2359375 0.171875 0.25 0.178125 0.25625 0.178125 0.2953125 0.2015625 0.321875 0.228125 0.3375 0.2484375 0.3421875 0.2515625 0.34375 0.2578125 0.3484375 0.2609375 0.3609375 0.29375 0.3640625 0.309375 0.3640625 0.3515625 0.3578125 0.3734375 0.3421875 0.4046875 0.3109375 0.4359375 0.303125 0.4375 0.3015625 0.440625 0.290625 0.446875 0.2546875 0.4578125 0.196875 0.4578125 0.184375 0.4546875 0.15625 0.44375 0.1359375 0.43125 0.134375 0.428125 0.1265625 0.425 0.1203125 0.4171875 0.115625 0.415625 0.109375 0.40625 0.1046875 0.403125 0.103125 0.3984375 0.0984375 0.3953125 0.0859375 0.3734375 0.084375 0.3609375 0.08125 0.35625 0.0734375 0.321875 0.075 0.2828125 0.084375 0.2578125 0.084375 0.25 0.09375 0.234375 0.09375 0.2296875 0.10625 0.2109375 0.11875 0.1984375 0.125 0.196875 0.1234375 0.1890625 0.1328125 0.19375 0.1359375 0.1859375 0.140625 0.18125 0.165625 0.1703125 0.1828125 0.1671875 0.209375 0.1671875
55 0.0578125 0 0.0609375 0.003125 0.0734375 0 0.140625 0 0.1546875 0.0234375 0.1546875 0.0296875 0.1578125 0.03125 0.1609375 0.0375 0.165625 0.05 0.165625 0.0609375 0.171875 0.078125 0.171875 0.1078125 0.165625 0.1359375 0.1515625 0.1640625 0.1453125 0.171875 0.140625 0.1765625 0.1359375 0.1765625 0.134375 0.1796875 0.1265625 0.18125 0.121875 0.1765625 0.1171875 0.1765625 0.1078125 0.1703125 0.103125 0.175 0.10625 0.1859375 0.109375 0.1890625 0.1078125 0.2 0.1046875 0.203125 0.0890625 0.2078125 0.0609375 0.2109375 0.0203125 0.209375 0 0.20625 0 0.003125 0.0046875 0 0.05625 0
55 0.146875 0 0.265625 0 0.2640625 0.0046875 0.2484375 0.021875 0.2484375 0.0265625 0.2390625 0.0390625 0.234375 0.0515625 0.23125 0.053125 0.2078125 0.0515625 0.178125 0.0375 0.1765625 0.034375 0.1625 0.0265625 0.15625 0.0203125 0.153125 0.0125 0.1484375 0.009375 0.146875 0.0015625
55 0 0.2140625 0.01875 0.221875 0.0265625 0.2296875 0.0296875 0.2296875 0.0515625 0.25 0.0515625 0.253125 0.0609375 0.2625 0.0625 0.26875 0.0671875 0.2734375 0.0703125 0.28125 0.071875 0.3421875 0.075 0.3453125 0.075 0.353125 0.08125 0.371875 0.08125 0.3828125 0.078125 0.390625 0.071875 0.4 0.071875 0.4046875 0.0609375 0.41875 0.0609375 0.421875 0.015625 0.4640625 0.00625 0.46875 0 0.46875 0 0.215625
49 0.595108695652174 0.8057065217391305 0.595108695652174 0.8342391304347826 0.6059782608695652 0.8627717391304348 0.6100543478260869 0.9076086956521738 0.623641304347826 0.9429347826086957 0.6671195652173914 0.9986413043478259 0.9144021739130433 0.9972826086956521 0.9116847826086957 0.9782608695652174 0.9157608695652174 0.9605978260869564 0.9089673913043479 0.9442934782608695 0.8695652173913043 0.9008152173913043 0.8586956521739131 0.892663043478261 0.8491847826086957 0.892663043478261 0.8423913043478259 0.8722826086956521 0.7309782608695652 0.7554347826086956 0.6997282608695652 0.7364130434782609 0.6725543478260869 0.732336956521739 0.6277173913043479 0.7472826086956521 0.6019021739130435 0.779891304347826 0.595108695652174 0.8057065217391305
49 0.8627717391304348 0.7241847826086956 0.8736413043478259 0.7785326086956521 0.9035326086956521 0.8641304347826086 0.9089673913043479 0.923913043478261 0.9211956521739131 0.9660326086956521 0.923913043478261 0.9959239130434783 0.9986413043478259 0.9986413043478259 0.9986413043478259 0.6521739130434783 0.9619565217391305 0.639945652173913 0.9320652173913043 0.6413043478260869 0.8831521739130433 0.6521739130434783 0.8641304347826086 0.6752717391304348 0.8627717391304348 0.7241847826086956
49 0.639945652173913 0.701086956521739 0.6521739130434783 0.7255434782608695 0.6603260869565217 0.7309782608695652 0.686141304347826 0.7282608695652174 0.71875 0.7432065217391304 0.8546195652173912 0.8532608695652174 0.9008152173913043 0.8790760869565217 0.8994565217391305 0.8586956521739131 0.8722826086956521 0.782608695652174 0.8600543478260869 0.7214673913043479 0.861413043478261 0.6752717391304348 0.8654891304347826 0.6644021739130435 0.8817934782608695 0.6508152173913043 0.8763586956521738 0.6426630434782609 0.8057065217391305 0.6019021739130435 0.7663043478260869 0.59375 0.7459239130434783 0.595108695652174 0.6997282608695652 0.6154891304347826 0.6671195652173914 0.6467391304347826 0.6440217391304348 0.6820652173913043 0.639945652173913 0.701086956521739
49 0.7228260869565217 0.5557065217391304 0.7595108695652174 0.5842391304347826 0.8057065217391305 0.5991847826086956 0.8858695652173912 0.6440217391304348 0.9565217391304348 0.6372282608695652 0.9986413043478259 0.6494565217391304 0.9986413043478259 0.5339673913043479 0.8845108695652174 0.47690217391304346 0.8396739130434783 0.46603260869565216 0.763586956521739 0.47146739130434784 0.7527173913043479 0.4796195652173913 0.7472826086956521 0.49864130434782605 0.7228260869565217 0.5407608695652174 0.7228260869565217 0.5557065217391304
49 0.8641304347826086 0.4103260869565217 0.9388586956521738 0.49728260869565216 0.9673913043478259 0.5176630434782609 0.9986413043478259 0.53125 0.9986413043478259 0.4008152173913043 0.9864130434782608 0.391304347826087 0.9769021739130433 0.36820652173913043 0.9633152173913043 0.3695652173913043 0.9361413043478259 0.358695652173913 0.8722826086956521 0.3967391304347826 0.8641304347826086 0.4103260869565217
49 0.9660326086956521 0.37228260869565216 0.9986413043478259 0.39945652173913043 0.9986413043478259 0.3192934782608695 0.9660326086956521 0.3546195652173913 0.9660326086956521 0.37228260869565216