4 0.675 0 0.7796875 0 0.7828125 0.009375 0.790625 0.01875 0.79375 0.03125 0.7921875 0.046875 0.7875 0.0515625 0.7765625 0.0546875 0.7734375 0.0578125 0.7609375 0.05625 0.75625 0.0609375 0.740625 0.0609375 0.7359375 0.0640625 0.73125 0.0640625 0.709375 0.075 0.7046875 0.075 0.6734375 0.09375 0.64375 0.1078125 0.6359375 0.1078125 0.6328125 0.1109375 0.625 0.1109375 0.6203125 0.1140625 0.6 0.1140625 0.5921875 0.1078125 0.5671875 0.075 0.5640625 0.0671875 0.565625 0.0578125 0.584375 0.0390625 0.590625 0.0390625 0.59375 0.0359375 0.6 0.0359375 0.6046875 0.0328125 0.6203125 0.0296875 0.634375 0.021875 0.640625 0.015625 0.6625 0.009375 0.675 0.0015625
4 0.3859375 0.246875 0.4015625 0.25 0.415625 0.25 0.4390625 0.2625 0.4859375 0.2796875 0.5171875 0.3109375 0.5203125 0.31875 0.528125 0.3265625 0.5390625 0.3484375 0.5390625 0.36875 0.5328125 0.38125 0.5296875 0.39375 0.5046875 0.4203125 0.4984375 0.4328125 0.4765625 0.446875 0.44375 0.4609375 0.4328125 0.4609375 0.4046875 0.4484375 0.3609375 0.4390625 0.34375 0.4390625 0.321875 0.446875 0.3125 0.4453125 0.2984375 0.4359375 0.2875 0.425 0.2828125 0.4171875 0.2765625 0.39375 0.2640625 0.3734375 0.2625 0.3234375 0.259375 0.3 0.271875 0.2875 0.28125 0.26875 0.2953125 0.25625 0.303125 0.253125 0.3359375 0.25 0.34375 0.246875 0.359375 0.2453125 0.384375 0.246875
4 0.6546875 0.396875 0.6671875 0.4 0.678125 0.396875 0.6953125 0.4 0.7 0.403125 0.7265625 0.403125 0.734375 0.4078125 0.7453125 0.4078125 0.753125 0.4109375 0.7671875 0.4203125 0.7796875 0.4328125 0.7796875 0.4359375 0.790625 0.446875 0.79375 0.4578125 0.803125 0.4703125 0.8046875 0.4765625 0.8 0.4890625 0.796875 0.490625 0.790625 0.503125 0.7734375 0.5203125 0.759375 0.54375 0.759375 0.546875 0.7390625 0.565625 0.725 0.5734375 0.7078125 0.56875 0.6984375 0.56875 0.6953125 0.565625 0.6890625 0.565625 0.678125 0.559375 0.65625 0.5578125 0.6390625 0.55 0.628125 0.528125 0.615625 0.515625 0.59375 0.484375 0.584375 0.4765625 0.5765625 0.475 0.5671875 0.4546875 0.5625 0.4515625 0.5625 0.4484375 0.553125 0.4390625 0.5515625 0.434375 0.5421875 0.428125 0.5359375 0.41875 0.5421875 0.4109375 0.559375 0.4078125 0.56875 0.403125 0.653125 0.396875
4 0.9984375 0.2125 0.9984375 0.40625 0.9953125 0.409375 0.965625 0.409375 0.953125 0.4046875 0.9484375 0.4 0.9453125 0.3890625 0.9171875 0.3515625 0.9140625 0.34375 0.903125 0.334375 0.896875 0.3328125 0.8859375 0.325 0.878125 0.315625 0.8703125 0.3140625 0.8625 0.3078125 0.8453125 0.3015625 0.84375 0.2890625 0.85 0.2734375 0.8546875 0.26875 0.8546875 0.2640625 0.865625 0.253125 0.884375 0.24375 0.8859375 0.240625 0.909375 0.2296875 0.915625 0.2296875 0.940625 0.2171875 0.9640625 0.215625 0.9734375 0.2125 0.996875 0.2125
4 0.796875 0.1671875 0.8078125 0.1734375 0.815625 0.1859375 0.815625 0.1921875 0.821875 0.2125 0.821875 0.246875 0.8265625 0.2625 0.825 0.278125 0.821875 0.2828125 0.821875 0.2875 0.8140625 0.2953125 0.7953125 0.2953125 0.7859375 0.3046875 0.7734375 0.3125 0.7703125 0.3171875 0.7546875 0.3234375 0.7296875 0.321875 0.721875 0.3078125 0.7109375 0.3015625 0.6984375 0.2984375 0.6953125 0.2953125 0.68125 0.2921875 0.6546875 0.2921875 0.634375 0.2859375 0.609375 0.284375 0.603125 0.28125 0.6015625 0.2765625 0.6078125 0.2703125 0.6125 0.2703125 0.64375 0.253125 0.65625 0.2390625 0.659375 0.23125 0.659375 0.2171875 0.66875 0.209375 0.6734375 0.209375 0.6859375 0.2 0.703125 0.19375 0.715625 0.1859375 0.7203125 0.1859375 0.7484375 0.1734375 0.765625 0.16875 0.7953125 0.1671875
4 0.2390625 0.4265625 0.24375 0.4296875 0.271875 0.43125 0.278125 0.434375 0.284375 0.434375 0.3109375 0.4515625 0.3109375 0.4546875 0.3046875 0.4609375 0.3015625 0.471875 0.290625 0.490625 0.290625 0.4953125 0.2796875 0.5171875 0.2796875 0.5234375 0.2703125 0.5453125 0.2703125 0.55 0.259375 0.56875 0.259375 0.5796875 0.28125 0.6015625 0.30625 0.6140625 0.3078125 0.6171875 0.275 0.6203125 0.2671875 0.6265625 0.2421875 0.6390625 0.221875 0.64375 0.203125 0.653125 0.190625 0.653125 0.184375 0.65 0.1609375 0.646875 0.1453125 0.6375 0.1265625 0.6328125 0.1125 0.6234375 0.0984375 0.61875 0.0953125 0.615625 0.075 0.609375 0.046875 0.5796875 0.0453125 0.565625 0.0421875 0.559375 0.0453125 0.521875 0.0609375 0.49375 0.0640625 0.478125 0.0734375 0.4734375 0.078125 0.4734375 0.09375 0.4546875 0.1078125 0.446875 0.1125 0.446875 0.1546875 0.43125 0.1953125 0.4296875 0.2078125 0.4265625 0.2375 0.4265625
4 0.0203125 0.0328125 0.03125 0.0359375 0.0515625 0.0359375 0.059375 0.0390625 0.075 0.0390625 0.1046875 0.0453125 0.115625 0.0453125 0.13125 0.05 0.1546875 0.05 0.1765625 0.053125 0.1828125 0.05625 0.2046875 0.059375 0.209375 0.0625 0.2171875 0.0625 0.2296875 0.0734375 0.2390625 0.0765625 0.25 0.0859375 0.2703125 0.0953125 0.275 0.103125 0.275 0.1125 0.271875 0.1171875 0.2625 0.121875 0.2484375 0.125 0.221875 0.125 0.2171875 0.128125 0.2 0.128125 0.196875 0.13125 0.196875 0.1375 0.1921875 0.140625 0.1671875 0.140625 0.1640625 0.1375 0.1578125 0.1375 0.1453125 0.13125 0.125 0.13125 0.1234375 0.1296875 0.1046875 0.13125 0.078125 0.128125 0.071875 0.125 0.0609375 0.125 0.0328125 0.1171875 0.0203125 0.1078125 0.003125 0.1015625 0 0.0984375 0 0.0359375 0.01875 0.0328125
4 0.2390625 0.140625 0.2484375 0.146875 0.2875 0.153125 0.2921875 0.15625 0.2984375 0.15625 0.315625 0.165625 0.321875 0.165625 0.3328125 0.1703125 0.3390625 0.1765625 0.3484375 0.1796875 0.3625 0.1890625 0.3734375 0.203125 0.3765625 0.2125 0.3765625 0.2390625 0.3734375 0.2421875 0.346875 0.2421875 0.3421875 0.2453125 0.3265625 0.2453125 0.296875 0.2515625 0.2796875 0.2640625 0.2703125 0.2828125 0.259375 0.2921875 0.2515625 0.2921875 0.240625 0.2828125 0.2328125 0.271875 0.215625 0.2609375 0.2109375 0.2609375 0.2078125 0.2578125 0.203125 0.2578125 0.1828125 0.2484375 0.171875 0.2484375 0.165625 0.2453125 0.153125 0.2453125 0.1265625 0.2390625 0.1171875 0.2265625 0.11875 0.184375 0.1359375 0.1671875 0.1453125 0.165625 0.146875 0.1625 0.1609375 0.15625 0.1671875 0.1546875 0.184375 0.15625 0.1875 0.153125 0.2046875 0.15 0.2234375 0.1421875 0.234375 0.1390625 0.2375 0.140625
4 0.446875 0.071875 0.4578125 0.0734375 0.4609375 0.0765625 0.4671875 0.0765625 0.48125 0.0828125 0.4875 0.0828125 0.509375 0.09375 0.496875 0.1015625 0.4921875 0.1015625 0.4796875 0.1078125 0.478125 0.1109375 0.4640625 0.1203125 0.446875 0.1421875 0.446875 0.1453125 0.4390625 0.153125 0.4140625 0.1953125 0.3984375 0.1953125 0.3921875 0.1921875 0.384375 0.1921875 0.3796875 0.1890625 0.359375 0.184375 0.353125 0.178125 0.34375 0.175 0.334375 0.1671875 0.3203125 0.146875 0.3125 0.140625 0.3109375 0.134375 0.303125 0.125 0.2984375 0.109375 0.3046875 0.1046875 0.3234375 0.103125 0.3375 0.096875 0.35 0.0953125 0.384375 0.0734375 0.4109375 0.0703125 0.4453125 0.071875
4 0.8796875 0.4671875 0.8859375 0.4703125 0.89375 0.4703125 0.896875 0.4734375 0.903125 0.4734375 0.90625 0.4765625 0.9171875 0.478125 0.925 0.484375 0.928125 0.496875 0.9578125 0.5046875 0.975 0.5140625 0.9984375 0.5375 0.9984375 0.6265625 0.98125 0.6390625 0.975 0.646875 0.959375 0.65625 0.9578125 0.659375 0.9484375 0.6625 0.946875 0.665625 0.915625 0.675 0.8875 0.675 0.8765625 0.678125 0.859375 0.6765625 0.8515625 0.6609375 0.821875 0.6296875 0.8046875 0.61875 0.778125 0.596875 0.74375 0.5828125 0.7375 0.5765625 0.7375 0.5734375 0.7609375 0.55 0.7609375 0.546875 0.771875 0.5328125 0.771875 0.528125 0.8140625 0.478125 0.878125 0.4671875
4 0 0.3640625 0.0078125 0.3796875 0.009375 0.39375 0.01875 0.4109375 0.015625 0.4421875 0.0078125 0.45625 0 0.4609375 0 0.365625
4 0.925 0.6828125 0.934375 0.684375 0.9484375 0.69375 0.965625 0.6953125 0.96875 0.6984375 0.9796875 0.7015625 0.9984375 0.715625 0.9984375 0.759375 0.9953125 0.7625 0.9984375 0.76875 0.9984375 0.8609375 0.9859375 0.8796875 0.9625 0.89375 0.959375 0.89375 0.9578125 0.896875 0.9484375 0.9 0.946875 0.903125 0.928125 0.9078125 0.925 0.9109375 0.9140625 0.9109375 0.9 0.915625 0.8953125 0.9203125 0.8703125 0.9203125 0.8640625 0.9171875 0.834375 0.9140625 0.81875 0.9078125 0.7890625 0.903125 0.7609375 0.890625 0.75 0.88125 0.75 0.878125 0.7421875 0.8703125 0.7375 0.859375 0.7375 0.8515625 0.734375 0.8453125 0.73125 0.8265625 0.7328125 0.7921875 0.740625 0.7703125 0.75 0.7625 0.7578125 0.7609375 0.78125 0.7484375 0.7890625 0.7484375 0.80625 0.7390625 0.825 0.7375 0.8453125 0.721875 0.853125 0.709375 0.8546875 0.7015625 0.865625 0.684375 0.8765625 0.684375 0.8828125 0.68125 0.9234375 0.6828125
4 0.3625 0.61875 0.3765625 0.621875 0.3953125 0.621875 0.4015625 0.625 0.428125 0.628125 0.4453125 0.634375 0.453125 0.640625 0.4578125 0.640625 0.459375 0.64375 0.465625 0.64375 0.4828125 0.6515625 0.4875 0.6515625 0.4953125 0.6578125 0.4984375 0.6578125 0.5 0.6609375 0.509375 0.6640625 0.5109375 0.6671875 0.5203125 0.66875 0.5296875 0.68125 0.5296875 0.696875 0.546875 0.7265625 0.5515625 0.7390625 0.5625 0.753125 0.571875 0.7609375 0.5734375 0.765625 0.571875 0.7765625 0.5578125 0.8 0.5421875 0.815625 0.540625 0.8203125 0.5296875 0.8328125 0.5171875 0.840625 0.5046875 0.84375 0.4375 0.846875 0.43125 0.85 0.421875 0.85 0.4109375 0.8546875 0.3921875 0.8578125 0.375 0.8578125 0.3640625 0.8546875 0.3328125 0.85625 0.315625 0.8640625 0.3046875 0.8640625 0.3 0.8671875 0.275 0.8703125 0.265625 0.8796875 0.2546875 0.8796875 0.234375 0.8703125 0.2296875 0.8703125 0.2265625 0.8671875 0.203125 0.8609375 0.19375 0.853125 0.1890625 0.853125 0.1671875 0.8390625 0.1609375 0.821875 0.15625 0.7953125 0.1484375 0.7828125 0.146875 0.7734375 0.146875 0.7578125 0.15 0.7515625 0.146875 0.734375 0.15 0.734375 0.15625 0.7265625 0.15625 0.71875 0.15 0.709375 0.153125 0.6921875 0.15625 0.6859375 0.1703125 0.675 0.2296875 0.6453125 0.2421875 0.64375 0.2515625 0.6375 0.26875 0.63125 0.275 0.625 0.2796875 0.625 0.284375 0.621875 0.30625 0.6234375 0.3171875 0.6203125 0.3390625 0.6203125 0.3484375 0.6171875 0.3609375 0.61875
52 0 0.35270132517838937 0.014945652173913044 0.40061162079510704 0.03532608695652174 0.4209989806320082 0.059782608695652176 0.4332313965341489 0.12092391304347824 0.43730886850152906 0.2078804347826087 0.42303771661569833 0.23097826086956524 0.41080530071355764 0.24864130434782608 0.39143730886850153 0.2595108695652174 0.34964322120285424 0.25135869565217395 0.3007135575942915 0.21875 0.26605504587155965 0.18342391304347824 0.25178389398572887 0.09782608695652174 0.24566768603465855 0.06385869565217392 0.2558613659531091 0.021739130434782608 0.2813455657492355 0.002717391304347826 0.3211009174311927 0 0.35270132517838937
52 0.2595108695652174 0.5728848114169216 0.2907608695652174 0.6044852191641182 0.327445652173913 0.6167176350662589 0.360054347826087 0.6146788990825688 0.40896739130434784 0.6207951070336392 0.4646739130434782 0.5953109072375128 0.47146739130434784 0.5851172273190622 0.4904891304347826 0.582059123343527 0.49728260869565216 0.5677879714576963 0.4959239130434782 0.5423037716615698 0.47146739130434784 0.4994903160040775 0.4429347826086956 0.47196738022426094 0.40625 0.4525993883792049 0.375 0.4444444444444445 0.33152173913043476 0.4454638124362895 0.30842391304347827 0.4597349643221203 0.2921195652173913 0.4933741080530072 0.2595108695652174 0.5728848114169216
52 0.5271739130434783 0.6676860346585117 0.5353260869565217 0.6992864424057085 0.5529891304347826 0.7339449541284404 0.5815217391304348 0.7686034658511722 0.6182065217391304 0.7900101936799185 0.6997282608695652 0.7757390417940877 0.8342391304347826 0.726809378185525 0.8478260869565217 0.7125382262996942 0.8559782608695652 0.6850152905198776 0.8505434782608695 0.6666666666666667 0.8383152173913043 0.6493374108053007 0.7744565217391304 0.598369011213048 0.7269021739130435 0.5769622833843018 0.6467391304347826 0.5565749235474006 0.5883152173913043 0.5565749235474006 0.563858695652174 0.5647298674821611 0.5516304347826086 0.5739041794087666 0.5353260869565217 0.5912334352701325 0.5271739130434783 0.6146788990825688 0.5271739130434783 0.6676860346585117
52 0.2717391304347826 0.9306829765545362 0.2921195652173913 0.9765545361875638 0.28940217391304346 0.9918450560652395 0.2934782608695652 0.9959225280326198 0.29891304347826086 0.998980632008155 0.46739130434782605 0.998980632008155 0.532608695652174 0.9276248725790011 0.5529891304347826 0.890927624872579 0.5597826086956521 0.8603465851172274 0.5529891304347826 0.8419979612640164 0.5339673913043479 0.8389398572884812 0.3342391304347826 0.8593272171253823 0.2866847826086957 0.8715596330275229 0.2717391304347826 0.8817533129459735 0.2717391304347826 0.9306829765545362
52 0.5421195652173914 0.8328236493374108 0.5625 0.8481141692150868 0.5543478260869565 0.8939857288481141 0.5353260869565217 0.9296636085626911 0.5502717391304348 0.9561671763506625 0.6127717391304348 0.998980632008155 0.75 0.998980632008155 0.7432065217391304 0.8858307849133537 0.7296195652173914 0.8491335372069317 0.7269021739130435 0.7798165137614679 0.7065217391304348 0.7777777777777778 0.626358695652174 0.7940876656472987 0.5869565217391304 0.7787971457696228 0.5720108695652174 0.7879714576962285 0.5421195652173914 0.8256880733944956 0.5421195652173914 0.8328236493374108
52 0.4103260869565217 0.23751274209989806 0.41847826086956524 0.2487257900101937 0.48777173913043476 0.27522935779816515 0.5095108695652174 0.27726809378185524 0.561141304347826 0.2762487257900102 0.6019021739130435 0.2701325178389399 0.6413043478260869 0.2507645259938838 0.654891304347826 0.23139653414882771 0.6535326086956521 0.2161060142711519 0.5869565217391304 0.12844036697247707 0.5543478260869565 0.09785932721712538 0.529891304347826 0.08970438328236494 0.4891304347826087 0.10499490316004079 0.46059782608695654 0.12742099898063203 0.4266304347826087 0.1743119266055046 0.40896739130434784 0.21508664627930685 0.4103260869565217 0.23751274209989806
52 0.5163043478260869 0.3068297655453619 0.5421195652173914 0.34658511722731905 0.5910326086956521 0.37512742099898067 0.638586956521739 0.3934760448521917 0.6915760869565217 0.39551478083588176 0.6983695652173914 0.39245667686034663 0.7214673913043479 0.3414882772680938 0.71875 0.30784913353720694 0.6807065217391304 0.2945973496432212 0.6453804347826086 0.2925586136595311 0.5692934782608695 0.27930682976554533 0.5285326086956521 0.28236493374108057 0.5163043478260869 0.2925586136595311 0.5163043478260869 0.3068297655453619
52 0.702445652173913 0.39857288481141695 0.7472826086956521 0.40672782874617736 0.7703804347826086 0.4209989806320082 0.7989130434782609 0.4597349643221203 0.8125 0.46992864424057085 0.8396739130434783 0.4709480122324159 0.8845108695652174 0.4648318042813456 0.9211956521739131 0.47604485219164117 0.9442934782608695 0.4709480122324159 0.955163043478261 0.4566768603465851 0.9538043478260869 0.4148827726809379 0.9116847826086957 0.34454638124362896 0.8478260869565217 0.3058103975535168 0.8138586956521738 0.29867482161060144 0.7934782608695652 0.2996941896024465 0.7241847826086956 0.35677879714576965 0.702445652173913 0.3843017329255861 0.702445652173913 0.39857288481141695
52 0.7146739130434783 0.12640163098878696 0.7228260869565217 0.13863404689092762 0.7663043478260869 0.1651376146788991 0.7907608695652174 0.1651376146788991 0.8097826086956521 0.17227319062181448 0.8247282608695652 0.18450560652395515 0.8967391304347826 0.17838939857288483 0.919836956521739 0.16207951070336393 0.923913043478261 0.11111111111111112 0.9211956521739131 0.03873598369011213 0.8940217391304348 0.02650356778797146 0.8641304347826086 0.02854230377166157 0.84375 0.034658511722731905 0.8206521739130433 0.04281345565749235 0.7975543478260869 0.060142711518858305 0.751358695652174 0.08256880733944955 0.7214673913043479 0.10499490316004079 0.7146739130434783 0.12640163098878696
52 0 0.6952089704383282 0 0.8797145769622834 0.11005434782608696 0.8572884811416921 0.11548913043478262 0.8532110091743119 0.12364130434782608 0.8216106014271153 0.1263586956521739 0.7859327217125383 0.125 0.7655453618756372 0.10326086956521738 0.7329255861365953 0.09375 0.72579001019368 0.004076086956521739 0.6941896024464832 0 0.6952089704383282
52 0 0.1365953109072375 0 0.31600407747196735 0.01902173913043478 0.2813455657492355 0.033967391304347824 0.2691131498470948 0.06114130434782609 0.25484199796126406 0.11005434782608696 0.24260958205912336 0.11413043478260869 0.2385321100917431 0.09918478260869565 0.20897043832823653 0.06521739130434782 0.16921508664627932 0.01902173913043478 0.14067278287461776 0.006793478260869565 0.13761467889908258 0 0.1365953109072375
52 0.024456521739130436 0.6432212028542305 0 0.6574923547400612 0 0.6799184505606524 0.042119565217391304 0.7064220183486238 0.10054347826086955 0.72579001019368 0.1358695652173913 0.7319062181447503 0.14945652173913043 0.7227319062181448 0.1453804347826087 0.7033639143730887 0.15081521739130435 0.6850152905198776 0.19429347826086957 0.6574923547400612 0.15625 0.6472986748216106 0.09375 0.617737003058104 0.07472826086956522 0.6126401630988787 0.06385869565217392 0.6034658511722732 0.05163043478260869 0.6116207951070336 0.024456521739130436 0.6432212028542305
52 0.11277173913043478 0.9143730886850154 0.11548913043478262 0.9469928644240572 0.12228260869565218 0.9520897043832823 0.13994565217391303 0.9571865443425077 0.1766304347826087 0.9531090723751274 0.2214673913043478 0.9317023445463812 0.26358695652173914 0.9174311926605505 0.26902173913043476 0.9082568807339451 0.26358695652173914 0.8837920489296636 0.22282608695652173 0.8695208970438328 0.21195652173913043 0.873598369011213 0.1956521739130435 0.8664627930682978 0.1956521739130435 0.8593272171253823 0.1644021739130435 0.8409785932721713 0.15625 0.8053007135575942 0.13858695652173914 0.7767584097859327 0.13994565217391303 0.7716615698267074 0.12907608695652173 0.7889908256880734 0.11956521739130435 0.8430173292558614 0.11277173913043478 0.9143730886850154
52 0.22418478260869565 0.06218144750254843 0.23097826086956524 0.07033639143730888 0.27989130434782605 0.09683995922528033 0.30978260869565216 0.10091743119266054 0.3355978260869565 0.09582059123343527 0.3546195652173913 0.08868501529051989 0.3872282608695652 0.06422018348623854 0.4021739130434782 0.022426095820591234 0.4008152173913043 0 0.28260869565217395 0 0.2527173913043478 0.019367991845056064 0.22554347826086957 0.05504587155963303 0.22418478260869565 0.06218144750254843