26 0.6453125 0.4171875 0.6640625 0.4234375 0.6890625 0.425 0.7046875 0.4234375 0.715625 0.41875 0.734375 0.415625 0.7484375 0.41875 0.7546875 0.4234375 0.765625 0.4234375 0.7796875 0.428125 0.7953125 0.4375 0.8015625 0.44375 0.80625 0.453125 0.8078125 0.4734375 0.8015625 0.4875 0.790625 0.5 0.7890625 0.5125 0.8015625 0.5375 0.8015625 0.5421875 0.821875 0.5609375 0.821875 0.5734375 0.8015625 0.596875 0.8015625 0.6 0.7859375 0.621875 0.7796875 0.6265625 0.7796875 0.6296875 0.75625 0.6515625 0.740625 0.6609375 0.7390625 0.6640625 0.7125 0.675 0.6984375 0.678125 0.6953125 0.68125 0.675 0.684375 0.6640625 0.6890625 0.646875 0.690625 0.6390625 0.69375 0.60625 0.6953125 0.5953125 0.6984375 0.575 0.6984375 0.5734375 0.7 0.53125 0.6984375 0.503125 0.69375 0.4984375 0.690625 0.471875 0.6875 0.465625 0.684375 0.440625 0.68125 0.384375 0.653125 0.375 0.6515625 0.359375 0.6421875 0.3453125 0.615625 0.340625 0.596875 0.334375 0.5875 0.3296875 0.5828125 0.3234375 0.58125 0.3140625 0.5703125 0.3125 0.553125 0.303125 0.5421875 0.2984375 0.525 0.290625 0.51875 0.2828125 0.51875 0.275 0.5140625 0.2734375 0.5109375 0.275 0.5015625 0.2796875 0.4921875 0.2765625 0.4765625 0.28125 0.4671875 0.2875 0.4609375 0.3109375 0.4578125 0.325 0.44375 0.3359375 0.4375 0.3421875 0.4375 0.346875 0.434375 0.35625 0.4375 0.3578125 0.4421875 0.3640625 0.4484375 0.3640625 0.4515625 0.371875 0.459375 0.3796875 0.4625 0.390625 0.4609375 0.3953125 0.4640625 0.3984375 0.471875 0.421875 0.478125 0.446875 0.475 0.4515625 0.471875 0.4609375 0.4703125 0.478125 0.4640625 0.4796875 0.4609375 0.503125 0.4515625 0.50625 0.4484375 0.5140625 0.446875 0.5171875 0.44375 0.5703125 0.4296875 0.5890625 0.41875 0.5984375 0.4171875 0.603125 0.4140625 0.6234375 0.4125 0.64375 0.4171875
5 0.7255434782608695 0.0018001800180018003 0.7296195652173914 0.018901890189018902 0.7622282608695652 0.07830783078307832 0.75 0.09810981098109811 0.7459239130434783 0.1332133213321332 0.7989130434782609 0.15751575157515751 0.8233695652173912 0.15931593159315932 0.8369565217391305 0.15121512151215122 0.8451086956521738 0.1332133213321332 0.8478260869565217 0.09990999099909992 0.8396739130434783 0.05760576057605761 0.8111413043478259 0 0.7255434782608695 0.0018001800180018003
5 0.6834239130434783 0.0009000900090009002 0.7214673913043479 0.04320432043204321 0.75 0.05760576057605761 0.7255434782608695 0 0.6834239130434783 0.0009000900090009002
5 0.8464673913043479 0.07920792079207921 0.8491847826086957 0.12061206120612063 0.8709239130434783 0.1458145814581458 0.8980978260869564 0.16741674167416742 0.9130434782608695 0.1719171917191719 0.9347826086956521 0.17371737173717372 0.9538043478260869 0.1683168316831683 0.9904891304347826 0.16561656165616562 0.9904891304347826 0.16111611161116113 0.9565217391304348 0.1278127812781278 0.9307065217391305 0.11521152115211522 0.9211956521739131 0.10081008100810081 0.8940217391304348 0.0819081908190819 0.8763586956521738 0.06120612061206121 0.8274456521739131 0.025202520252025202 0.8464673913043479 0.07920792079207921
44 0.17255434782608697 0.06570657065706571 0.1766304347826087 0.0711071107110711 0.21739130434782608 0.06120612061206121 0.23641304347826084 0.06480648064806481 0.25135869565217395 0.07830783078307832 0.27853260869565216 0.0675067506750675 0.2866847826086957 0.054005400540054004 0.2839673913043478 0.04320432043204321 0.2554347826086957 0.0315031503150315 0.24184782608695649 0.015301530153015303 0.2323369565217391 0.010801080108010803 0.22282608695652173 0.010801080108010803 0.19429347826086957 0.023402340234023402 0.17527173913043476 0.04950495049504951 0.17255434782608697 0.06570657065706571
44 0.03668478260869565 0.0675067506750675 0.04483695652173913 0.0855085508550855 0.11684782608695651 0.09180918091809182 0.13179347826086957 0.0819081908190819 0.1358695652173913 0.05580558055805581 0.13043478260869565 0.04590459045904591 0.12228260869565218 0.04230423042304231 0.057065217391304345 0.041404140414041404 0.042119565217391304 0.04950495049504951 0.03804347826086956 0.05670567056705671 0.03668478260869565 0.0675067506750675
44 0.2934782608695652 0.0666066606660666 0.31114130434782605 0.07020702070207022 0.3532608695652174 0.05760576057605761 0.37635869565217395 0.04770477047704771 0.3872282608695652 0.0387038703870387 0.3695652173913043 0.027902790279027905 0.34239130434782605 0.026102610261026105 0.3125 0.032403240324032405 0.2921195652173913 0.04950495049504951 0.2934782608695652 0.0666066606660666
44 0.08423913043478261 0.0387038703870387 0.12092391304347824 0.041404140414041404 0.13179347826086957 0.04590459045904591 0.13722826086956522 0.05580558055805581 0.1331521739130435 0.08460846084608462 0.1644021739130435 0.08460846084608462 0.17119565217391303 0.0729072907290729 0.16847826086956522 0.05670567056705671 0.1793478260869565 0.03510351035103511 0.15625 0.009900990099009901 0.11277173913043478 0.0036003600360036006 0.09103260869565218 0.012601260126012601 0.08288043478260869 0.022502250225022502 0.08423913043478261 0.0387038703870387
44 0.16847826086956522 0.09180918091809182 0.19021739130434784 0.09180918091809182 0.24728260869565216 0.08460846084608462 0.25 0.08010801080108011 0.23369565217391303 0.0639063906390639 0.20652173913043476 0.06120612061206121 0.18070652173913043 0.0711071107110711 0.16847826086956522 0.08640864086408642 0.16847826086956522 0.09180918091809182
44 0.005434782608695652 0.07380738073807382 0.01358695652173913 0.07830783078307832 0.03532608695652174 0.081008100810081 0.03532608695652174 0.060306030603060314 0.04076086956521739 0.04950495049504951 0.05842391304347826 0.0405040504050405 0.0733695652173913 0.039603960396039604 0.07608695652173912 0.027902790279027905 0.06657608695652174 0.018901890189018902 0.043478260869565216 0.016201620162016202 0.025815217391304345 0.021602160216021606 0.004076086956521739 0.0387038703870387 0.005434782608695652 0.07380738073807382
44 0.23777173913043476 0.010801080108010803 0.264945652173913 0.03690369036903691 0.28940217391304346 0.04410441044104411 0.3029891304347826 0.036003600360036005 0.3043478260869565 0 0.2391304347826087 0 0.23777173913043476 0.010801080108010803
44 0.14945652173913043 0 0.14945652173913043 0.0027002700270027007 0.17527173913043476 0.028802880288028805 0.18478260869565216 0.030603060306030605 0.19701086956521738 0.018901890189018902 0.22690217391304346 0.004500450045004501 0.22554347826086957 0 0.14945652173913043 0