49 0.09239130434782608 0.7889908256880734 0.10597826086956522 0.8093781855249744 0.12771739130434784 0.8144750254841998 0.19157608695652173 0.8521916411824669 0.30027173913043476 0.8899082568807339 0.4646739130434782 0.9378185524974516 0.48369565217391297 0.9317023445463812 0.4932065217391304 0.9113149847094801 0.48777173913043476 0.8858307849133537 0.501358695652174 0.8481141692150868 0.5516304347826086 0.798165137614679 0.5910326086956521 0.7838939857288482 0.6046195652173914 0.7849133537206933 0.6182065217391304 0.7798165137614679 0.65625 0.7757390417940877 0.7146739130434783 0.7910295616717635 0.732336956521739 0.8093781855249744 0.75 0.8185524974515801 0.7744565217391304 0.8491335372069317 0.7880434782608695 0.8572884811416921 0.8029891304347826 0.8827726809378186 0.8165760869565217 0.8899082568807339 0.8206521739130433 0.8980632008154945 0.8383152173913043 0.9001019367991846 0.8491847826086957 0.8868501529051989 0.8695652173913043 0.8205912334352702 0.9836956521739131 0.601427115188583 0.9932065217391305 0.5688073394495413 0.9918478260869564 0.5433231396534148 0.9782608695652174 0.5310907237512742 0.9633152173913043 0.5249745158002039 0.8641304347826086 0.5025484199796126 0.830163043478261 0.4974515800203874 0.7540760869565217 0.4994903160040775 0.6834239130434783 0.5188583078491336 0.6834239130434783 0.5259938837920489 0.669836956521739 0.5351681957186545 0.671195652173913 0.5412844036697247 0.6630434782608695 0.5514780835881753 0.6725543478260869 0.5596330275229359 0.671195652173913 0.5688073394495413 0.608695652173913 0.5963302752293578 0.595108695652174 0.5851172273190622 0.5692934782608695 0.5759429153924567 0.5665760869565217 0.5688073394495413 0.5543478260869565 0.5708460754332314 0.5380434782608695 0.5657492354740061 0.5203804347826086 0.5698267074413864 0.49728260869565216 0.5688073394495413 0.4782608695652174 0.5361875637104995 0.4592391304347826 0.5351681957186545 0.4619565217391305 0.5412844036697247 0.45652173913043476 0.5504587155963303 0.44565217391304346 0.5494393476044852 0.4375 0.5596330275229359 0.4442934782608695 0.5744138634046891 0.4429347826086956 0.5922528032619776 0.4320652173913043 0.598369011213048 0.42527173913043476 0.6126401630988787 0.42119565217391297 0.6116207951070336 0.4171195652173913 0.63506625891947 0.40760869565217395 0.6452599388379205 0.3817934782608695 0.6483180428134557 0.358695652173913 0.6564729867482162 0.36141304347826086 0.6921508664627931 0.3491847826086957 0.726809378185525 0.27989130434782605 0.7502548419979613 0.24592391304347827 0.7502548419979613 0.22010869565217392 0.7451580020387361 0.20516304347826084 0.7390417940876657 0.20244565217391303 0.726809378185525 0.1956521739130435 0.7319062181447503 0.18342391304347824 0.726809378185525 0.17527173913043476 0.7155963302752294 0.1766304347826087 0.7064220183486238 0.17255434782608697 0.7023445463812437 0.16304347826086957 0.7033639143730887 0.15353260869565216 0.6819571865443426 0.11548913043478262 0.7196738022426097 0.09239130434782608 0.7573904179408767 0.09239130434782608 0.7889908256880734
4 0.2453125 0.6015625 0.253125 0.6046875 0.2921875 0.6046875 0.3328125 0.61875 0.3421875 0.628125 0.3421875 0.63125 0.353125 0.646875 0.353125 0.653125 0.3609375 0.678125 0.3609375 0.6921875 0.3515625 0.70625 0.3484375 0.7078125 0.3421875 0.7203125 0.3328125 0.7296875 0.321875 0.7359375 0.3125 0.7375 0.3109375 0.740625 0.3 0.7453125 0.2625 0.75 0.2296875 0.746875 0.1875 0.728125 0.16875 0.709375 0.1578125 0.68125 0.1625 0.6515625 0.1703125 0.634375 0.1796875 0.625 0.1953125 0.6203125 0.2078125 0.6140625 0.209375 0.6109375 0.221875 0.6046875 0.2265625 0.6046875 0.2296875 0.6015625 0.24375 0.6015625
49 0.5135869565217391 0.2038735983690112 0.5095108695652174 0.22018348623853212 0.48777173913043476 0.24464831804281348 0.48369565217391297 0.2609582059123344 0.4619565217391305 0.2884811416921509 0.41983695652173914 0.3068297655453619 0.3804347826086957 0.3516819571865443 0.34375 0.3781855249745158 0.327445652173913 0.382262996941896 0.327445652173913 0.3904179408766565 0.3342391304347826 0.39653414882772686 0.3845108695652174 0.3975535168195719 0.4307065217391305 0.3873598369011213 0.44565217391304346 0.38022426095820594 0.49864130434782605 0.34046890927624873 0.563858695652174 0.2782874617737003 0.5760869565217391 0.2487257900101937 0.5720108695652174 0.22629969418960244 0.546195652173913 0.20183486238532108 0.5095108695652174 0.18450560652395515 0.5135869565217391 0.2038735983690112
4 0.4421875 0.14375 0.475 0.15625 0.484375 0.1625 0.509375 0.1921875 0.509375 0.2109375 0.50625 0.2203125 0.4890625 0.2375 0.4796875 0.2421875 0.475 0.2484375 0.453125 0.265625 0.4375 0.2703125 0.4 0.2703125 0.3734375 0.2625 0.365625 0.2625 0.3546875 0.2578125 0.3265625 0.23125 0.321875 0.21875 0.321875 0.2078125 0.3328125 0.2 0.3546875 0.178125 0.359375 0.1703125 0.371875 0.1578125 0.375 0.15 0.3796875 0.146875 0.4 0.1421875 0.440625 0.14375
4 0.2921875 0.2515625 0.3375 0.25 0.3578125 0.2640625 0.3875 0.271875 0.3953125 0.2796875 0.4046875 0.2984375 0.4046875 0.321875 0.4015625 0.328125 0.390625 0.3359375 0.384375 0.3453125 0.36875 0.35625 0.3640625 0.3625 0.34375 0.375 0.33125 0.3796875 0.2890625 0.3796875 0.278125 0.378125 0.265625 0.371875 0.253125 0.36875 0.2359375 0.35625 0.2328125 0.35625 0.2203125 0.3453125 0.2140625 0.3328125 0.2109375 0.3171875 0.221875 0.3109375 0.2421875 0.30625 0.2484375 0.303125 0.25 0.3 0.26875 0.2921875 0.28125 0.28125 0.284375 0.2734375 0.2890625 0.26875 0.2921875 0.2625 0.2921875 0.253125
49 0 0.4862385321100918 0.06114130434782609 0.5158002038735984 0.11820652173913042 0.5484199796126401 0.12228260869565218 0.5545361875637105 0.1358695652173913 0.5555555555555556 0.13858695652173914 0.5667686034658512 0.17527173913043476 0.5871559633027523 0.19157608695652173 0.5942915392456677 0.20652173913043476 0.5942915392456677 0.23369565217391303 0.5688073394495413 0.24048913043478262 0.5382262996941896 0.19701086956521738 0.54638124362895 0.19157608695652173 0.5412844036697247 0.17255434782608697 0.5412844036697247 0.1644021739130435 0.5239551478083588 0.1793478260869565 0.5005096839959225 0.16847826086956522 0.4933741080530072 0.15353260869565216 0.5005096839959225 0.06521739130434782 0.4209989806320082 0.01766304347826087 0.38837920489296635 0.001358695652173913 0.36289500509684 0 0.4862385321100918
4 0.109375 0.2875 0.1234375 0.290625 0.1421875 0.3 0.165625 0.3203125 0.178125 0.3453125 0.1859375 0.35625 0.1875 0.371875 0.1859375 0.378125 0.165625 0.3953125 0.15 0.4 0.14375 0.4046875 0.1359375 0.40625 0.134375 0.409375 0.1296875 0.409375 0.1109375 0.4171875 0.0921875 0.4171875 0.090625 0.41875 0.075 0.41875 0.0703125 0.415625 0.0640625 0.415625 0.0265625 0.3921875 0.0109375 0.3625 0.0109375 0.3421875 0.021875 0.33125 0.0234375 0.3265625 0.053125 0.296875 0.06875 0.29375 0.084375 0.2875 0.1078125 0.2875
4 0.6109375 0.4703125 0.628125 0.4765625 0.634375 0.4765625 0.6578125 0.49375 0.6625 0.49375 0.6671875 0.496875 0.6765625 0.5109375 0.6765625 0.5171875 0.68125 0.5296875 0.68125 0.5453125 0.6703125 0.5703125 0.659375 0.58125 0.6546875 0.590625 0.628125 0.603125 0.6109375 0.603125 0.6078125 0.5953125 0.6015625 0.5890625 0.59375 0.5859375 0.5921875 0.5828125 0.5890625 0.5828125 0.571875 0.5703125 0.55625 0.56875 0.553125 0.565625 0.540625 0.5625 0.521875 0.5625 0.515625 0.565625 0.5 0.5671875 0.4953125 0.565625 0.490625 0.559375 0.4890625 0.5515625 0.490625 0.5171875 0.5015625 0.49375 0.5125 0.484375 0.525 0.478125 0.534375 0.4765625 0.5515625 0.4671875 0.596875 0.4671875 0.603125 0.4703125 0.609375 0.4703125
4 0.2203125 0.3625 0.24375 0.3671875 0.275 0.38125 0.284375 0.3953125 0.290625 0.4 0.290625 0.4046875 0.2953125 0.4140625 0.2953125 0.4234375 0.2859375 0.453125 0.26875 0.4671875 0.228125 0.4859375 0.1921875 0.4875 0.190625 0.4890625 0.1640625 0.4890625 0.1515625 0.4828125 0.140625 0.4828125 0.1234375 0.475 0.1046875 0.4625 0.103125 0.459375 0.0875 0.4515625 0.084375 0.4453125 0.0875 0.4359375 0.0875 0.4265625 0.09375 0.4203125 0.128125 0.4140625 0.1375 0.4078125 0.153125 0.403125 0.171875 0.39375 0.1875 0.3796875 0.190625 0.3671875 0.19375 0.3640625 0.21875 0.3625
4 0.109375 0.140625 0.121875 0.15 0.13125 0.15 0.14375 0.15625 0.1609375 0.159375 0.1734375 0.165625 0.1859375 0.1796875 0.1859375 0.184375 0.19375 0.196875 0.19375 0.2125 0.190625 0.2203125 0.165625 0.2578125 0.1421875 0.271875 0.1171875 0.28125 0.10625 0.2796875 0.08125 0.28125 0.075 0.278125 0.06875 0.278125 0.05625 0.271875 0.053125 0.2640625 0.028125 0.2375 0.021875 0.234375 0.0203125 0.23125 0.015625 0.23125 0.0078125 0.225 0.0046875 0.225 0 0.2203125 0 0.1828125 0.003125 0.18125 0.003125 0.178125 0.015625 0.1625 0.0265625 0.159375 0.03125 0.153125 0.0421875 0.1453125 0.05 0.1453125 0.0671875 0.140625 0.1 0.140625 0.1015625 0.1390625 0.1078125 0.140625
4 0.5359375 0.565625 0.55 0.5671875 0.553125 0.5703125 0.575 0.575 0.603125 0.59375 0.603125 0.596875 0.60625 0.5984375 0.6078125 0.6046875 0.6140625 0.6125 0.6203125 0.6328125 0.61875 0.65 0.603125 0.6640625 0.603125 0.6671875 0.596875 0.675 0.5921875 0.696875 0.5890625 0.7 0.584375 0.7 0.5609375 0.709375 0.5453125 0.709375 0.540625 0.7 0.5296875 0.6890625 0.5140625 0.6796875 0.509375 0.6796875 0.50625 0.6765625 0.5 0.6765625 0.496875 0.6734375 0.490625 0.6734375 0.4859375 0.6703125 0.425 0.6625 0.4203125 0.653125 0.4203125 0.634375 0.4171875 0.6265625 0.425 0.6140625 0.428125 0.6125 0.428125 0.609375 0.45 0.590625 0.4578125 0.5875 0.459375 0.584375 0.471875 0.58125 0.49375 0.5703125 0.509375 0.5703125 0.5140625 0.5671875 0.521875 0.5671875 0.528125 0.5640625 0.534375 0.565625
4 0.4453125 0.6671875 0.4890625 0.675 0.5203125 0.6859375 0.5375 0.7 0.5484375 0.71875 0.55 0.728125 0.55 0.75625 0.540625 0.775 0.5359375 0.7796875 0.5328125 0.7796875 0.4984375 0.8140625 0.484375 0.81875 0.4625 0.821875 0.4421875 0.821875 0.4296875 0.8171875 0.409375 0.8140625 0.4 0.809375 0.39375 0.803125 0.3796875 0.79375 0.3765625 0.79375 0.365625 0.7828125 0.3640625 0.778125 0.35625 0.7703125 0.3453125 0.7484375 0.3453125 0.740625 0.3484375 0.7359375 0.346875 0.7265625 0.3484375 0.7171875 0.3859375 0.678125 0.4171875 0.6671875 0.44375 0.6671875
4 0.7390625 0.628125 0.759375 0.634375 0.7703125 0.640625 0.7796875 0.653125 0.7796875 0.65625 0.790625 0.665625 0.8015625 0.6796875 0.8046875 0.7125 0.8015625 0.73125 0.7984375 0.734375 0.796875 0.7421875 0.7796875 0.7609375 0.7796875 0.7640625 0.765625 0.7765625 0.7484375 0.7796875 0.734375 0.7890625 0.728125 0.7890625 0.721875 0.7796875 0.6953125 0.7796875 0.6890625 0.7765625 0.678125 0.7765625 0.665625 0.7640625 0.6484375 0.7609375 0.640625 0.7625 0.628125 0.759375 0.6125 0.7625 0.603125 0.759375 0.6 0.75625 0.5984375 0.7453125 0.59375 0.734375 0.5921875 0.7140625 0.596875 0.69375 0.596875 0.684375 0.6015625 0.671875 0.6046875 0.6703125 0.609375 0.6609375 0.625 0.65 0.653125 0.640625 0.675 0.6375 0.678125 0.634375 0.6984375 0.628125 0.709375 0.6265625 0.7375 0.628125
4 0.33125 0.084375 0.3390625 0.0890625 0.34375 0.0953125 0.353125 0.1 0.3734375 0.1203125 0.375 0.1265625 0.3734375 0.15 0.3640625 0.1640625 0.353125 0.1734375 0.3515625 0.178125 0.340625 0.1890625 0.334375 0.1921875 0.3265625 0.2015625 0.3109375 0.2109375 0.2703125 0.21875 0.253125 0.21875 0.209375 0.203125 0.19375 0.1875 0.1890625 0.171875 0.1953125 0.1640625 0.2125 0.159375 0.2234375 0.153125 0.228125 0.153125 0.2296875 0.15 0.246875 0.1421875 0.2578125 0.1328125 0.265625 0.1203125 0.28125 0.103125 0.2875 0.0859375 0.3125 0.08125 0.3296875 0.084375
4 0.3703125 0.5125 0.3953125 0.51875 0.4140625 0.528125 0.4328125 0.5515625 0.4328125 0.5578125 0.440625 0.5828125 0.4390625 0.5921875 0.41875 0.6171875 0.4109375 0.6328125 0.4015625 0.6359375 0.390625 0.64375 0.3703125 0.65 0.359375 0.65 0.3546875 0.6453125 0.3546875 0.6421875 0.34375 0.625 0.334375 0.615625 0.328125 0.6125 0.3234375 0.6125 0.3109375 0.60625 0.3046875 0.60625 0.3015625 0.603125 0.2921875 0.603125 0.284375 0.6 0.253125 0.6 0.246875 0.5890625 0.246875 0.575 0.25 0.5703125 0.25 0.5625 0.253125 0.5546875 0.2625 0.54375 0.278125 0.53125 0.3046875 0.5171875 0.321875 0.5109375 0.36875 0.5125
49 0 0 0 0.17227319062181448 0.03125 0.1508664627930683 0.04619565217391304 0.13149847094801223 0.06793478260869565 0.1304791029561672 0.08423913043478261 0.13761467889908258 0.09782608695652174 0.13353720693170235 0.09510869565217392 0.11213047910295618 0.08695652173913043 0.10805300713557595 0.08559782608695651 0.09683995922528033 0.09782608695652174 0.05708460754332314 0.11413043478260869 0.0417940876656473 0.12771739130434784 0.03975535168195719 0.13994565217391303 0.027522935779816515 0.14945652173913043 0.0254841997961264 0.19021739130434784 0.021406727828746176 0.24048913043478262 0.029561671763506624 0.25679347826086957 0.03567787971457696 0.2717391304347826 0.04892966360856269 0.2921195652173913 0.08154943934760449 0.3233695652173913 0.07951070336391439 0.3559782608695652 0.09785932721712538 0.3342391304347826 0.07747196738022426 0.24864130434782608 0.024464831804281346 0.21739130434782608 0 0 0
4 0.209375 0.0265625 0.234375 0.0296875 0.259375 0.0421875 0.2609375 0.0453125 0.2640625 0.0453125 0.2703125 0.0515625 0.271875 0.0578125 0.2796875 0.06875 0.2828125 0.0765625 0.2828125 0.084375 0.2796875 0.1015625 0.2609375 0.121875 0.259375 0.128125 0.253125 0.134375 0.2234375 0.1515625 0.196875 0.159375 0.1953125 0.1578125 0.1625 0.1578125 0.115625 0.1421875 0.1046875 0.128125 0.1046875 0.121875 0.09375 0.1015625 0.09375 0.090625 0.096875 0.084375 0.096875 0.0765625 0.1046875 0.0609375 0.1046875 0.0546875 0.1109375 0.05 0.13125 0.0421875 0.1484375 0.0296875 0.1609375 0.028125 0.1671875 0.0296875 0.178125 0.0265625 0.2078125 0.0265625
4 0.2375 0.2171875 0.2640625 0.2234375 0.2765625 0.2296875 0.2859375 0.240625 0.290625 0.25 0.290625 0.2609375 0.2765625 0.284375 0.2703125 0.2890625 0.2609375 0.2921875 0.259375 0.2953125 0.240625 0.3046875 0.21875 0.309375 0.2078125 0.3140625 0.1625 0.3125 0.1390625 0.2953125 0.1359375 0.2953125 0.134375 0.2921875 0.125 0.2890625 0.1234375 0.284375 0.1640625 0.2625 0.190625 0.2265625 0.1984375 0.2234375 0.2078125 0.2234375 0.21875 0.21875 0.2359375 0.2171875
4 0 0.2265625 0.028125 0.240625 0.04375 0.25625 0.0515625 0.26875 0.053125 0.2765625 0.0515625 0.290625 0.040625 0.309375 0.03125 0.315625 0.009375 0.3375 0.0078125 0.3421875 0 0.346875 0 0.228125
49 0.1793478260869565 0.33741080530071355 0.19293478260869565 0.3557594291539246 0.20652173913043476 0.35881753312945974 0.21467391304347827 0.35474006116207957 0.21603260869565216 0.3486238532110092 0.19972826086956522 0.31702344546381245 0.1793478260869565 0.31804281345565755 0.1793478260869565 0.33741080530071355
4 0.8109375 0.5359375 0.8328125 0.540625 0.8421875 0.5453125 0.865625 0.5640625 0.878125 0.603125 0.878125 0.6171875 0.875 0.6234375 0.8734375 0.6359375 0.8640625 0.653125 0.85625 0.65625 0.85 0.665625 0.8453125 0.665625 0.8375 0.6703125 0.8234375 0.6734375 0.8203125 0.6765625 0.8125 0.6765625 0.8078125 0.6796875 0.8046875 0.6796875 0.8 0.671875 0.7828125 0.65625 0.76875 0.6359375 0.746875 0.6265625 0.728125 0.6234375 0.7 0.6234375 0.6953125 0.6265625 0.6671875 0.634375 0.659375 0.6203125 0.659375 0.5984375 0.665625 0.58125 0.678125 0.5703125 0.678125 0.5671875 0.6875 0.55625 0.6984375 0.546875 0.734375 0.534375 0.765625 0.5328125 0.7671875 0.534375 0.809375 0.5359375
4 0.375 0.4234375 0.3828125 0.4203125 0.403125 0.41875 0.4046875 0.4203125 0.4203125 0.4203125 0.4296875 0.4234375 0.446875 0.4234375 0.475 0.4296875 0.496875 0.440625 0.4984375 0.4453125 0.50625 0.453125 0.509375 0.4640625 0.509375 0.4828125 0.49375 0.5015625 0.4890625 0.5109375 0.4890625 0.5171875 0.484375 0.5296875 0.48125 0.5328125 0.4640625 0.5359375 0.45 0.5421875 0.43125 0.54375 0.4125 0.5234375 0.3953125 0.515625 0.3796875 0.5125 0.375 0.509375 0.3265625 0.5078125 0.3203125 0.5015625 0.3234375 0.4890625 0.3234375 0.4734375 0.334375 0.45625 0.334375 0.453125 0.3578125 0.43125 0.375 0.425
49 0 0.36187563710499493 0 0.4882772680937819 0.09782608695652174 0.5392456676860347 0.13043478260869565 0.563710499490316 0.19021739130434784 0.5963302752293578 0.20516304347826084 0.599388379204893 0.21467391304347827 0.5953109072375128 0.26358695652173914 0.5372069317023446 0.30027173913043476 0.5107033639143731 0.31114130434782605 0.49439347604485223 0.33152173913043476 0.43730886850152906 0.33016304347826086 0.40366972477064217 0.3233695652173913 0.39143730886850153 0.28940217391304346 0.38328236493374107 0.28260869565217395 0.38634046890927626 0.29483695652173914 0.40672782874617736 0.297554347826087 0.42609582059123347 0.2866847826086957 0.45565749235474007 0.26358695652173914 0.47196738022426094 0.21467391304347827 0.48929663608562696 0.1671195652173913 0.4913353720693171 0.13179347826086957 0.4821610601427115 0.08967391304347826 0.4566768603465851 0.08016304347826086 0.44648318042813456 0.07608695652173912 0.4240570846075434 0.03940217391304347 0.40366972477064217 0.028532608695652172 0.4016309887869521 0.01358695652173913 0.38634046890927626 0.005434782608695652 0.36187563710499493 0 0.36187563710499493
49 0.3328804347826087 0.4566768603465851 0.3383152173913043 0.4597349643221203 0.36820652173913043 0.42915392456676865 0.39402173913043476 0.4240570846075434 0.40760869565217395 0.42915392456676865 0.4633152173913043 0.43527013251783897 0.4633152173913043 0.44240570846075433 0.4904891304347826 0.44240570846075433 0.5122282608695652 0.46636085626911317 0.5095108695652174 0.49439347604485223 0.5135869565217391 0.4974515800203874 0.5217391304347826 0.49235474006116214 0.5258152173913043 0.49439347604485223 0.532608695652174 0.4862385321100918 0.5597826086956521 0.4740061162079511 0.5652173913043479 0.47808358817533125 0.5747282608695652 0.47604485219164117 0.6290760869565217 0.4862385321100918 0.6494565217391304 0.4852191641182467 0.639945652173913 0.46687054026503566 0.5855978260869565 0.42915392456676865 0.5475543478260869 0.4148827726809379 0.49864130434782605 0.4046890927624872 0.47690217391304346 0.4057084607543323 0.45652173913043476 0.39653414882772686 0.39945652173913043 0.40061162079510704 0.37635869565217395 0.4148827726809379 0.3342391304347826 0.45158002038735984 0.3328804347826087 0.4566768603465851
49 0.19293478260869565 0.5198776758409787 0.19701086956521738 0.528032619775739 0.22010869565217392 0.5239551478083588 0.24048913043478262 0.5290519877675841 0.24728260869565216 0.5361875637104995 0.24728260869565216 0.5433231396534148 0.24184782608695649 0.545361875637105 0.24728260869565216 0.5535168195718654 0.25407608695652173 0.528032619775739 0.2758152173913043 0.5259938837920489 0.2758152173913043 0.5117227319062182 0.2907608695652174 0.49847094801223246 0.3029891304347826 0.4994903160040775 0.3029891304347826 0.47604485219164117 0.30842391304347827 0.46381243628950053 0.3043478260869565 0.46075433231396534 0.3179347826086957 0.4454638124362895 0.31657608695652173 0.41692150866462796 0.3233695652173913 0.4077471967380224 0.31657608695652173 0.39653414882772686 0.2907608695652174 0.3893985728848114 0.30570652173913043 0.4271151885830785 0.296195652173913 0.43119266055045874 0.2921195652173913 0.4475025484199796 0.2758152173913043 0.46992864424057085 0.23641304347826084 0.4862385321100918 0.21739130434782608 0.5005096839959225 0.1956521739130435 0.5005096839959225 0.19293478260869565 0.5198776758409787