39 0.478125 0.1421875 0.5734375 0.15625 0.59375 0.1625 0.6015625 0.1671875 0.6203125 0.1703125 0.678125 0.1875 0.709375 0.2046875 0.7140625 0.2046875 0.7296875 0.215625 0.7765625 0.2375 0.7921875 0.2484375 0.809375 0.265625 0.828125 0.275 0.8484375 0.29375 0.8515625 0.3078125 0.8671875 0.325 0.86875 0.334375 0.8765625 0.3484375 0.8765625 0.3609375 0.8796875 0.3703125 0.8796875 0.40625 0.88125 0.409375 0.8734375 0.4390625 0.85625 0.4734375 0.840625 0.4875 0.81875 0.5140625 0.8109375 0.51875 0.790625 0.540625 0.7765625 0.5515625 0.753125 0.5640625 0.7515625 0.5640625 0.7515625 0.5453125 0.7609375 0.484375 0.759375 0.4625 0.75625 0.4515625 0.74375 0.434375 0.74375 0.43125 0.73125 0.41875 0.7140625 0.371875 0.6875 0.3390625 0.6796875 0.325 0.665625 0.309375 0.6609375 0.3078125 0.6484375 0.2953125 0.64375 0.29375 0.6140625 0.2609375 0.584375 0.24375 0.575 0.2359375 0.5359375 0.21875 0.5171875 0.215625 0.5078125 0.209375 0.4828125 0.2015625 0.475 0.196875 0.46875 0.196875 0.4390625 0.1890625 0.425 0.1828125 0.4015625 0.1796875 0.38125 0.1734375 0.35 0.1703125 0.3421875 0.171875 0.328125 0.16875 0.3140625 0.1703125 0.2875 0.1578125 0.2859375 0.1546875 0.3359375 0.146875 0.3625 0.146875 0.3796875 0.14375 0.4203125 0.14375 0.421875 0.1421875 0.4765625 0.1421875
39 0.3765625 0.1796875 0.41875 0.1875 0.421875 0.190625 0.434375 0.1921875 0.44375 0.196875 0.4515625 0.196875 0.465625 0.203125 0.4734375 0.203125 0.478125 0.20625 0.49375 0.209375 0.5171875 0.2234375 0.5296875 0.2234375 0.5453125 0.234375 0.5546875 0.234375 0.5984375 0.2578125 0.615625 0.2703125 0.6375 0.2953125 0.646875 0.3 0.6734375 0.325 0.7140625 0.38125 0.7234375 0.4171875 0.7421875 0.4375 0.7515625 0.45625 0.753125 0.5015625 0.75 0.5109375 0.7484375 0.5359375 0.7421875 0.565625 0.7359375 0.5703125 0.7296875 0.5796875 0.721875 0.6 0.7109375 0.61875 0.690625 0.6375 0.6828125 0.6546875 0.66875 0.671875 0.6484375 0.6921875 0.6421875 0.6953125 0.621875 0.7140625 0.58125 0.7359375 0.5765625 0.7421875 0.5734375 0.7421875 0.5625 0.7515625 0.5453125 0.75625 0.53125 0.7640625 0.496875 0.7734375 0.4828125 0.78125 0.459375 0.7859375 0.453125 0.790625 0.4484375 0.790625 0.4390625 0.7953125 0.41875 0.7984375 0.4140625 0.8015625 0.4078125 0.8015625 0.3640625 0.8140625 0.309375 0.815625 0.2765625 0.8203125 0.246875 0.81875 0.2453125 0.8203125 0.178125 0.821875 0.1765625 0.8234375 0.1578125 0.8203125 0.1546875 0.821875 0.140625 0.8203125 0.0921875 0.8203125 0.090625 0.821875 0.0890625 0.8203125 0.0796875 0.821875 0.05625 0.821875 0.0546875 0.8203125 0.0484375 0.821875 0.046875 0.8203125 0.0109375 0.8203125 0 0.8171875 0 0.76875 0.003125 0.765625 0.003125 0.7609375 0 0.7578125 0 0.671875 0.003125 0.66875 0.003125 0.6578125 0 0.6546875 0 0.625 0.121875 0.61875 0.1421875 0.615625 0.1453125 0.6125 0.18125 0.60625 0.2 0.59375 0.24375 0.584375 0.25 0.5796875 0.2515625 0.5734375 0.2609375 0.5640625 0.2734375 0.54375 0.2859375 0.53125 0.290625 0.5234375 0.290625 0.509375 0.2859375 0.49375 0.2859375 0.4859375 0.2890625 0.478125 0.2890625 0.4625 0.2859375 0.453125 0.275 0.4421875 0.2703125 0.428125 0.265625 0.4234375 0.24375 0.4125 0.2015625 0.4046875 0.1796875 0.3921875 0.159375 0.390625 0.1515625 0.3859375 0.1359375 0.3828125 0.11875 0.3828125 0.1125 0.3796875 0.10625 0.38125 0.0859375 0.3796875 0.084375 0.3734375 0.1015625 0.3734375 0.103125 0.371875 0.1140625 0.3734375 0.1296875 0.3703125 0.1828125 0.371875 0.228125 0.3625 0.2375 0.3625 0.2671875 0.35 0.2875 0.334375 0.3296875 0.315625 0.359375 0.2890625 0.365625 0.278125 0.365625 0.2734375 0.375 0.2515625 0.375 0.240625 0.371875 0.2328125 0.359375 0.21875 0.3515625 0.2140625 0.3328125 0.1859375 0.3421875 0.1796875 0.375 0.1796875
39 0.9046875 0.4359375 0.909375 0.446875 0.909375 0.453125 0.9140625 0.4609375 0.9125 0.4953125 0.9046875 0.50625 0.9 0.5203125 0.8984375 0.54375 0.8953125 0.5515625 0.884375 0.56875 0.8828125 0.5765625 0.8640625 0.5953125 0.8609375 0.6015625 0.85625 0.6046875 0.85625 0.6078125 0.8421875 0.621875 0.803125 0.640625 0.790625 0.64375 0.7796875 0.6546875 0.753125 0.6703125 0.7421875 0.6828125 0.740625 0.69375 0.709375 0.7171875 0.6921875 0.7234375 0.6890625 0.7265625 0.65625 0.7359375 0.640625 0.74375 0.615625 0.7484375 0.6109375 0.7515625 0.6046875 0.7515625 0.5765625 0.7609375 0.5671875 0.7609375 0.5609375 0.765625 0.559375 0.7625 0.571875 0.7484375 0.621875 0.71875 0.6578125 0.6890625 0.68125 0.6640625 0.6921875 0.64375 0.715625 0.6203125 0.715625 0.6171875 0.7265625 0.603125 0.734375 0.58125 0.7453125 0.571875 0.7609375 0.565625 0.7734375 0.55625 0.78125 0.553125 0.828125 0.509375 0.8296875 0.5046875 0.8421875 0.490625 0.8578125 0.4765625 0.878125 0.4359375 0.8859375 0.425 0.890625 0.4296875 0.89375 0.4296875 0.8984375 0.4375 0.903125 0.4375
4 0.28888888888888886 0.9191666666666667 0.30074074074074075 0.9408333333333333 0.3066666666666667 0.9683333333333334 0.34814814814814815 0.9991666666666668 0.6222222222222222 0.9991666666666668 0.6325925925925926 0.9941666666666666 0.6414814814814815 0.9791666666666666 0.6711111111111111 0.9566666666666667 0.6844444444444445 0.8975 0.6681481481481482 0.8483333333333333 0.6488888888888888 0.8300000000000001 0.6311111111111112 0.8025 0.6118518518518519 0.7925 0.5614814814814815 0.7766666666666666 0.5407407407407407 0.7741666666666667 0.5081481481481481 0.7758333333333333 0.4311111111111111 0.8016666666666665 0.3674074074074074 0.8175000000000001 0.31851851851851853 0.8241666666666667 0.29629629629629634 0.85 0.28888888888888886 0.875 0.28888888888888886 0.9191666666666667
4 0.5644444444444445 0.7758333333333333 0.6207407407407407 0.7941666666666667 0.6340740740740741 0.8025 0.6533333333333333 0.8333333333333334 0.6711111111111111 0.8483333333333333 0.6874074074074075 0.9116666666666667 0.6785185185185185 0.95 0.6444444444444445 0.9841666666666666 0.6977777777777778 0.9824999999999999 0.7318518518518519 0.9724999999999999 0.7548148148148148 0.95875 0.7985185185185186 0.945 0.8118518518518518 0.9349999999999999 0.8340740740740742 0.8975 0.8266666666666668 0.8341666666666667 0.8074074074074075 0.8066666666666666 0.7733333333333333 0.7808333333333334 0.7170370370370371 0.7591666666666667 0.6844444444444445 0.7533333333333333 0.6222222222222222 0.7533333333333333 0.562962962962963 0.7708333333333333 0.5644444444444445 0.7758333333333333
4 0.7407407407407407 0.7366666666666666 0.7481481481481482 0.75 0.7837037037037037 0.7866666666666666 0.8074074074074075 0.8033333333333333 0.8770370370370371 0.8333333333333334 0.9037037037037038 0.8391666666666666 0.9733333333333334 0.8433333333333334 0.9985185185185186 0.8408333333333333 0.9985185185185186 0.6325000000000001 0.9348148148148148 0.6141666666666666 0.874074074074074 0.6183333333333334 0.7896296296296297 0.6475 0.7511111111111111 0.675 0.7422222222222222 0.6958333333333333 0.7407407407407407 0.7366666666666666
4 0.9007407407407408 0.5708333333333333 0.9096296296296297 0.5925 0.9392592592592592 0.6125 0.9985185185185186 0.6291666666666667 0.9985185185185186 0.4533333333333333 0.965925925925926 0.4575 0.9437037037037037 0.46749999999999997 0.914074074074074 0.49833333333333335 0.9037037037037038 0.5191666666666667 0.9007407407407408 0.5708333333333333
4 0.8829629629629631 0.3975 0.9007407407407408 0.41833333333333333 0.9274074074074073 0.4325 0.9792592592592593 0.4491666666666666 0.9985185185185186 0.4508333333333333 0.9985185185185186 0.29083333333333333 0.9762962962962962 0.2891666666666667 0.9437037037037037 0.29500000000000004 0.8977777777777778 0.315 0.8800000000000001 0.33166666666666667 0.8829629629629631 0.3975
4 0.054814814814814816 0.3808333333333333 0 0.3808333333333333 0 0.6224999999999999 0.12148148148148148 0.6158333333333333 0.1688888888888889 0.6066666666666667 0.2014814814814815 0.5908333333333333 0.2414814814814815 0.5825 0.28740740740740744 0.5216666666666667 0.2814814814814815 0.48916666666666664 0.2859259259259259 0.4625 0.2637037037037037 0.425 0.24444444444444446 0.41583333333333333 0.19555555555555557 0.40499999999999997 0.18074074074074076 0.39583333333333337 0.14814814814814817 0.3883333333333333 0.07703703703703704 0.38 0.07111111111111111 0.37583333333333335 0.054814814814814816 0.3808333333333333
4 0 0.18666666666666668 0 0.3383333333333333 0.0325925925925926 0.35416666666666663 0.08592592592592593 0.3675 0.18222222222222223 0.3683333333333333 0.24740740740740744 0.35583333333333333 0.31851851851851853 0.31666666666666665 0.3451851851851852 0.2975 0.35851851851851857 0.2816666666666666 0.37037037037037035 0.25083333333333335 0.36592592592592593 0.2325 0.3111111111111111 0.175 0.26814814814814814 0.15333333333333332 0.22370370370370368 0.14166666666666666 0.11111111111111112 0.14666666666666667 0.0562962962962963 0.15833333333333333 0.020740740740740744 0.17166666666666666 0 0.18666666666666668
4 0.33037037037037037 0.38249999999999995 0.31851851851851853 0.4025 0.31851851851851853 0.41833333333333333 0.32592592592592595 0.43166666666666664 0.33037037037037037 0.4625 0.34222222222222226 0.4766666666666667 0.3881481481481482 0.5083333333333333 0.4325925925925926 0.5283333333333333 0.4481481481481482 0.5291666666666667 0.4918518518518519 0.54 0.5318518518518519 0.5433333333333333 0.5955555555555556 0.5341666666666667 0.6414814814814815 0.5125 0.6770370370370371 0.5008333333333332 0.7140740740740741 0.4716666666666667 0.7170370370370371 0.4533333333333333 0.6977777777777778 0.39916666666666667 0.6785185185185185 0.37416666666666665 0.6562962962962964 0.355 0.6340740740740741 0.3441666666666666 0.5362962962962963 0.3225 0.49777777777777776 0.31916666666666665 0.4533333333333333 0.3225 0.4103703703703704 0.335 0.3244444444444444 0.36916666666666664 0.33037037037037037 0.38249999999999995