11 0.509375 0.0734375 0.51875 0.084375 0.5296875 0.1125 0.5296875 0.140625 0.53125 0.1421875 0.53125 0.171875 0.528125 0.18125 0.5296875 0.2359375 0.5234375 0.2484375 0.5125 0.2625 0.5015625 0.2671875 0.4890625 0.26875 0.46875 0.2671875 0.4578125 0.2734375 0.453125 0.2734375 0.45 0.2703125 0.45 0.265625 0.44375 0.2609375 0.4359375 0.259375 0.428125 0.2546875 0.4265625 0.25625 0.4203125 0.2546875 0.41875 0.24375 0.415625 0.2390625 0.409375 0.24375 0.4125 0.25 0.4109375 0.2578125 0.4078125 0.2578125 0.4015625 0.2484375 0.3953125 0.25 0.3875 0.2421875 0.3921875 0.2359375 0.39375 0.228125 0.3921875 0.2203125 0.3890625 0.2171875 0.3859375 0.20625 0.375 0.2 0.36875 0.1921875 0.365625 0.15625 0.375 0.14375 0.375 0.1234375 0.38125 0.115625 0.4109375 0.1125 0.4203125 0.1046875 0.4265625 0.103125 0.440625 0.09375 0.4453125 0.09375 0.459375 0.084375 0.4671875 0.084375 0.5 0.0734375 0.5078125 0.0734375
11 0.6265625 0.271875 0.63125 0.2796875 0.6453125 0.284375 0.65625 0.2921875 0.6578125 0.30625 0.6546875 0.3125 0.6546875 0.3203125 0.6484375 0.3328125 0.646875 0.353125 0.634375 0.365625 0.6328125 0.3734375 0.625 0.3765625 0.6203125 0.384375 0.6140625 0.3890625 0.6125 0.39375 0.5921875 0.4046875 0.553125 0.4046875 0.54375 0.4015625 0.5203125 0.3828125 0.5109375 0.38125 0.5 0.384375 0.4984375 0.3859375 0.5046875 0.3921875 0.509375 0.39375 0.5125 0.4 0.5203125 0.4046875 0.5234375 0.4140625 0.5296875 0.421875 0.528125 0.434375 0.521875 0.4390625 0.5203125 0.4375 0.5125 0.4453125 0.50625 0.446875 0.5 0.4421875 0.46875 0.4359375 0.459375 0.4265625 0.459375 0.421875 0.4453125 0.4078125 0.4484375 0.4046875 0.453125 0.40625 0.45625 0.403125 0.4609375 0.40625 0.471875 0.396875 0.478125 0.3953125 0.475 0.390625 0.46875 0.3921875 0.4640625 0.3859375 0.459375 0.3859375 0.45 0.3984375 0.4421875 0.3984375 0.440625 0.396875 0.4484375 0.3953125 0.4484375 0.3890625 0.4515625 0.384375 0.4421875 0.375 0.4375 0.3734375 0.428125 0.3609375 0.4265625 0.3625 0.4265625 0.378125 0.421875 0.3765625 0.4234375 0.365625 0.428125 0.359375 0.421875 0.3546875 0.409375 0.3578125 0.4015625 0.35625 0.396875 0.359375 0.3984375 0.3625 0.4015625 0.365625 0.4046875 0.3609375 0.40625 0.3625 0.4046875 0.36875 0.409375 0.371875 0.409375 0.375 0.415625 0.38125 0.4171875 0.3859375 0.4234375 0.3859375 0.428125 0.38125 0.4328125 0.38125 0.434375 0.384375 0.4265625 0.3859375 0.428125 0.390625 0.4375 0.3859375 0.4421875 0.3875 0.4421875 0.390625 0.4375 0.3953125 0.4421875 0.4109375 0.4390625 0.4140625 0.4375 0.4125 0.4296875 0.4140625 0.4125 0.4125 0.40625 0.4203125 0.4078125 0.4265625 0.409375 0.425 0.4140625 0.4265625 0.4125 0.4296875 0.4171875 0.4359375 0.421875 0.4375 0.425 0.434375 0.4296875 0.4359375 0.4296875 0.4390625 0.4234375 0.4390625 0.4203125 0.4421875 0.428125 0.446875 0.4203125 0.446875 0.415625 0.44375 0.40625 0.4484375 0.4046875 0.453125 0.3859375 0.453125 0.3828125 0.45625 0.371875 0.45625 0.3484375 0.4515625 0.34375 0.446875 0.34375 0.428125 0.3546875 0.4171875 0.3578125 0.403125 0.3546875 0.390625 0.346875 0.384375 0.346875 0.3765625 0.35 0.3734375 0.3484375 0.36875 0.334375 0.3578125 0.3328125 0.35 0.334375 0.34375 0.3421875 0.3328125 0.3453125 0.3125 0.35 0.303125 0.35625 0.2984375 0.36875 0.296875 0.3765625 0.2921875 0.384375 0.2921875 0.4015625 0.2828125 0.40625 0.284375 0.43125 0.2828125 0.45625 0.2984375 0.465625 0.2984375 0.4703125 0.2921875 0.471875 0.2828125 0.478125 0.28125 0.4796875 0.278125 0.484375 0.278125 0.4890625 0.28125 0.5125 0.28125 0.521875 0.2765625 0.5296875 0.2765625 0.553125 0.2703125 0.55625 0.2671875 0.5578125 0.2578125 0.5640625 0.25 0.58125 0.25 0.5828125 0.2515625 0.58125 0.265625 0.5859375 0.271875 0.603125 0.271875 0.6078125 0.26875 0.621875 0.26875 0.625 0.271875
11 0.6765625 0.0421875 0.68125 0.04375 0.6890625 0.053125 0.7015625 0.05625 0.7109375 0.0640625 0.7140625 0.0703125 0.71875 0.0984375 0.7171875 0.103125 0.7078125 0.1125 0.7046875 0.1234375 0.696875 0.13125 0.696875 0.134375 0.690625 0.134375 0.6875 0.140625 0.690625 0.1421875 0.696875 0.1546875 0.7140625 0.1703125 0.7171875 0.178125 0.7390625 0.1953125 0.7484375 0.2140625 0.7546875 0.2203125 0.759375 0.2296875 0.7703125 0.240625 0.7765625 0.253125 0.7765625 0.2609375 0.76875 0.2703125 0.7609375 0.271875 0.7390625 0.2875 0.7359375 0.2921875 0.734375 0.309375 0.728125 0.315625 0.71875 0.315625 0.709375 0.3109375 0.7046875 0.3109375 0.6921875 0.3015625 0.6890625 0.3015625 0.678125 0.290625 0.678125 0.2859375 0.6671875 0.275 0.6671875 0.271875 0.6640625 0.2703125 0.65625 0.2578125 0.646875 0.2484375 0.634375 0.2421875 0.6234375 0.240625 0.60625 0.2421875 0.5921875 0.2484375 0.5859375 0.2484375 0.5828125 0.2453125 0.559375 0.2453125 0.5421875 0.2390625 0.5359375 0.228125 0.5359375 0.215625 0.5328125 0.2078125 0.5328125 0.190625 0.540625 0.171875 0.5390625 0.1359375 0.5375 0.134375 0.5390625 0.1140625 0.5421875 0.103125 0.553125 0.090625 0.5625 0.0671875 0.56875 0.0625 0.590625 0.05625 0.6078125 0.053125 0.6234375 0.053125 0.6359375 0.046875 0.646875 0.0484375 0.65625 0.04375 0.675 0.0421875
11 0.371875 0.05625 0.4078125 0.0609375 0.409375 0.0625 0.409375 0.0828125 0.4046875 0.0921875 0.3984375 0.09375 0.3890625 0.103125 0.3859375 0.103125 0.384375 0.1078125 0.3734375 0.1203125 0.371875 0.1421875 0.3640625 0.1546875 0.3625 0.1625 0.365625 0.196875 0.3515625 0.1984375 0.334375 0.196875 0.321875 0.203125 0.3046875 0.2015625 0.3 0.196875 0.2984375 0.1875 0.2921875 0.178125 0.2796875 0.171875 0.2765625 0.171875 0.271875 0.1765625 0.2265625 0.1765625 0.2140625 0.1734375 0.19375 0.1546875 0.1921875 0.1484375 0.1984375 0.14375 0.2 0.1390625 0.209375 0.1296875 0.2203125 0.1234375 0.2234375 0.115625 0.2484375 0.115625 0.25 0.1140625 0.2515625 0.1046875 0.24375 0.0890625 0.253125 0.078125 0.2609375 0.0734375 0.2703125 0.0734375 0.278125 0.08125 0.28125 0.0890625 0.290625 0.096875 0.321875 0.09375 0.3359375 0.084375 0.3421875 0.0828125 0.3546875 0.0703125 0.35625 0.0625 0.3609375 0.0578125 0.3703125 0.05625
11 0.146875 0.1640625 0.1546875 0.1671875 0.1609375 0.178125 0.178125 0.1671875 0.19375 0.1671875 0.2046875 0.171875 0.2125 0.178125 0.2421875 0.178125 0.24375 0.1796875 0.2515625 0.178125 0.265625 0.1828125 0.2765625 0.1984375 0.2796875 0.1984375 0.28125 0.2015625 0.290625 0.20625 0.2953125 0.2390625 0.3015625 0.253125 0.3109375 0.2609375 0.321875 0.2765625 0.33125 0.28125 0.3421875 0.29375 0.3421875 0.31875 0.328125 0.3515625 0.3296875 0.359375 0.340625 0.365625 0.3421875 0.3796875 0.3359375 0.384375 0.328125 0.384375 0.31875 0.3890625 0.3078125 0.4 0.2921875 0.4046875 0.278125 0.4125 0.26875 0.4140625 0.2609375 0.4125 0.2390625 0.4 0.21875 0.3953125 0.20625 0.3859375 0.1859375 0.378125 0.1265625 0.384375 0.115625 0.390625 0.1140625 0.39375 0.0984375 0.4015625 0.096875 0.396875 0.0984375 0.3546875 0.103125 0.346875 0.115625 0.3375 0.1234375 0.321875 0.125 0.30625 0.13125 0.2859375 0.13125 0.2765625 0.125 0.259375 0.121875 0.234375 0.115625 0.228125 0.1140625 0.2125 0.11875 0.20625 0.11875 0.2015625 0.115625 0.1984375 0.1125 0.1859375 0.115625 0.18125 0.125 0.175 0.125 0.171875 0.1296875 0.1671875 0.1375 0.1640625 0.1453125 0.1640625
11 0.3734375 0.3421875 0.3890625 0.3515625 0.4140625 0.3546875 0.4234375 0.365625 0.4140625 0.365625 0.409375 0.3703125 0.4171875 0.3859375 0.421875 0.3859375 0.4234375 0.3828125 0.4265625 0.3828125 0.4328125 0.3765625 0.43125 0.371875 0.4421875 0.3765625 0.4484375 0.3765625 0.459375 0.3703125 0.4671875 0.3703125 0.471875 0.3734375 0.48125 0.3734375 0.490625 0.378125 0.5015625 0.3796875 0.5203125 0.396875 0.5234375 0.4125 0.5328125 0.4203125 0.5328125 0.43125 0.5265625 0.4390625 0.509375 0.45 0.475 0.4390625 0.4484375 0.446875 0.4140625 0.45 0.409375 0.453125 0.390625 0.4578125 0.359375 0.4578125 0.3578125 0.459375 0.340625 0.4578125 0.334375 0.453125 0.3328125 0.4453125 0.3359375 0.428125 0.3546875 0.415625 0.35625 0.4078125 0.3546875 0.390625 0.346875 0.384375 0.346875 0.3765625 0.3515625 0.365625 0.3546875 0.3640625 0.3546875 0.3578125 0.3671875 0.34375 0.371875 0.3421875
11 0.553125 0.053125 0.5625 0.05625 0.5671875 0.0609375 0.5609375 0.06875 0.5515625 0.0875 0.5515625 0.0921875 0.5484375 0.09375 0.534375 0.1140625 0.53125 0.1140625 0.5296875 0.1046875 0.521875 0.090625 0.5171875 0.0703125 0.528125 0.059375 0.5515625 0.053125
25 0.028532608695652172 0.5190217391304348 0.03125 0.5625 0.04076086956521739 0.5855978260869565 0.05570652173913043 0.5855978260869565 0.08423913043478261 0.5747282608695652 0.20516304347826084 0.49728260869565216 0.22690217391304346 0.47146739130434784 0.25135869565217395 0.4171195652173913 0.24728260869565216 0.4103260869565217 0.21603260869565216 0.4008152173913043 0.20516304347826084 0.389945652173913 0.18478260869565216 0.3817934782608695 0.12771739130434784 0.389945652173913 0.08288043478260869 0.42119565217391297 0.06114130434782609 0.44565217391304346 0.033967391304347824 0.4945652173913043 0.028532608695652172 0.5190217391304348
25 0.07744565217391304 0.6114130434782609 0.08967391304347826 0.6317934782608695 0.10054347826086955 0.6358695652173914 0.22826086956521738 0.5896739130434783 0.25815217391304346 0.5855978260869565 0.3179347826086957 0.563858695652174 0.34239130434782605 0.5489130434782609 0.34375 0.5271739130434783 0.3342391304347826 0.5027173913043479 0.3029891304347826 0.48097826086956524 0.2608695652173913 0.48233695652173914 0.20244565217391303 0.5040760869565217 0.11005434782608696 0.5584239130434783 0.07744565217391304 0.5842391304347826 0.07744565217391304 0.6114130434782609
25 0.13994565217391303 0.7608695652173914 0.15353260869565216 0.7758152173913043 0.2296195652173913 0.8097826086956521 0.2866847826086957 0.8451086956521738 0.30842391304347827 0.8654891304347826 0.328804347826087 0.8722826086956521 0.3491847826086957 0.8872282608695652 0.36277173913043476 0.8790760869565217 0.3695652173913043 0.8546195652173912 0.36277173913043476 0.8383152173913043 0.358695652173913 0.7975543478260869 0.32608695652173914 0.782608695652174 0.31657608695652173 0.7581521739130435 0.3029891304347826 0.7445652173913043 0.264945652173913 0.7269021739130435 0.17255434782608697 0.7065217391304348 0.1576086956521739 0.7105978260869565 0.13994565217391303 0.7364130434782609 0.13994565217391303 0.7608695652173914
25 0.15217391304347824 0.6616847826086956 0.16032608695652173 0.6929347826086956 0.16847826086956522 0.702445652173913 0.19972826086956522 0.7133152173913043 0.25679347826086957 0.7241847826086956 0.29483695652173914 0.7214673913043479 0.3464673913043478 0.6997282608695652 0.3641304347826087 0.6684782608695652 0.36820652173913043 0.625 0.3654891304347826 0.6059782608695652 0.358695652173913 0.6005434782608695 0.2595108695652174 0.608695652173913 0.20380434782608697 0.6019021739130435 0.15489130434782608 0.6195652173913043 0.15217391304347824 0.6616847826086956
25 0.3641304347826087 0.8342391304347826 0.37635869565217395 0.8654891304347826 0.40625 0.9048913043478259 0.4334239130434782 0.9171195652173912 0.5040760869565217 0.9279891304347826 0.5733695652173914 0.9266304347826086 0.6127717391304348 0.9130434782608695 0.6345108695652174 0.8913043478260869 0.657608695652174 0.8790760869565217 0.6603260869565217 0.8546195652173912 0.654891304347826 0.8451086956521738 0.6317934782608695 0.8328804347826086 0.5394021739130435 0.8111413043478259 0.5122282608695652 0.78125 0.42934782608695654 0.7690217391304348 0.38315217391304346 0.78125 0.3654891304347826 0.7934782608695652 0.3641304347826087 0.8342391304347826
25 0.30842391304347827 0.7228260869565217 0.327445652173913 0.779891304347826 0.3342391304347826 0.7866847826086956 0.36141304347826086 0.7866847826086956 0.46603260869565216 0.748641304347826 0.5054347826086956 0.7228260869565217 0.546195652173913 0.686141304347826 0.5502717391304348 0.669836956521739 0.5407608695652174 0.6807065217391304 0.5285326086956521 0.6820652173913043 0.4891304347826087 0.7065217391304348 0.4442934782608695 0.7228260869565217 0.3695652173913043 0.71875 0.34510869565217395 0.7038043478260869 0.3125 0.7160326086956521 0.30842391304347827 0.7228260869565217
25 0.36820652173913043 0.6644021739130435 0.3546195652173913 0.702445652173913 0.37364130434782605 0.717391304347826 0.4130434782608695 0.7228260869565217 0.4483695652173913 0.720108695652174 0.5122282608695652 0.6929347826086956 0.5597826086956521 0.65625 0.5597826086956521 0.6453804347826086 0.5502717391304348 0.6331521739130435 0.4320652173913043 0.5869565217391304 0.36820652173913043 0.6046195652173914 0.36820652173913043 0.6644021739130435
25 0.3016304347826087 0.577445652173913 0.37364130434782605 0.595108695652174 0.42934782608695654 0.5747282608695652 0.44972826086956524 0.5557065217391304 0.44972826086956524 0.5502717391304348 0.43478260869565216 0.532608695652174 0.34375 0.5122282608695652 0.34510869565217395 0.5529891304347826 0.3029891304347826 0.5706521739130435 0.3016304347826087 0.577445652173913
25 0.3491847826086957 0.47690217391304346 0.37635869565217395 0.5108695652173914 0.389945652173913 0.5190217391304348 0.44565217391304346 0.532608695652174 0.4755434782608695 0.53125 0.49728260869565216 0.5217391304347826 0.48369565217391297 0.49728260869565216 0.48369565217391297 0.4850543478260869 0.501358695652174 0.45652173913043476 0.4891304347826087 0.44565217391304346 0.47010869565217395 0.4429347826086956 0.3491847826086957 0.46603260869565216 0.3491847826086957 0.47690217391304346
25 0.22554347826086957 0.4796195652173913 0.2296195652173913 0.4850543478260869 0.30027173913043476 0.47690217391304346 0.3355978260869565 0.49864130434782605 0.34239130434782605 0.5095108695652174 0.3804347826086957 0.5190217391304348 0.34239130434782605 0.4646739130434782 0.27445652173913043 0.42934782608695654 0.25407608695652173 0.42527173913043476 0.24728260869565216 0.43478260869565216 0.22554347826086957 0.4796195652173913
25 0.45516304347826086 0.5747282608695652 0.46875 0.5896739130434783 0.5230978260869565 0.6195652173913043 0.5896739130434783 0.6046195652173914 0.6019021739130435 0.5978260869565217 0.6100543478260869 0.5828804347826086 0.6521739130434783 0.5394021739130435 0.7065217391304348 0.5027173913043479 0.720108695652174 0.4741847826086956 0.720108695652174 0.45244565217391297 0.7038043478260869 0.4375 0.6535326086956521 0.4470108695652174 0.4932065217391304 0.5339673913043479 0.45652173913043476 0.563858695652174 0.45516304347826086 0.5747282608695652
25 0.48641304347826086 0.5 0.5 0.5203804347826086 0.5176630434782609 0.5190217391304348 0.5815217391304348 0.4850543478260869 0.6440217391304348 0.43614130434782605 0.6875 0.39266304347826086 0.6997282608695652 0.37228260869565216 0.7065217391304348 0.34103260869565216 0.6684782608695652 0.3383152173913043 0.6535326086956521 0.3464673913043478 0.6372282608695652 0.37228260869565216 0.6059782608695652 0.4008152173913043 0.5869565217391304 0.40896739130434784 0.5679347826086956 0.40760869565217395 0.546195652173913 0.41440217391304346 0.5339673913043479 0.43478260869565216 0.48777173913043476 0.4796195652173913 0.48641304347826086 0.5
25 0.5217391304347826 0.7839673913043478 0.529891304347826 0.8016304347826086 0.546195652173913 0.8125 0.6807065217391304 0.8396739130434783 0.7228260869565217 0.8410326086956521 0.7581521739130435 0.8355978260869564 0.794836956521739 0.8179347826086957 0.8111413043478259 0.7975543478260869 0.8111413043478259 0.7853260869565217 0.8057065217391305 0.7839673913043478 0.5625 0.7663043478260869 0.5285326086956521 0.7690217391304348 0.5217391304347826 0.7839673913043478
25 0.5760869565217391 0.7595108695652174 0.5828804347826086 0.7676630434782609 0.8206521739130433 0.782608695652174 0.8383152173913043 0.78125 0.8491847826086957 0.7690217391304348 0.8478260869565217 0.748641304347826 0.8342391304347826 0.7391304347826086 0.6739130434782609 0.7241847826086956 0.5747282608695652 0.7092391304347826 0.5760869565217391 0.7595108695652174
25 0.5706521739130435 0.6997282608695652 0.5760869565217391 0.7051630434782609 0.6739130434782609 0.7214673913043479 0.8763586956521738 0.7404891304347826 0.8872282608695652 0.7160326086956521 0.8858695652173912 0.6970108695652174 0.8668478260869564 0.6752717391304348 0.7989130434782609 0.6467391304347826 0.7690217391304348 0.6413043478260869 0.6182065217391304 0.6317934782608695 0.595108695652174 0.6372282608695652 0.5733695652173914 0.6739130434782609 0.5706521739130435 0.6997282608695652
25 0.6046195652173914 0.6046195652173914 0.6317934782608695 0.6195652173913043 0.671195652173913 0.625 0.7459239130434783 0.608695652173913 0.7703804347826086 0.5910326086956521 0.8097826086956521 0.5475543478260869 0.7934782608695652 0.4741847826086956 0.7853260869565217 0.46875 0.764945652173913 0.4755434782608695 0.7133152173913043 0.5027173913043479 0.6508152173913043 0.5434782608695652 0.6127717391304348 0.5815217391304348 0.6046195652173914 0.6046195652173914
25 0.8125 0.546195652173913 0.7839673913043478 0.5815217391304348 0.7839673913043478 0.5896739130434783 0.8043478260869564 0.6467391304347826 0.8383152173913043 0.657608695652174 0.9184782608695652 0.5679347826086956 0.9470108695652174 0.5163043478260869 0.9483695652173912 0.45108695652173914 0.9361413043478259 0.3858695652173913 0.9184782608695652 0.3777173913043478 0.9021739130434783 0.3777173913043478 0.8451086956521738 0.39266304347826086 0.8192934782608695 0.4225543478260869 0.7975543478260869 0.4796195652173913 0.8125 0.546195652173913
25 0.7432065217391304 0.45108695652173914 0.7540760869565217 0.46875 0.7975543478260869 0.46739130434782605 0.8206521739130433 0.4171195652173913 0.8600543478260869 0.37228260869565216 0.8953804347826086 0.296195652173913 0.9089673913043479 0.25679347826086957 0.9089673913043479 0.23641304347826084 0.9021739130434783 0.2296195652173913 0.8464673913043479 0.23641304347826084 0.8125 0.25 0.7921195652173914 0.266304347826087 0.7676630434782609 0.3125 0.7445652173913043 0.42527173913043476 0.7432065217391304 0.45108695652173914
25 0.7065217391304348 0.35190217391304346 0.6970108695652174 0.38315217391304346 0.671195652173913 0.4116847826086956 0.6684782608695652 0.4279891304347826 0.6766304347826086 0.4375 0.6997282608695652 0.4334239130434782 0.71875 0.4442934782608695 0.7241847826086956 0.4633152173913043 0.717391304347826 0.49728260869565216 0.7445652173913043 0.48233695652173914 0.7432065217391304 0.42119565217391297 0.7717391304347826 0.28804347826086957 0.763586956521739 0.28532608695652173 0.75 0.2907608695652174 0.7282608695652174 0.3192934782608695 0.7038043478260869 0.3383152173913043 0.7065217391304348 0.35190217391304346