44 0.459375 0.5877342419080068 0.459375 0.6490630323679727 0.465625 0.6712095400340715 0.4953125 0.6950596252129472 0.5203125 0.6916524701873935 0.5375 0.6575809199318569 0.540625 0.5826235093696763 0.4984375 0.5485519591141397 0.4765625 0.5570698466780238 0.4640625 0.5775127768313457 0.459375 0.5877342419080068
44 0.390625 0.524701873935264 0.403125 0.5519591141396933 0.44375 0.5724020442930153 0.465625 0.5672913117546848 0.4796875 0.5400340715502555 0.4796875 0.5264054514480409 0.45625 0.48722316865417375 0.4125 0.48892674616695053 0.39375 0.5110732538330494 0.390625 0.524701873935264
44 0.36875 0.7035775127768313 0.4078125 0.735945485519591 0.4421875 0.7018739352640545 0.4484375 0.6780238500851788 0.4421875 0.6541737649063032 0.4046875 0.6439522998296423 0.3625 0.6712095400340715 0.36875 0.7035775127768313
44 0.5046875 0.7751277683134583 0.534375 0.7989778534923339 0.5734375 0.7955706984667802 0.5953125 0.7512776831345825 0.584375 0.7137989778534923 0.5609375 0.7223168654173764 0.54375 0.715502555366269 0.5390625 0.7018739352640545 0.5140625 0.7086882453151618 0.5015625 0.7291311754684837 0.5046875 0.7751277683134583
44 0.465625 0.42589437819420783 0.465625 0.45144804088586027 0.478125 0.4974446337308347 0.5046875 0.5195911413969335 0.546875 0.514480408858603 0.565625 0.46678023850085176 0.559375 0.41396933560477 0.553125 0.40374787052810907 0.5078125 0.393526405451448 0.4859375 0.40374787052810907 0.465625 0.42589437819420783
44 0.5703125 0.49233390119250425 0.575 0.4974446337308347 0.6171875 0.5110732538330494 0.6609375 0.5076660988074957 0.6734375 0.4974446337308347 0.678125 0.43270868824531517 0.65625 0.3986371379897785 0.621875 0.40374787052810907 0.584375 0.4378194207836456 0.5703125 0.49233390119250425
44 0.46875 0.272572402044293 0.478125 0.3049403747870528 0.5140625 0.3185689948892675 0.546875 0.3185689948892675 0.5609375 0.29471890971039183 0.565625 0.2555366269165247 0.553125 0.22657580919931855 0.5046875 0.22316865417376489 0.48125 0.22998296422487222 0.478125 0.2385008517887564 0.46875 0.272572402044293
44 0.375 0.2504258943781942 0.3890625 0.27427597955706984 0.421875 0.29131175468483816 0.4421875 0.29131175468483816 0.4609375 0.282793867120954 0.478125 0.2385008517887564 0.4625 0.1908006814310051 0.4078125 0.17887563884156726 0.390625 0.18739352640545143 0.3765625 0.20442930153321975 0.375 0.2504258943781942
44 0.3015625 0.32367972742759793 0.3078125 0.3492333901192504 0.3375 0.36626916524701875 0.36875 0.3441226575809199 0.384375 0.29471890971039183 0.378125 0.272572402044293 0.3578125 0.2606473594548552 0.334375 0.2606473594548552 0.3078125 0.28960817717206133 0.3015625 0.32367972742759793
44 0.38125 0.31345826235093693 0.3859375 0.33560477001703576 0.41875 0.3696763202725724 0.453125 0.3526405451448041 0.478125 0.3270868824531516 0.475 0.3066439522998296 0.4609375 0.29471890971039183 0.41875 0.293015332197615 0.403125 0.28449744463373083 0.3875 0.29131175468483816 0.38125 0.31345826235093693
44 0.33125 0.383304940374787 0.3328125 0.4020442930153322 0.3515625 0.4293015332197615 0.3921875 0.42589437819420783 0.4171875 0.4105621805792163 0.4203125 0.3798977853492334 0.3921875 0.3424190800681431 0.375 0.3441226575809199 0.340625 0.3679727427597955 0.33125 0.383304940374787
44 0.25625 0.5706984667802385 0.2828125 0.596252129471891 0.309375 0.596252129471891 0.3296875 0.5706984667802385 0.33125 0.5485519591141397 0.325 0.5281090289608177 0.303125 0.5008517887563884 0.2796875 0.5025553662691652 0.2484375 0.534923339011925 0.25625 0.5706984667802385
44 0.2734375 0.4582623509369676 0.290625 0.48722316865417375 0.3203125 0.48892674616695053 0.35 0.46507666098807493 0.3453125 0.42419080068143095 0.3234375 0.3969335604770017 0.2953125 0.4020442930153322 0.2734375 0.4310051107325383 0.2734375 0.4582623509369676
44 0.315625 0.5076660988074957 0.3375 0.5570698466780238 0.3765625 0.5672913117546848 0.39375 0.5570698466780238 0.3828125 0.504258943781942 0.3625 0.47529812606473587 0.3203125 0.49233390119250425 0.315625 0.5076660988074957
44 0.3625 0.48381601362862015 0.384375 0.514480408858603 0.3953125 0.555366269165247 0.4515625 0.5724020442930153 0.4625 0.5672913117546848 0.4796875 0.5400340715502555 0.4796875 0.5264054514480409 0.4546875 0.48381601362862015 0.45 0.43952299829642244 0.421875 0.41567291311754684 0.365625 0.4378194207836456 0.3625 0.48381601362862015
44 0.246875 0.676320272572402 0.2609375 0.6984667802385008 0.2859375 0.7103918228279387 0.3046875 0.7103918228279387 0.3265625 0.6984667802385008 0.3375 0.6746166950596252 0.3359375 0.6626916524701874 0.315625 0.6201022146507665 0.3046875 0.6132879045996592 0.2671875 0.6183986371379897 0.2484375 0.6405451448040885 0.246875 0.676320272572402
44 0.3140625 0.5996592844974445 0.31875 0.6201022146507665 0.3390625 0.6575809199318569 0.3546875 0.6643952299829642 0.375 0.6507666098807496 0.3828125 0.637137989778535 0.3890625 0.584327086882453 0.36875 0.5689948892674617 0.3390625 0.5689948892674617 0.328125 0.5792163543441227 0.3140625 0.5996592844974445
44 0.5625 0.5638841567291312 0.5625 0.596252129471891 0.5921875 0.6235093696763203 0.6109375 0.6269165247018739 0.6484375 0.5979557069846677 0.6765625 0.5161839863713799 0.653125 0.5110732538330494 0.59375 0.5212947189097104 0.5703125 0.5366269165247018 0.5625 0.5638841567291312
44 0.7296875 0.4105621805792163 0.734375 0.434412265758092 0.7625 0.44633730834752977 0.7875 0.44463373083475294 0.8046875 0.42078364565587734 0.8078125 0.3986371379897785 0.803125 0.3798977853492334 0.790625 0.3611584327086882 0.7734375 0.35604770017035775 0.7546875 0.35604770017035775 0.746875 0.3679727427597955 0.7296875 0.4105621805792163
44 0.6625 0.393526405451448 0.68125 0.42589437819420783 0.7015625 0.4293015332197615 0.7203125 0.4190800681431005 0.7421875 0.3798977853492334 0.7484375 0.3594548551959114 0.7453125 0.3390119250425894 0.709375 0.31175468483816016 0.675 0.3185689948892675 0.6640625 0.34071550255536626 0.6625 0.393526405451448
44 0.5828125 0.31005110732538327 0.634375 0.3373083475298126 0.64375 0.33049403747870526 0.65625 0.3321976149914821 0.6671875 0.29131175468483816 0.653125 0.262350936967632 0.6375 0.25383304940374785 0.61875 0.25383304940374785 0.5828125 0.28109028960817717 0.5828125 0.31005110732538327
44 0.5609375 0.383304940374787 0.5828125 0.4105621805792163 0.59375 0.4088586030664395 0.6328125 0.3713798977853492 0.6265625 0.33560477001703576 0.5953125 0.31345826235093693 0.578125 0.31175468483816016 0.55625 0.3339011925042589 0.5609375 0.383304940374787
44 0.7265625 0.524701873935264 0.753125 0.5485519591141397 0.778125 0.5468483816013628 0.809375 0.5110732538330494 0.8046875 0.4735945485519591 0.7796875 0.4497444633730835 0.74375 0.4531516183986371 0.7296875 0.46848381601362854 0.7234375 0.49574105621805786 0.7265625 0.524701873935264
44 0.5296875 0.6899488926746167 0.5421875 0.7103918228279387 0.553125 0.7206132879045997 0.571875 0.7189097103918228 0.5890625 0.7035775127768313 0.6 0.6729131175468483 0.59375 0.6405451448040885 0.5671875 0.6201022146507665 0.5515625 0.6201022146507665 0.5421875 0.635434412265758 0.5421875 0.6626916524701874 0.5328125 0.6729131175468483 0.5296875 0.6899488926746167
44 0.209375 0.5127768313458263 0.2265625 0.5281090289608177 0.25625 0.524701873935264 0.275 0.5076660988074957 0.28125 0.48722316865417375 0.2703125 0.4565587734241908 0.2609375 0.4497444633730835 0.23125 0.454855195911414 0.215625 0.46678023850085176 0.209375 0.4821124361158432 0.209375 0.5127768313458263
44 0.4203125 0.7546848381601363 0.459375 0.7734241908006814 0.490625 0.7512776831345825 0.5015625 0.7120954003407155 0.4828125 0.6848381601362862 0.453125 0.6797274275979557 0.4359375 0.7189097103918228 0.4171875 0.7308347529812607 0.4203125 0.7546848381601363
44 0.6609375 0.5809199318568995 0.684375 0.6115843270868824 0.7015625 0.616695059625213 0.7265625 0.6132879045996592 0.7484375 0.5809199318568995 0.7453125 0.5468483816013628 0.71875 0.5161839863713799 0.6828125 0.5178875638841567 0.6671875 0.5485519591141397 0.6609375 0.5809199318568995
44 0.6421875 0.6797274275979557 0.6625 0.7035775127768313 0.69375 0.7001703577512777 0.7203125 0.6695059625212947 0.71875 0.6422487223168654 0.7015625 0.6235093696763203 0.6859375 0.616695059625213 0.6546875 0.6218057921635435 0.6390625 0.6473594548551959 0.6421875 0.6797274275979557
44 0.428125 0.38500851788756385 0.4390625 0.4071550255536627 0.45 0.42078364565587734 0.4640625 0.42248722316865417 0.4984375 0.39522998296422485 0.5328125 0.39011925042589435 0.5421875 0.3798977853492334 0.55 0.3287904599659284 0.528125 0.32197614991482115 0.503125 0.3390119250425894 0.4796875 0.3253833049403748 0.43125 0.36626916524701875 0.428125 0.38500851788756385
44 0.328125 0.717206132879046 0.34375 0.7376490630323679 0.3765625 0.7427597955706984 0.39375 0.7342419080068143 0.39375 0.7223168654173764 0.36875 0.7035775127768313 0.365625 0.6814310051107325 0.35625 0.6712095400340715 0.340625 0.6746166950596252 0.3328125 0.686541737649063 0.328125 0.717206132879046
44 0.5890625 0.7240204429301533 0.603125 0.7512776831345825 0.625 0.7529812606473595 0.653125 0.7308347529812607 0.6515625 0.6984667802385008 0.621875 0.666098807495741 0.6046875 0.6712095400340715 0.59375 0.6950596252129472 0.5890625 0.7240204429301533
44 0.6015625 0.6626916524701874 0.625 0.6643952299829642 0.646875 0.6320272572402044 0.646875 0.6081771720613288 0.6359375 0.604770017035775 0.6 0.6320272572402044 0.6015625 0.6626916524701874
44 0.684375 0.49574105621805786 0.690625 0.5025553662691652 0.7203125 0.505962521294719 0.7328125 0.44463373083475294 0.7171875 0.42759795570698467 0.7046875 0.42419080068143095 0.6875 0.44122657580919933 0.6828125 0.4616695059625213 0.684375 0.49574105621805786