39 0.7609375 0.3578125 0.775 0.3578125 0.78125 0.3609375 0.7890625 0.3609375 0.7921875 0.3640625 0.8125 0.3703125 0.840625 0.384375 0.86875 0.40625 0.884375 0.4203125 0.884375 0.4234375 0.8953125 0.434375 0.8953125 0.4375 0.903125 0.446875 0.915625 0.46875 0.915625 0.475 0.921875 0.4921875 0.921875 0.5265625 0.9203125 0.5296875 0.9171875 0.5296875 0.915625 0.5265625 0.9 0.515625 0.896875 0.515625 0.8953125 0.5125 0.890625 0.5125 0.8890625 0.509375 0.8859375 0.509375 0.884375 0.50625 0.8765625 0.503125 0.871875 0.4984375 0.86875 0.4984375 0.85 0.4859375 0.8328125 0.478125 0.8078125 0.475 0.8015625 0.471875 0.79375 0.471875 0.790625 0.46875 0.784375 0.46875 0.7796875 0.465625 0.765625 0.4640625 0.7625 0.465625 0.73125 0.465625 0.7234375 0.46875 0.7140625 0.46875 0.7125 0.4671875 0.71875 0.4578125 0.7265625 0.453125 0.740625 0.4390625 0.75 0.425 0.7609375 0.3875 0.7609375 0.359375
39 0.5828125 0.2171875 0.6171875 0.2234375 0.6296875 0.2296875 0.6375 0.2296875 0.65625 0.2390625 0.665625 0.240625 0.6671875 0.24375 0.6859375 0.253125 0.6875 0.25625 0.703125 0.2671875 0.7109375 0.2765625 0.7171875 0.2796875 0.71875 0.284375 0.728125 0.290625 0.7359375 0.3 0.7390625 0.3078125 0.7484375 0.3203125 0.7484375 0.325 0.75625 0.34375 0.7578125 0.378125 0.746875 0.425 0.7234375 0.4515625 0.70625 0.465625 0.6984375 0.46875 0.696875 0.471875 0.678125 0.475 0.6546875 0.4828125 0.6296875 0.4953125 0.625 0.4953125 0.603125 0.5046875 0.5421875 0.50625 0.53125 0.509375 0.4921875 0.509375 0.4859375 0.50625 0.4796875 0.50625 0.453125 0.4984375 0.44375 0.4921875 0.4296875 0.4921875 0.4078125 0.4859375 0.39375 0.4765625 0.3859375 0.475 0.384375 0.471875 0.3765625 0.46875 0.365625 0.4578125 0.3640625 0.453125 0.34375 0.4375 0.334375 0.4265625 0.334375 0.4234375 0.3234375 0.4078125 0.3171875 0.3859375 0.3125 0.378125 0.3109375 0.3671875 0.3125 0.3375 0.3234375 0.315625 0.3234375 0.3109375 0.34375 0.2859375 0.34375 0.2828125 0.375 0.25625 0.4015625 0.240625 0.4109375 0.2390625 0.440625 0.2265625 0.4546875 0.225 0.4734375 0.2171875 0.528125 0.215625 0.5296875 0.2140625 0.55625 0.2140625 0.58125 0.2171875
39 0.5921875 0.5125 0.59375 0.5125 0.590625 0.51875 0.5765625 0.5265625 0.553125 0.5484375 0.5421875 0.5640625 0.5390625 0.5734375 0.525 0.5859375 0.515625 0.5765625 0.5109375 0.565625 0.5 0.55 0.496875 0.5234375 0.4984375 0.515625 0.5 0.5140625 0.5234375 0.5140625 0.5296875 0.5109375 0.54375 0.509375 0.590625 0.5109375
39 0.7609375 0.3578125 0.775 0.3578125 0.78125 0.3609375 0.7875 0.3609375 0.81875 0.3734375 0.840625 0.384375 0.85 0.39375 0.853125 0.39375 0.8578125 0.4 0.8703125 0.4078125 0.884375 0.421875 0.8953125 0.4359375 0.8953125 0.4390625 0.903125 0.446875 0.9046875 0.453125 0.915625 0.4703125 0.921875 0.49375 0.921875 0.525 0.9203125 0.5296875 0.9171875 0.5296875 0.9015625 0.515625 0.8859375 0.509375 0.8734375 0.4984375 0.8703125 0.4984375 0.8625 0.4921875 0.8578125 0.4921875 0.8515625 0.4859375 0.828125 0.4765625 0.79375 0.471875 0.790625 0.46875 0.7796875 0.465625 0.75 0.4640625 0.7140625 0.46875 0.7125 0.4671875 0.7140625 0.4640625 0.74375 0.4359375 0.75 0.4265625 0.7609375 0.3859375 0.7609375 0.359375
39 0.75625 0.4671875 0.7828125 0.4703125 0.796875 0.4765625 0.8328125 0.48125 0.834375 0.484375 0.840625 0.484375 0.853125 0.490625 0.8546875 0.49375 0.871875 0.5015625 0.8875 0.5140625 0.89375 0.515625 0.9078125 0.525 0.921875 0.540625 0.9296875 0.553125 0.9359375 0.5578125 0.953125 0.5859375 0.9578125 0.5984375 0.9578125 0.6078125 0.9609375 0.6171875 0.9609375 0.6484375 0.9578125 0.65625 0.9546875 0.6828125 0.946875 0.6984375 0.9375 0.7078125 0.9359375 0.7125 0.9265625 0.721875 0.925 0.728125 0.9203125 0.73125 0.9140625 0.740625 0.8921875 0.759375 0.8703125 0.7734375 0.865625 0.7734375 0.8640625 0.7765625 0.8609375 0.7765625 0.853125 0.7828125 0.8265625 0.79375 0.8 0.7984375 0.759375 0.7984375 0.7390625 0.803125 0.71875 0.803125 0.7 0.8 0.696875 0.796875 0.671875 0.79375 0.659375 0.7875 0.640625 0.7828125 0.6328125 0.778125 0.621875 0.7765625 0.5953125 0.7640625 0.584375 0.7453125 0.55625 0.7265625 0.53125 0.6984375 0.5265625 0.6890625 0.521875 0.6625 0.515625 0.646875 0.515625 0.628125 0.521875 0.6109375 0.5234375 0.5984375 0.53125 0.584375 0.5421875 0.5734375 0.553125 0.5515625 0.5578125 0.546875 0.5609375 0.546875 0.5671875 0.5375 0.578125 0.528125 0.58125 0.528125 0.59375 0.5171875 0.6140625 0.5078125 0.615625 0.5046875 0.621875 0.5015625 0.675 0.48125 0.6921875 0.4765625 0.703125 0.4765625 0.70625 0.4734375 0.7546875 0.4671875
4 0.33967391304347827 0.8307849133537207 0.360054347826087 0.855249745158002 0.3695652173913043 0.8603465851172274 0.39266304347826086 0.8593272171253823 0.42527173913043476 0.8419979612640164 0.45244565217391297 0.8103975535168196 0.45244565217391297 0.7961264016309888 0.4429347826086956 0.781855249745158 0.4320652173913043 0.7757390417940877 0.4103260869565217 0.7686034658511722 0.3858695652173913 0.7686034658511722 0.3559782608695652 0.7879714576962285 0.3383152173913043 0.8124362895005097 0.33967391304347827 0.8307849133537207
4 0.27717391304347827 0.8134556574923547 0.27853260869565216 0.8246687054026504 0.297554347826087 0.8430173292558614 0.30842391304347827 0.8460754332313967 0.3328804347826087 0.836901121304791 0.3383152173913043 0.8287461773700306 0.33967391304347827 0.8032619775739042 0.37635869565217395 0.7716615698267074 0.4008152173913043 0.7665647298674821 0.40353260869565216 0.7737003058103975 0.42119565217391297 0.7777777777777778 0.4307065217391305 0.7757390417940877 0.4103260869565217 0.7665647298674821 0.4116847826086956 0.7533129459734964 0.39945652173913043 0.7431192660550459 0.3845108695652174 0.7370030581039756 0.37228260869565216 0.7370030581039756 0.3328804347826087 0.7502548419979613 0.3043478260869565 0.7737003058103975 0.2839673913043478 0.8002038735983691 0.27717391304347827 0.8134556574923547
4 0.24320652173913043 0.8032619775739042 0.2730978260869565 0.8175331294597349 0.28804347826086957 0.7920489296636086 0.3192934782608695 0.7594291539245668 0.3342391304347826 0.7482161060142711 0.36141304347826086 0.7380224260958206 0.38858695652173914 0.7359836901121305 0.389945652173913 0.724770642201835 0.37228260869565216 0.7125382262996942 0.36141304347826086 0.7104994903160041 0.30978260869565216 0.7217125382262998 0.2717391304347826 0.7471967380224261 0.24456521739130435 0.781855249745158 0.24320652173913043 0.8032619775739042
4 0.21603260869565216 0.7543323139653415 0.22282608695652173 0.7655453618756372 0.24320652173913043 0.780835881753313 0.264945652173913 0.7533129459734964 0.30842391304347827 0.7217125382262998 0.3220108695652174 0.7166156982670745 0.360054347826087 0.7094801223241591 0.3695652173913043 0.7135575942915393 0.36820652173913043 0.7339449541284404 0.389945652173913 0.7349643221202855 0.39266304347826086 0.7298674821610602 0.358695652173913 0.6829765545361876 0.3464673913043478 0.6748216106014271 0.327445652173913 0.6707441386340469 0.25815217391304346 0.7043832823649337 0.21739130434782608 0.744138634046891 0.21603260869565216 0.7543323139653415
4 0.3464673913043478 0.6809378185524975 0.34782608695652173 0.7064220183486238 0.37364130434782605 0.7064220183486238 0.3695652173913043 0.6952089704383282 0.35190217391304346 0.6799184505606524 0.3464673913043478 0.6809378185524975
4 0.18206521739130435 0.7298674821610602 0.19972826086956522 0.744138634046891 0.21331521739130435 0.7482161060142711 0.25815217391304346 0.7033639143730887 0.3029891304347826 0.6799184505606524 0.3328804347826087 0.671763506625892 0.3125 0.654434250764526 0.2703804347826087 0.6564729867482162 0.21603260869565216 0.6778797145769623 0.1875 0.7033639143730887 0.18206521739130435 0.7145769622833844 0.18206521739130435 0.7298674821610602
4 0.1453804347826087 0.6890927624872579 0.1467391304347826 0.7043832823649337 0.1671195652173913 0.7217125382262998 0.1779891304347826 0.724770642201835 0.19021739130434784 0.6992864424057085 0.21875 0.6768603465851173 0.24456521739130435 0.6646279306829765 0.27445652173913043 0.654434250764526 0.28940217391304346 0.653414882772681 0.30027173913043476 0.6636085626911316 0.3192934782608695 0.671763506625892 0.327445652173913 0.6676860346585117 0.28260869565217395 0.6320081549439347 0.26902173913043476 0.6279306829765545 0.2296195652173913 0.6269113149847094 0.1779891304347826 0.6503567787971458 0.15353260869565216 0.6707441386340469 0.1453804347826087 0.6890927624872579
4 0.11548913043478262 0.6758409785932722 0.12907608695652173 0.691131498470948 0.14402173913043478 0.6992864424057085 0.1453804347826087 0.6819571865443426 0.15353260869565216 0.6697247706422018 0.1983695652173913 0.6381243628950052 0.23505434782608697 0.6248725790010193 0.25815217391304346 0.6248725790010193 0.27989130434782605 0.6340468909276249 0.28260869565217395 0.6228338430173292 0.2608695652173913 0.598369011213048 0.22010869565217392 0.5912334352701325 0.1793478260869565 0.6044852191641182 0.13179347826086957 0.6371049949031601 0.11820652173913042 0.653414882772681 0.11548913043478262 0.6758409785932722
4 0.08423913043478261 0.6554536187563711 0.11141304347826086 0.6707441386340469 0.11684782608695651 0.6676860346585117 0.11956521739130435 0.6493374108053007 0.1331521739130435 0.63506625891947 0.1766304347826087 0.6044852191641182 0.1956521739130435 0.5963302752293578 0.23369565217391303 0.5912334352701325 0.25135869565217395 0.6085626911314985 0.264945652173913 0.6106014271151886 0.266304347826087 0.6075433231396534 0.25815217391304346 0.5891946992864424 0.2323369565217391 0.5718654434250765 0.19157608695652173 0.5677879714576963 0.1358695652173913 0.5830784913353722 0.09375 0.6095820591233435 0.08288043478260869 0.6238532110091743 0.08423913043478261 0.6554536187563711
4 0.22282608695652173 0.5688073394495413 0.22418478260869565 0.581039755351682 0.24592391304347827 0.5830784913353722 0.25 0.5891946992864424 0.2554347826086957 0.5881753312945974 0.22690217391304346 0.5698267074413864 0.22282608695652173 0.5688073394495413
4 0.0733695652173913 0.6228338430173292 0.08016304347826086 0.6309887869520897 0.09239130434782608 0.6106014271151886 0.14402173913043478 0.5790010193679919 0.16983695652173914 0.5708460754332314 0.21603260869565216 0.5667686034658512 0.1671195652173913 0.5575942915392457 0.12907608695652173 0.561671763506626 0.10190217391304349 0.5749235474006117 0.07472826086956522 0.6075433231396534 0.0733695652173913 0.6228338430173292
4 0.04891304347826087 0.5698267074413864 0.08016304347826086 0.5871559633027523 0.13722826086956522 0.5575942915392457 0.16847826086956522 0.5555555555555556 0.2078804347826087 0.5647298674821611 0.22282608695652173 0.5647298674821611 0.22690217391304346 0.5596330275229359 0.22826086956521738 0.5402650356778798 0.22010869565217392 0.5178389398572885 0.20244565217391303 0.5045871559633028 0.18206521739130435 0.5005096839959225 0.125 0.49847094801223246 0.09510869565217392 0.5025484199796126 0.0625 0.5137614678899083 0.04619565217391304 0.5331294597349643 0.04891304347826087 0.5698267074413864
4 0.059782608695652176 0.5137614678899083 0.09239130434782608 0.5025484199796126 0.12907608695652173 0.4974515800203874 0.19293478260869565 0.5015290519877676 0.21467391304347827 0.5117227319062182 0.2296195652173913 0.5300713557594292 0.24456521739130435 0.5117227319062182 0.24728260869565216 0.4862385321100918 0.23369565217391303 0.46687054026503566 0.21875 0.4566768603465851 0.17119565217391303 0.44954128440366975 0.12364130434782608 0.45565749235474007 0.09375 0.4648318042813456 0.07065217391304349 0.4801223241590214 0.06385869565217392 0.4964322120285424 0.059782608695652176 0.5137614678899083
4 0.09103260869565218 0.4566768603465851 0.09646739130434782 0.4617737003058104 0.13451086956521738 0.4525993883792049 0.18070652173913043 0.44954128440366975 0.2214673913043478 0.4566768603465851 0.24320652173913043 0.4740061162079511 0.24592391304347827 0.48725790010193687 0.2608695652173913 0.472986748216106 0.2622282608695652 0.4617737003058104 0.24456521739130435 0.4322120285423038 0.22010869565217392 0.41794087665647306 0.1875 0.40876656472986744 0.15217391304347824 0.40672782874617736 0.10869565217391304 0.41692150866462796 0.09782608695652174 0.42303771661569833 0.09103260869565218 0.43832823649337416 0.09103260869565218 0.4566768603465851
4 0.10733695652173914 0.41692150866462796 0.17119565217391303 0.4057084607543323 0.23641304347826084 0.42609582059123347 0.2554347826086957 0.44036697247706424 0.27717391304347827 0.42201834862385323 0.266304347826087 0.4077471967380224 0.2391304347826087 0.39245667686034663 0.1888586956521739 0.381243628950051 0.13994565217391303 0.38328236493374107 0.11820652173913042 0.3934760448521917 0.10869565217391304 0.40366972477064217 0.10733695652173914 0.41692150866462796
4 0.13994565217391303 0.38328236493374107 0.1888586956521739 0.381243628950051 0.23505434782608697 0.3904179408766565 0.2703804347826087 0.4077471967380224 0.27853260869565216 0.41386340468909283 0.27853260869565216 0.4209989806320082 0.29483695652173914 0.39143730886850153 0.296195652173913 0.38328236493374107 0.28804347826086957 0.3720693170234455 0.2703804347826087 0.3608562691131499 0.24456521739130435 0.35372069317023447 0.22010869565217392 0.3506625891946993 0.16168478260869565 0.35372069317023447 0.1467391304347826 0.35881753312945974 0.13858695652173914 0.3690112130479103 0.13994565217391303 0.38328236493374107
4 0.14266304347826086 0.34046890927624873 0.14945652173913043 0.35270132517838937 0.22554347826086957 0.34964322120285424 0.2717391304347826 0.35983690112130484 0.28804347826086957 0.3690112130479103 0.29483695652173914 0.36289500509684 0.3070652173913043 0.32415902140672787 0.2921195652173913 0.29663608562691135 0.2554347826086957 0.2711518858307849 0.23777173913043476 0.26809378185524974 0.20380434782608697 0.2701325178389399 0.16032608695652173 0.2884811416921509 0.14402173913043478 0.3119266055045872 0.14266304347826086 0.34046890927624873