4 0.578125 0.4046875 0.5875 0.4046875 0.603125 0.4109375 0.609375 0.4203125 0.6140625 0.4234375 0.6203125 0.440625 0.621875 0.4546875 0.6203125 0.46875 0.6140625 0.478125 0.60625 0.484375 0.6046875 0.49375 0.5953125 0.5015625 0.5890625 0.503125 0.5875 0.4984375 0.59375 0.4828125 0.59375 0.440625 0.5890625 0.425 0.584375 0.41875 0.584375 0.4125 0.5796875 0.40625
4 0.31875 0.709375 0.3328125 0.7109375 0.34375 0.7171875 0.359375 0.7203125 0.3640625 0.7234375 0.3734375 0.7375 0.3859375 0.75 0.3953125 0.76875 0.3953125 0.8109375 0.384375 0.8359375 0.384375 0.840625 0.3765625 0.8546875 0.36875 0.8640625 0.3609375 0.8671875 0.3484375 0.8765625 0.328125 0.8828125 0.303125 0.8828125 0.2875 0.878125 0.2796875 0.878125 0.2625 0.8703125 0.240625 0.85625 0.2296875 0.8453125 0.2203125 0.8265625 0.2203125 0.80625 0.21875 0.8046875 0.21875 0.790625 0.2234375 0.771875 0.2296875 0.759375 0.240625 0.75 0.2421875 0.7453125 0.2515625 0.7359375 0.2546875 0.7359375 0.2625 0.728125 0.275 0.7203125 0.2921875 0.715625 0.3 0.7109375 0.3171875 0.709375
4 0.3296875 0.3515625 0.340625 0.3578125 0.35625 0.3625 0.3640625 0.36875 0.3640625 0.371875 0.3734375 0.3796875 0.3734375 0.384375 0.3828125 0.3953125 0.390625 0.4109375 0.390625 0.4171875 0.39375 0.4234375 0.3921875 0.4625 0.384375 0.4921875 0.3765625 0.496875 0.371875 0.5125 0.353125 0.528125 0.3453125 0.5296875 0.3390625 0.534375 0.321875 0.5359375 0.3140625 0.5390625 0.28125 0.5375 0.2625 0.5265625 0.25625 0.51875 0.25 0.515625 0.240625 0.503125 0.240625 0.496875 0.2296875 0.4765625 0.228125 0.465625 0.21875 0.45 0.21875 0.421875 0.2265625 0.40625 0.23125 0.3828125 0.2390625 0.375 0.2515625 0.36875 0.2734375 0.3515625 0.2921875 0.3484375 0.31875 0.3484375 0.328125 0.3515625
4 0.5625 0.2453125 0.5734375 0.253125 0.5796875 0.2546875 0.58125 0.2578125 0.575 0.265625 0.5734375 0.2734375 0.5984375 0.290625 0.603125 0.290625 0.6125 0.2953125 0.61875 0.3015625 0.6234375 0.3140625 0.6234375 0.325 0.61875 0.3375 0.6140625 0.3625 0.603125 0.3765625 0.603125 0.38125 0.5859375 0.3953125 0.578125 0.3984375 0.5734375 0.396875 0.5734375 0.39375 0.565625 0.384375 0.5421875 0.3734375 0.5375 0.3734375 0.534375 0.3703125 0.5625 0.34375 0.5703125 0.296875 0.5703125 0.271875 0.5625 0.2578125 0.5625 0.246875
4 0.2859375 0.675 0.2890625 0.675 0.290625 0.7015625 0.29375 0.709375 0.2890625 0.7140625 0.271875 0.71875 0.2703125 0.721875 0.2671875 0.721875 0.2578125 0.73125 0.25 0.734375 0.2453125 0.7390625 0.228125 0.759375 0.2203125 0.7734375 0.215625 0.7953125 0.20625 0.79375 0.1984375 0.7890625 0.178125 0.7703125 0.1765625 0.7640625 0.1671875 0.7515625 0.1671875 0.7421875 0.1859375 0.7484375 0.2 0.7484375 0.203125 0.7453125 0.21875 0.74375 0.2375 0.734375 0.271875 0.70625 0.271875 0.703125 0.2796875 0.69375 0.28125 0.6828125 0.2859375 0.6765625
4 0.478125 0.0859375 0.4890625 0.0890625 0.496875 0.0953125 0.525 0.109375 0.54375 0.1375 0.5515625 0.159375 0.5515625 0.215625 0.546875 0.228125 0.540625 0.2328125 0.5375 0.2390625 0.5328125 0.240625 0.51875 0.2546875 0.509375 0.2609375 0.4890625 0.265625 0.4734375 0.265625 0.4421875 0.259375 0.428125 0.2515625 0.415625 0.240625 0.4078125 0.2390625 0.4046875 0.2328125 0.396875 0.2265625 0.396875 0.221875 0.3890625 0.20625 0.3859375 0.2046875 0.38125 0.165625 0.3859375 0.1375 0.403125 0.109375 0.4171875 0.1 0.4390625 0.090625 0.4578125 0.090625 0.465625 0.0859375 0.4765625 0.0859375
4 0.565625 0.68125 0.575 0.6875 0.5828125 0.7015625 0.5828125 0.70625 0.5890625 0.7109375 0.596875 0.7234375 0.6125 0.734375 0.621875 0.7359375 0.628125 0.7421875 0.634375 0.7578125 0.625 0.7875 0.621875 0.815625 0.6140625 0.834375 0.60625 0.8421875 0.5875 0.85 0.58125 0.85 0.5640625 0.859375 0.5359375 0.859375 0.5265625 0.8546875 0.503125 0.8484375 0.4796875 0.834375 0.459375 0.8140625 0.453125 0.8015625 0.4484375 0.7828125 0.45 0.778125 0.453125 0.7765625 0.475 0.7765625 0.4890625 0.771875 0.5 0.7609375 0.5078125 0.7578125 0.51875 0.7484375 0.5296875 0.734375 0.53125 0.728125 0.5421875 0.7109375 0.5421875 0.6859375 0.546875 0.68125 0.5640625 0.68125
4 0.5515625 0.23125 0.5546875 0.2390625 0.5609375 0.2453125 0.5609375 0.259375 0.56875 0.2765625 0.5671875 0.30625 0.5609375 0.3296875 0.5609375 0.34375 0.540625 0.3625 0.5171875 0.3734375 0.509375 0.3734375 0.4953125 0.378125 0.4828125 0.378125 0.4640625 0.3703125 0.4546875 0.36875 0.4453125 0.3625 0.4375 0.3609375 0.421875 0.346875 0.4171875 0.3375 0.409375 0.3296875 0.40625 0.321875 0.40625 0.3140625 0.3984375 0.2953125 0.4 0.25625 0.4046875 0.2453125 0.4109375 0.2421875 0.415625 0.24375 0.425 0.253125 0.4375 0.2609375 0.4515625 0.265625 0.4671875 0.265625 0.46875 0.2671875 0.503125 0.265625 0.5203125 0.25625 0.55 0.23125
4 0.4046875 0.5046875 0.415625 0.5078125 0.415625 0.5109375 0.4234375 0.51875 0.4265625 0.51875 0.428125 0.521875 0.446875 0.53125 0.446875 0.534375 0.45625 0.5421875 0.471875 0.55 0.490625 0.5546875 0.515625 0.5546875 0.5171875 0.5578125 0.515625 0.58125 0.50625 0.6140625 0.4984375 0.61875 0.4890625 0.6375 0.4640625 0.6546875 0.446875 0.659375 0.4390625 0.659375 0.4359375 0.6625 0.4046875 0.6625 0.384375 0.65 0.378125 0.6484375 0.3734375 0.64375 0.365625 0.640625 0.3578125 0.628125 0.3484375 0.61875 0.34375 0.609375 0.340625 0.58125 0.3359375 0.5703125 0.3375 0.55625 0.34375 0.5484375 0.34375 0.5453125 0.353125 0.5375 0.3546875 0.53125 0.3671875 0.51875 0.3703125 0.51875 0.375 0.5140625 0.390625 0.50625 0.403125 0.5046875
4 0.3484375 0.1359375 0.3828125 0.121875 0.390625 0.125 0.390625 0.1296875 0.38125 0.1484375 0.3796875 0.1578125 0.38125 0.1859375 0.3796875 0.1890625 0.375 0.1859375 0.3734375 0.18125 0.3640625 0.1796875 0.3421875 0.1671875 0.3234375 0.1671875 0.321875 0.165625 0.3234375 0.1578125 0.3484375 0.1375
4 0.5421875 0.5453125 0.54375 0.55 0.540625 0.5578125 0.5328125 0.5671875 0.5296875 0.575 0.5296875 0.5890625 0.525 0.5984375 0.5140625 0.6109375 0.5109375 0.6140625 0.5109375 0.6 0.5140625 0.596875 0.51875 0.5796875 0.51875 0.5546875 0.521875 0.5515625 0.540625 0.546875
4 0.54375 0.5453125 0.5453125 0.546875 0.54375 0.553125 0.5328125 0.56875 0.5296875 0.578125 0.51875 0.578125 0.51875 0.5625 0.5203125 0.5609375 0.51875 0.5546875 0.525 0.55 0.5421875 0.5453125
4 0.334375 0.628125 0.34375 0.621875 0.3484375 0.621875 0.35625 0.6296875 0.359375 0.6375 0.3640625 0.6421875 0.3609375 0.65 0.353125 0.659375 0.353125 0.6703125 0.35 0.6765625 0.35 0.6859375 0.359375 0.7140625 0.35625 0.715625 0.34375 0.7140625 0.3359375 0.709375 0.325 0.7078125 0.2953125 0.709375 0.2921875 0.703125 0.2921875 0.6484375 0.296875 0.64375 0.3171875 0.6390625 0.334375 0.6296875
4 0.334375 0.1484375 0.3421875 0.1453125 0.353125 0.1328125 0.3609375 0.1296875 0.3703125 0.128125 0.3796875 0.1234375 0.3875 0.1234375 0.390625 0.1265625 0.384375 0.1375 0.3796875 0.1546875 0.38125 0.16875 0.3796875 0.1921875 0.3703125 0.1796875 0.3640625 0.1796875 0.3546875 0.175 0.353125 0.171875 0.3484375 0.171875 0.3421875 0.1671875 0.3234375 0.1671875 0.321875 0.165625 0.3234375 0.159375 0.334375 0.15
4 0.3421875 0.16875 0.359375 0.178125 0.3734375 0.18125 0.3734375 0.1859375 0.38125 0.19375 0.384375 0.2015625 0.384375 0.209375 0.3953125 0.228125 0.3953125 0.2390625 0.3875 0.2609375 0.378125 0.271875 0.365625 0.2765625 0.3546875 0.284375 0.3359375 0.2875 0.3125 0.2875 0.290625 0.2765625 0.271875 0.2640625 0.271875 0.2609375 0.2609375 0.25 0.2609375 0.2453125 0.25625 0.2390625 0.25 0.2203125 0.2609375 0.19375 0.28125 0.171875 0.2890625 0.16875 0.340625 0.16875
4 0.5421875 0.3765625 0.5625 0.3859375 0.5828125 0.4140625 0.5921875 0.44375 0.5921875 0.48125 0.584375 0.503125 0.5671875 0.51875 0.5640625 0.5265625 0.55625 0.534375 0.5484375 0.540625 0.54375 0.540625 0.534375 0.546875 0.5171875 0.55 0.490625 0.55 0.478125 0.5453125 0.471875 0.5453125 0.4640625 0.540625 0.459375 0.540625 0.44375 0.525 0.428125 0.5171875 0.421875 0.5015625 0.421875 0.490625 0.4171875 0.4765625 0.4171875 0.459375 0.41875 0.4484375 0.4265625 0.4328125 0.4265625 0.4265625 0.4328125 0.4125 0.45 0.3984375 0.459375 0.3875 0.4671875 0.3859375 0.471875 0.38125 0.4984375 0.3828125 0.51875 0.375 0.5390625 0.375 0.540625 0.3765625
4 0.2296875 0.4828125 0.2390625 0.4984375 0.2390625 0.5046875 0.2421875 0.509375 0.2640625 0.53125 0.2671875 0.53125 0.278125 0.5390625 0.2921875 0.5421875 0.3109375 0.5421875 0.3125 0.55 0.321875 0.553125 0.321875 0.55625 0.3296875 0.5609375 0.3359375 0.5796875 0.3375 0.5984375 0.3421875 0.609375 0.3421875 0.6203125 0.328125 0.63125 0.3234375 0.63125 0.3140625 0.6375 0.2828125 0.6375 0.278125 0.634375 0.2625 0.63125 0.234375 0.6109375 0.21875 0.5953125 0.21875 0.5921875 0.209375 0.58125 0.209375 0.5765625 0.1984375 0.5515625 0.1984375 0.5359375 0.2015625 0.5203125 0.209375 0.5046875 0.209375 0.4953125 0.2125 0.4890625 0.2203125 0.4828125 0.228125 0.4828125
4 0.1875 0.5015625 0.196875 0.4953125 0.203125 0.4859375 0.2078125 0.4859375 0.2078125 0.503125 0.2046875 0.50625 0.203125 0.5171875 0.2 0.5203125 0.2 0.5265625 0.196875 0.5328125 0.196875 0.553125 0.1984375 0.5546875 0.196875 0.5609375 0.1875 0.559375 0.184375 0.55625 0.1828125 0.546875 0.1703125 0.5265625 0.1703125 0.515625 0.1734375 0.5109375 0.178125 0.50625 0.1828125 0.50625 0.1875 0.503125
4 0.2078125 0.48125 0.2078125 0.4921875 0.203125 0.496875 0.18125 0.50625 0.171875 0.5140625 0.15625 0.5125 0.14375 0.503125 0.14375 0.4984375 0.15625 0.4953125 0.1671875 0.4953125 0.18125 0.490625 0.1953125 0.4828125 0.20625 0.48125
4 0.334375 0.290625 0.371875 0.303125 0.390625 0.3171875 0.3953125 0.325 0.40625 0.3375 0.409375 0.3375 0.415625 0.3453125 0.415625 0.3484375 0.41875 0.35 0.421875 0.3578125 0.4234375 0.375 0.4265625 0.3796875 0.4265625 0.4078125 0.415625 0.4203125 0.415625 0.425 0.4125 0.4296875 0.4 0.440625 0.396875 0.440625 0.396875 0.425 0.39375 0.4203125 0.3890625 0.4015625 0.375 0.384375 0.375 0.3796875 0.371875 0.375 0.35625 0.3609375 0.334375 0.353125 0.328125 0.3484375 0.309375 0.3453125 0.2765625 0.3484375 0.259375 0.3609375 0.25625 0.3609375 0.2546875 0.3578125 0.2546875 0.3453125 0.2609375 0.3296875 0.2765625 0.3140625 0.2796875 0.3140625 0.2875 0.309375 0.2921875 0.303125 0.3140625 0.2921875 0.3328125 0.290625
4 0.196875 0.565625 0.203125 0.56875 0.2109375 0.5890625 0.2140625 0.590625 0.221875 0.603125 0.228125 0.60625 0.2328125 0.6125 0.2546875 0.6296875 0.265625 0.6359375 0.2828125 0.6390625 0.2875 0.64375 0.2875 0.6625 0.2796875 0.678125 0.2765625 0.6953125 0.2703125 0.7046875 0.2578125 0.7171875 0.246875 0.7234375 0.2390625 0.73125 0.2171875 0.7421875 0.20625 0.7421875 0.196875 0.746875 0.1734375 0.7421875 0.159375 0.734375 0.15 0.7328125 0.1359375 0.7234375 0.121875 0.7 0.115625 0.69375 0.115625 0.6859375 0.1109375 0.671875 0.1109375 0.6453125 0.115625 0.6328125 0.115625 0.6265625 0.125 0.60625 0.134375 0.596875 0.1390625 0.5859375 0.1515625 0.5734375 0.159375 0.56875 0.175 0.5671875 0.1796875 0.5640625 0.1953125 0.565625
4 0.396875 0.23125 0.4015625 0.2359375 0.403125 0.24375 0.396875 0.2609375 0.3953125 0.2953125 0.3859375 0.3 0.371875 0.3 0.353125 0.29375 0.3484375 0.2890625 0.3609375 0.2828125 0.365625 0.278125 0.3734375 0.2765625 0.384375 0.2671875 0.39375 0.2515625 0.396875 0.2328125
4 0.509375 0.6171875 0.5203125 0.6265625 0.5234375 0.6328125 0.5359375 0.6421875 0.540625 0.65 0.5390625 0.7046875 0.534375 0.71875 0.5296875 0.725 0.5296875 0.7296875 0.5203125 0.7421875 0.5203125 0.7453125 0.515625 0.746875 0.50625 0.75625 0.5 0.7578125 0.4875 0.7703125 0.478125 0.7734375 0.4421875 0.7734375 0.434375 0.7703125 0.4265625 0.7703125 0.4046875 0.7578125 0.39375 0.746875 0.3859375 0.7453125 0.375 0.734375 0.371875 0.7265625 0.365625 0.721875 0.3640625 0.7140625 0.3546875 0.696875 0.353125 0.6859375 0.3546875 0.6609375 0.365625 0.6453125 0.3703125 0.6453125 0.378125 0.6515625 0.3828125 0.6515625 0.4015625 0.6640625 0.41875 0.6671875 0.4578125 0.659375 0.484375 0.64375 0.5 0.625 0.5 0.621875 0.5078125 0.6171875
4 0.109375 0.4953125 0.1140625 0.4984375 0.1390625 0.5046875 0.1484375 0.5125 0.1609375 0.51875 0.165625 0.5234375 0.165625 0.528125 0.16875 0.5328125 0.1796875 0.5453125 0.18125 0.5578125 0.1703125 0.565625 0.15625 0.5671875 0.1375 0.584375 0.1296875 0.6 0.1234375 0.6046875 0.1140625 0.625 0.1140625 0.63125 0.1109375 0.6359375 0.1109375 0.64375 0.1078125 0.65 0.0671875 0.65 0.05625 0.6453125 0.0484375 0.6375 0.028125 0.625 0.021875 0.61875 0.0109375 0.5890625 0.009375 0.578125 0.0109375 0.55625 0.015625 0.54375 0.021875 0.5375 0.021875 0.5328125 0.03125 0.5203125 0.0375 0.5171875 0.0453125 0.5078125 0.06875 0.496875 0.1078125 0.4953125
4 0.2625 0.253125 0.2703125 0.2640625 0.2828125 0.275 0.296875 0.28125 0.3078125 0.290625 0.2921875 0.3 0.2859375 0.3078125 0.271875 0.3140625 0.2703125 0.31875 0.259375 0.328125 0.253125 0.3390625 0.2515625 0.3625 0.2484375 0.3671875 0.240625 0.3703125 0.228125 0.36875 0.19375 0.3359375 0.1875 0.334375 0.184375 0.3296875 0.184375 0.3234375 0.1875 0.315625 0.1875 0.3078125 0.1984375 0.2859375 0.2046875 0.278125 0.2078125 0.278125 0.2109375 0.2734375 0.215625 0.271875 0.2328125 0.253125 0.240625 0.25 0.2578125 0.25 0.2609375 0.253125
4 0.6234375 0.071875 0.634375 0.075 0.6359375 0.078125 0.6515625 0.0859375 0.6640625 0.0953125 0.671875 0.0953125 0.675 0.0984375 0.6734375 0.109375 0.6765625 0.115625 0.6765625 0.125 0.665625 0.1375 0.665625 0.140625 0.6453125 0.1703125 0.6296875 0.184375 0.6203125 0.2 0.603125 0.21875 0.6 0.228125 0.596875 0.2296875 0.5921875 0.2390625 0.584375 0.240625 0.5765625 0.240625 0.5625 0.2359375 0.5546875 0.2265625 0.553125 0.221875 0.553125 0.20625 0.5546875 0.2046875 0.553125 0.1578125 0.55 0.146875 0.5375 0.121875 0.53125 0.1140625 0.53125 0.109375 0.55625 0.084375 0.5609375 0.084375 0.5734375 0.0765625 0.584375 0.0734375 0.6 0.0734375 0.60625 0.0703125 0.621875 0.071875
4 0.415625 0.428125 0.4234375 0.4265625 0.421875 0.4390625 0.41875 0.4421875 0.415625 0.453125 0.415625 0.4796875 0.41875 0.4859375 0.41875 0.4984375 0.421875 0.5078125 0.4171875 0.509375 0.4140625 0.5046875 0.396875 0.503125 0.3765625 0.509375 0.378125 0.5015625 0.3859375 0.4921875 0.390625 0.48125 0.3953125 0.4484375 0.415625 0.4296875
4 0.084375 0.478125 0.0875 0.48125 0.096875 0.4828125 0.1078125 0.4921875 0.1328125 0.4984375 0.1421875 0.4984375 0.146875 0.4953125 0.165625 0.4953125 0.1765625 0.4921875 0.19375 0.4828125 0.2078125 0.48125 0.20625 0.4921875 0.1984375 0.49375 0.196875 0.496875 0.190625 0.4984375 0.171875 0.5125 0.1625 0.515625 0.15 0.509375 0.1453125 0.5046875 0.1421875 0.5046875 0.140625 0.5015625 0.125 0.5 0.1140625 0.4953125 0.09375 0.4921875 0.084375 0.4796875
4 0.6203125 0.49375 0.6296875 0.4953125 0.640625 0.5015625 0.6515625 0.5125 0.6640625 0.51875 0.675 0.5328125 0.665625 0.5421875 0.665625 0.5453125 0.65 0.565625 0.6421875 0.565625 0.6 0.5375 0.5953125 0.5375 0.5828125 0.5453125 0.571875 0.559375 0.5703125 0.5703125 0.5609375 0.590625 0.559375 0.6234375 0.5640625 0.6484375 0.5640625 0.659375 0.55 0.6484375 0.5421875 0.6390625 0.540625 0.6296875 0.5328125 0.6125 0.5328125 0.590625 0.53125 0.5890625 0.5328125 0.5734375 0.5484375 0.5453125 0.5625 0.534375 0.5734375 0.51875 0.5875 0.50625 0.5921875 0.50625 0.60625 0.4953125 0.61875 0.49375
4 0.428125 0.35625 0.459375 0.3734375 0.465625 0.3734375 0.4703125 0.3765625 0.4671875 0.3828125 0.4609375 0.384375 0.4484375 0.396875 0.4390625 0.4015625 0.4359375 0.4078125 0.428125 0.4109375 0.4296875 0.3859375 0.4265625 0.3734375 0.4265625 0.3578125
4 0.1359375 0.3140625 0.1515625 0.3171875 0.1625 0.325 0.1875 0.3375 0.1921875 0.3375 0.2203125 0.3640625 0.225 0.371875 0.225 0.3953125 0.215625 0.4265625 0.2171875 0.4671875 0.203125 0.478125 0.1921875 0.48125 0.1765625 0.490625 0.165625 0.49375 0.146875 0.49375 0.1453125 0.4953125 0.115625 0.49375 0.096875 0.48125 0.0859375 0.478125 0.065625 0.4578125 0.0625 0.446875 0.053125 0.4328125 0.0515625 0.4234375 0.053125 0.365625 0.0578125 0.3609375 0.0625 0.35 0.0859375 0.3265625 0.090625 0.3265625 0.1046875 0.3171875 0.1140625 0.3140625 0.134375 0.3140625
4 0.51875 0.59375 0.021875 0.03984375
29 0.6195652173913043 0.8727524204702627 0.6345108695652174 0.8824343015214383 0.6915760869565217 0.8921161825726142 0.7296195652173914 0.8769017980636237 0.7744565217391304 0.8727524204702627 0.7894021739130435 0.8616874135546334 0.8002717391304348 0.8354080221300139 0.8206521739130433 0.8146611341632088 0.8233695652173912 0.7579529737206085 0.8111413043478259 0.7261410788381742 0.7934782608695652 0.7053941908713692 0.7730978260869565 0.6915629322268326 0.7309782608695652 0.6832641770401107 0.7146739130434783 0.690179806362379 0.6684782608695652 0.7358229598893499 0.6358695652173914 0.7565698478561549 0.6195652173913043 0.8271092669432918 0.6195652173913043 0.8727524204702627
29 0.6413043478260869 0.6016597510373444 0.6535326086956521 0.6141078838174273 0.8777173913043479 0.6957123098201936 0.888586956521739 0.6957123098201936 0.8940217391304348 0.6874135546334716 0.8967391304347826 0.648686030428769 0.8899456521739131 0.6016597510373444 0.8451086956521738 0.5325034578146611 0.8220108695652174 0.5172890733056708 0.7744565217391304 0.5103734439834025 0.7296195652173914 0.5089903181189488 0.71875 0.5131396957123098 0.6752717391304348 0.5338865836791148 0.6494565217391304 0.5670816044260027 0.6413043478260869 0.586445366528354 0.6413043478260869 0.6016597510373444
29 0.7391304347826086 0.4439834024896266 0.7432065217391304 0.46611341632088515 0.779891304347826 0.5076071922544951 0.7989130434782609 0.5117565698478561 0.861413043478261 0.3845089903181189 0.8940217391304348 0.3526970954356846 0.8980978260869564 0.32918395573997233 0.9157608695652174 0.2987551867219917 0.919836956521739 0.28077455048409405 0.8845108695652174 0.2669432918395574 0.8464673913043479 0.2627939142461964 0.8206521739130433 0.28492392807745504 0.7717391304347826 0.313969571230982 0.7581521739130435 0.34439834024896265 0.7418478260869565 0.41217150760719223 0.7391304347826086 0.4439834024896266
29 0.625 0.338865836791148 0.625 0.35822959889349926 0.6467391304347826 0.4260027662517289 0.7051630434782609 0.4702627939142462 0.733695652173913 0.47164591977869985 0.7377717391304348 0.4135546334716459 0.7567934782608695 0.338865836791148 0.7676630434782609 0.31673582295988933 0.7771739130434783 0.26556016597510373 0.7839673913043478 0.2544951590594744 0.782608695652174 0.22821576763485477 0.7717391304347826 0.22130013831258646 0.751358695652174 0.22130013831258646 0.6970108695652174 0.23651452282157676 0.6603260869565217 0.2724757952973721 0.6331521739130435 0.313969571230982 0.625 0.338865836791148
29 0.5842391304347826 0.2572614107883817 0.5842391304347826 0.2752420470262794 0.5978260869565217 0.2863070539419087 0.6277173913043479 0.29737206085753803 0.6440217391304348 0.2904564315352697 0.6739130434782609 0.25311203319502074 0.6970108695652174 0.2351313969571231 0.7377717391304348 0.21991701244813275 0.7608695652173914 0.17980636237897646 0.782608695652174 0.11341632088520055 0.7839673913043478 0.09820193637621023 0.7690217391304348 0.07053941908713693 0.7432065217391304 0.0636237897648686 0.7133152173913043 0.06915629322268327 0.6779891304347826 0.11479944674965421 0.6752717391304348 0.12863070539419086 0.6453804347826086 0.1715076071922545 0.626358695652174 0.18810511756569848 0.6046195652173914 0.21991701244813275 0.5842391304347826 0.2572614107883817
29 0.8084239130434783 0.5117565698478561 0.8383152173913043 0.5228215767634855 0.8559782608695652 0.5380359612724758 0.9211956521739131 0.5186721991701245 0.9592391304347826 0.4840940525587828 0.9769021739130433 0.45228215767634855 0.9782608695652174 0.41770401106500693 0.9714673913043479 0.3775933609958506 0.9470108695652174 0.36099585062240663 0.9171195652173912 0.38035961272475793 0.8600543478260869 0.42461964038727523 0.8654891304347826 0.4329183955739972 0.8777173913043479 0.43153526970954353 0.8913043478260869 0.44536652835408025 0.8899456521739131 0.4605809128630705 0.8654891304347826 0.4730290456431535 0.857336956521739 0.48547717842323646 0.8206521739130433 0.4730290456431535 0.8097826086956521 0.49239280774550476 0.8084239130434783 0.5117565698478561
29 0.5584239130434783 0.6127247579529737 0.563858695652174 0.6542185338865837 0.5855978260869565 0.7053941908713692 0.5991847826086956 0.7192254495159058 0.6345108695652174 0.7385892116182572 0.6603260869565217 0.7413554633471645 0.7418478260869565 0.665283540802213 0.7418478260869565 0.6542185338865837 0.7364130434782609 0.6542185338865837 0.733695652173913 0.661134163208852 0.7214673913043479 0.661134163208852 0.7133152173913043 0.6514522821576764 0.7051630434782609 0.656984785615491 0.6820652173913043 0.6514522821576764 0.6644021739130435 0.619640387275242 0.6372282608695652 0.598893499308437 0.6440217391304348 0.5684647302904564 0.6019021739130435 0.5408022130013831 0.592391304347826 0.5394190871369294 0.5747282608695652 0.5560165975103735 0.561141304347826 0.5961272475795297 0.5584239130434783 0.6127247579529737
29 0.5828804347826086 0.40110650069156295 0.6114130434782609 0.4190871369294606 0.6209239130434783 0.43845089903181184 0.6222826086956521 0.46334716459197783 0.6114130434782609 0.4868603042876901 0.6413043478260869 0.49930843706777317 0.6766304347826086 0.5283540802213001 0.6942934782608695 0.5214384508990318 0.688858695652174 0.46334716459197783 0.6589673913043479 0.4439834024896266 0.6168478260869565 0.40110650069156295 0.6005434782608695 0.3914246196403873 0.5842391304347826 0.3969571230982019 0.5828804347826086 0.40110650069156295
29 0.71875 0.6887966804979253 0.7595108695652174 0.6874135546334716 0.7866847826086956 0.6998616874135546 0.8125 0.7289073305670816 0.8233695652173912 0.7565698478561549 0.8383152173913043 0.7385892116182572 0.8383152173913043 0.7067773167358229 0.8057065217391305 0.681881051175657 0.7703804347826086 0.669432918395574 0.748641304347826 0.6680497925311203 0.7241847826086956 0.6846473029045643 0.71875 0.6887966804979253