33 0.53125 0.856269113149847 0.5448369565217391 0.8876146788990825 0.5692934782608695 0.9166666666666666 0.6114130434782609 0.9411314984709479 0.6820652173913043 0.95565749235474 0.7282608695652174 0.9564220183486238 0.7758152173913043 0.9441896024464832 0.8002717391304348 0.9288990825688073 0.8220108695652174 0.9090214067278287 0.8396739130434783 0.8746177370030581 0.8383152173913043 0.8486238532110091 0.8288043478260869 0.8203363914373089 0.8029891304347826 0.7912844036697247 0.7296195652173914 0.7553516819571866 0.6902173913043479 0.7469418960244648 0.6467391304347826 0.7469418960244648 0.6195652173913043 0.7522935779816514 0.5910326086956521 0.764525993883792 0.5584239130434783 0.786697247706422 0.5421195652173914 0.8042813455657493 0.532608695652174 0.8241590214067278 0.53125 0.856269113149847
33 0.28532608695652173 0.8929663608562691 0.3029891304347826 0.930428134556575 0.327445652173913 0.9525993883792049 0.3668478260869565 0.9709480122324159 0.4008152173913043 0.97782874617737 0.4592391304347826 0.9770642201834863 0.48097826086956524 0.9717125382262998 0.5135869565217391 0.9579510703363914 0.532608695652174 0.9434250764525993 0.5489130434782609 0.9174311926605505 0.5489130434782609 0.9029051987767585 0.5258152173913043 0.8516819571865444 0.5040760869565217 0.834097859327217 0.4633152173913043 0.8157492354740061 0.43478260869565216 0.8096330275229358 0.40489130434782605 0.8088685015290519 0.375 0.8111620795107033 0.34239130434782605 0.8188073394495413 0.3029891304347826 0.8409785932721713 0.28532608695652173 0.8685015290519879 0.28532608695652173 0.8929663608562691
33 0.42934782608695654 0.7668195718654435 0.44021739130434784 0.7782874617737002 0.48233695652173914 0.8050458715596329 0.5244565217391304 0.8203363914373089 0.532608695652174 0.819571865443425 0.5557065217391304 0.7874617737003058 0.5964673913043479 0.760703363914373 0.6290760869565217 0.7484709480122324 0.6915760869565217 0.7446483180428134 0.6915760869565217 0.735474006116208 0.6752717391304348 0.7087155963302753 0.595108695652174 0.6926605504587156 0.5652173913043479 0.6804281345565749 0.5353260869565217 0.6620795107033639 0.501358695652174 0.6643730886850153 0.4619565217391305 0.6758409785932722 0.44021739130434784 0.6873088685015291 0.42391304347826086 0.701834862385321 0.42934782608695654 0.7668195718654435
33 0.5339673913043479 0.6513761467889908 0.5502717391304348 0.6704892966360856 0.5978260869565217 0.6926605504587156 0.6535326086956521 0.7033639143730887 0.717391304347826 0.7048929663608563 0.7717391304347826 0.6972477064220184 0.8478260869565217 0.668960244648318 0.7934782608695652 0.6154434250764526 0.7921195652173914 0.5986238532110091 0.8043478260869564 0.5688073394495412 0.7608695652173914 0.5573394495412843 0.7296195652173914 0.555045871559633 0.6644021739130435 0.5565749235474006 0.6019021739130435 0.5688073394495412 0.5557065217391304 0.591743119266055 0.5394021739130435 0.6207951070336392 0.5339673913043479 0.6513761467889908
33 0.2323369565217391 0.595565749235474 0.2527173913043478 0.6238532110091743 0.29891304347826086 0.654434250764526 0.37228260869565216 0.6735474006116208 0.42934782608695654 0.6743119266055045 0.47690217391304346 0.6666666666666667 0.5135869565217391 0.6498470948012233 0.5394021739130435 0.613914373088685 0.5394021739130435 0.5925076452599388 0.5095108695652174 0.5626911314984709 0.46875 0.5420489296636085 0.4130434782608695 0.5298165137614679 0.35190217391304346 0.5290519877675841 0.2934782608695652 0.5382262996941896 0.25407608695652173 0.5573394495412843 0.23505434782608697 0.5764525993883792 0.2323369565217391 0.595565749235474
33 0.08288043478260869 0 0.08288043478260869 0.008409785932721712 0.10733695652173914 0.04281345565749235 0.14130434782608697 0.06574923547400612 0.18614130434782608 0.08256880733944953 0.23505434782608697 0.08486238532110092 0.25815217391304346 0.07951070336391437 0.2730978260869565 0.05428134556574924 0.3070652173913043 0.03058103975535168 0.30570652173913043 0.01529051987767584 0.28125 0 0.08288043478260869 0
33 0.1793478260869565 0.7744648318042813 0.1983695652173913 0.8019877675840978 0.23097826086956524 0.8218654434250764 0.2527173913043478 0.8287461773700306 0.28125 0.8325688073394495 0.30842391304347827 0.8318042813455657 0.37635869565217395 0.8035168195718654 0.40896739130434784 0.7759938837920489 0.4225543478260869 0.75 0.41983695652173914 0.7155963302752293 0.40896739130434784 0.6980122324159022 0.391304347826087 0.6827217125382263 0.3777173913043478 0.6758409785932722 0.30027173913043476 0.6559633027522935 0.264945652173913 0.6590214067278287 0.24048913043478262 0.6674311926605505 0.1875 0.7102446483180428 0.1766304347826087 0.731651376146789 0.1793478260869565 0.7744648318042813
33 0.06929347826086957 0.915902140672783 0.09782608695652174 0.9434250764525993 0.13043478260869565 0.9548929663608563 0.15353260869565216 0.9587155963302753 0.20516304347826084 0.9548929663608563 0.2730978260869565 0.930428134556575 0.2907608695652174 0.918960244648318 0.28260869565217395 0.8723241590214068 0.29483695652173914 0.8463302752293578 0.2921195652173913 0.8371559633027523 0.23777173913043476 0.8256880733944953 0.1983695652173913 0.8058103975535168 0.16032608695652173 0.8096330275229358 0.12907608695652173 0.8188073394495413 0.10054347826086955 0.834097859327217 0.07065217391304349 0.8623853211009175 0.06385869565217392 0.8814984709480121 0.06929347826086957 0.915902140672783
33 0.16168478260869565 0.9992354740061161 0.4225543478260869 0.9992354740061161 0.41983695652173914 0.9839449541284404 0.3505434782608695 0.9655963302752294 0.3179347826086957 0.9480122324159022 0.29891304347826086 0.9319571865443426 0.2717391304347826 0.9342507645259939 0.22690217391304346 0.9480122324159022 0.19972826086956522 0.963302752293578 0.16847826086956522 0.9877675840978594 0.16168478260869565 0.9992354740061161
33 0.057065217391304345 0.24923547400611618 0.07744565217391304 0.2782874617737003 0.11684782608695651 0.2958715596330275 0.16983695652173914 0.2974006116207951 0.22554347826086957 0.2798165137614679 0.25407608695652173 0.26299694189602446 0.27445652173913043 0.23700305810397554 0.27717391304347827 0.20795107033639143 0.25815217391304346 0.1819571865443425 0.2323369565217391 0.16666666666666669 0.20652173913043476 0.1605504587155963 0.16032608695652173 0.1605504587155963 0.1263586956521739 0.16666666666666669 0.09782608695652174 0.1811926605504587 0.06793478260869565 0.20718654434250766 0.057065217391304345 0.2285932721712538 0.057065217391304345 0.24923547400611618
33 0.28260869565217395 0.23394495412844035 0.28940217391304346 0.2385321100917431 0.296195652173913 0.25535168195718655 0.31385869565217395 0.2691131498470948 0.34103260869565216 0.2782874617737003 0.4375 0.2782874617737003 0.4442934782608695 0.27370030581039756 0.45652173913043476 0.23700305810397554 0.4741847826086956 0.21559633027522937 0.514945652173913 0.19648318042813456 0.5516304347826086 0.18883792048929665 0.5380434782608695 0.16896024464831805 0.5108695652173914 0.1536697247706422 0.48097826086956524 0.1452599388379205 0.4279891304347826 0.14067278287461774 0.37228260869565216 0.14755351681957188 0.328804347826087 0.1605504587155963 0.29891304347826086 0.18042813455657492 0.2839673913043478 0.20030581039755352 0.28260869565217395 0.23394495412844035
33 0.2527173913043478 0.34938837920489296 0.2703804347826087 0.3738532110091743 0.29483695652173914 0.38990825688073394 0.3220108695652174 0.39984709480122327 0.3845108695652174 0.382262996941896 0.42119565217391297 0.382262996941896 0.4619565217391305 0.39143730886850153 0.48777173913043476 0.3738532110091743 0.501358695652174 0.34174311926605505 0.49184782608695654 0.32033639143730885 0.4470108695652174 0.2889908256880734 0.4279891304347826 0.2821100917431193 0.39266304347826086 0.2782874617737003 0.3464673913043478 0.2805810397553517 0.30570652173913043 0.2920489296636085 0.2703804347826087 0.3119266055045872 0.2527173913043478 0.33333333333333337 0.2527173913043478 0.34938837920489296
33 0 0.4380733944954128 0.11820652173913042 0.4342507645259939 0.16168478260869565 0.422782874617737 0.19293478260869565 0.40366972477064217 0.21331521739130435 0.3799694189602446 0.21195652173913043 0.3486238532110092 0.1956521739130435 0.33103975535168195 0.1644021739130435 0.3149847094801223 0.12228260869565218 0.3058103975535168 0.05842391304347826 0.30657492354740057 0.001358695652173913 0.3188073394495413 0 0.4380733944954128
33 0.2622282608695652 0.09480122324159021 0.2758152173913043 0.12996941896024466 0.28532608695652173 0.1422018348623853 0.30842391304347827 0.154434250764526 0.3342391304347826 0.15825688073394495 0.37907608695652173 0.1452599388379205 0.43614130434782605 0.13837920489296635 0.4470108695652174 0.13073394495412843 0.46059782608695654 0.10015290519877676 0.4592391304347826 0.07033639143730887 0.4442934782608695 0.04969418960244648 0.41440217391304346 0.03363914373088685 0.3872282608695652 0.027522935779816515 0.36277173913043476 0.02599388379204893 0.3383152173913043 0.02675840978593272 0.3152173913043478 0.03134556574923547 0.28532608695652173 0.04587155963302752 0.264945652173913 0.06880733944954129 0.2622282608695652 0.09480122324159021
33 0 0.040519877675840976 0 0.15978593272171254 0.033967391304347824 0.16513761467889906 0.08423913043478261 0.16513761467889906 0.10054347826086955 0.1620795107033639 0.1331521739130435 0.14602446483180426 0.16032608695652173 0.13837920489296635 0.16576086956521738 0.13302752293577982 0.1779891304347826 0.13302752293577982 0.1888586956521739 0.11391437308868502 0.18614130434782608 0.09403669724770643 0.1779891304347826 0.08333333333333334 0.12998233695652173 0.06090749235474006 0.10190217391304349 0.04281345565749235 0.06793478260869565 0.03746177370030581 0.005434782608695652 0.039755351681957186 0 0.040519877675840976
33 0.09646739130434782 0.17889908256880732 0.10054347826086955 0.17966360856269112 0.12092391304347824 0.16819571865443425 0.13722826086956522 0.1636085626911315 0.17391304347826086 0.1613149847094801 0.1779891304347826 0.15825688073394495 0.2214673913043478 0.1628440366972477 0.25407608695652173 0.17737003058103976 0.27853260869565216 0.20489296636085624 0.2934782608695652 0.18348623853211007 0.32065217391304346 0.1613149847094801 0.2717391304347826 0.13837920489296635 0.21331521739130435 0.1345565749235474 0.16983695652173914 0.13837920489296635 0.1358695652173913 0.14678899082568808 0.10597826086956522 0.1613149847094801 0.09782608695652174 0.16972477064220184 0.09646739130434782 0.17889908256880732
33 0.28532608695652173 0.48547400611620795 0.30027173913043476 0.5152905198776758 0.3152173913043478 0.5313455657492355 0.35190217391304346 0.5275229357798165 0.4130434782608695 0.5282874617737002 0.4782608695652174 0.5420489296636085 0.5108695652173914 0.5214067278287462 0.5407608695652174 0.4870030581039755 0.5394021739130435 0.4617737003058104 0.514945652173913 0.4250764525993883 0.48369565217391297 0.4029051987767584 0.4279891304347826 0.3845565749235474 0.37635869565217395 0.3845565749235474 0.3233695652173913 0.4029051987767584 0.2921195652173913 0.4319571865443425 0.2839673913043478 0.4480122324159021 0.28532608695652173 0.48547400611620795
33 0.06929347826086957 0.5764525993883792 0.07744565217391304 0.5978593272171253 0.09918478260869565 0.6200305810397554 0.11956521739130435 0.6276758409785932 0.1576086956521739 0.6353211009174312 0.21875 0.6337920489296636 0.25 0.6246177370030581 0.2323369565217391 0.6016819571865443 0.23097826086956524 0.5818042813455657 0.25 0.558868501529052 0.2839673913043478 0.5397553516819571 0.2839673913043478 0.5305810397553516 0.2758152173913043 0.52217125382263 0.23505434782608697 0.5099388379204892 0.19701086956521738 0.5053516819571866 0.16304347826086957 0.5076452599388379 0.14266304347826086 0.5114678899082569 0.11548913043478262 0.52217125382263 0.09646739130434782 0.5328746177370031 0.07472826086956522 0.5565749235474006 0.06929347826086957 0.5764525993883792
33 0 0.6605504587155963 0 0.7301223241590213 0.021739130434782608 0.75 0.059782608695652176 0.7706422018348624 0.09782608695652174 0.7836391437308868 0.14266304347826086 0.7851681957186545 0.17119565217391303 0.7790519877675841 0.1766304347826087 0.7759938837920489 0.17255434782608697 0.7469418960244648 0.1793478260869565 0.7194189602446482 0.22010869565217392 0.6781345565749235 0.19701086956521738 0.6529051987767585 0.1644021739130435 0.6383792048929664 0.10461956521739131 0.6276758409785932 0.04891304347826087 0.6345565749235474 0.008152173913043478 0.6536697247706422 0 0.6605504587155963
33 0.7432065217391304 0.7530581039755352 0.75 0.7622324159021406 0.7894021739130435 0.7805810397553516 0.8369565217391305 0.8142201834862386 0.8845108695652174 0.8172782874617737 0.9293478260869564 0.8103975535168196 0.9633152173913043 0.7981651376146789 0.9986413043478259 0.77217125382263 0.9986413043478259 0.7056574923547401 0.9891304347826086 0.6957186544342507 0.9660326086956521 0.6850152905198776 0.9130434782608695 0.6811926605504587 0.8668478260869564 0.6712538226299694 0.8491847826086957 0.672782874617737 0.8070652173913043 0.6842507645259939 0.7771739130434783 0.6980122324159022 0.7554347826086956 0.7155963302752293 0.7445652173913043 0.7339449541284403 0.7432065217391304 0.7530581039755352
33 0.8410326086956521 0.8532110091743119 0.8369565217391305 0.8891437308868502 0.8233695652173912 0.9097859327217126 0.782608695652174 0.9457186544342507 0.8084239130434783 0.9457186544342507 0.8179347826086957 0.9480122324159022 0.8206521739130433 0.9525993883792049 0.8342391304347826 0.9548929663608563 0.861413043478261 0.9495412844036697 0.8913043478260869 0.9357798165137614 0.9320652173913043 0.9090214067278287 0.9538043478260869 0.8814984709480121 0.9605978260869564 0.8539755351681958 0.9524456521739131 0.8203363914373089 0.9429347826086957 0.8096330275229358 0.8872282608695652 0.8188073394495413 0.8410326086956521 0.8165137614678899 0.830163043478261 0.819571865443425 0.8410326086956521 0.8532110091743119
33 0.4442934782608695 0.9992354740061161 0.7472826086956521 0.9992354740061161 0.733695652173913 0.9732415902140673 0.71875 0.9602446483180428 0.6426630434782609 0.9503058103975535 0.5869565217391304 0.9319571865443426 0.5448369565217391 0.9365443425076453 0.514945652173913 0.9587155963302753 0.4578804347826087 0.9801223241590215 0.44565217391304346 0.9938837920489296 0.4442934782608695 0.9992354740061161
33 0.7228260869565217 0.45642201834862384 0.732336956521739 0.4732415902140673 0.75 0.48776758409785936 0.7839673913043478 0.5045871559633027 0.8328804347826086 0.5152905198776758 0.9008152173913043 0.5206422018348624 0.9986413043478259 0.503822629969419 0.9986413043478259 0.3432721712538226 0.9836956521739131 0.34021406727828746 0.9225543478260869 0.3379204892966361 0.8654891304347826 0.3463302752293578 0.8097826086956521 0.36009174311926606 0.779891304347826 0.37079510703363916 0.7377717391304348 0.39755351681957185 0.7241847826086956 0.41055045871559626 0.720108695652174 0.4235474006116208 0.7228260869565217 0.45642201834862384
33 0.5122282608695652 0.5603975535168195 0.546195652173913 0.5963302752293578 0.5978260869565217 0.5688073394495412 0.6508152173913043 0.5573394495412843 0.7119565217391304 0.5535168195718654 0.764945652173913 0.5558103975535168 0.7676630434782609 0.5535168195718654 0.7690217391304348 0.5267584097859327 0.763586956521739 0.5137614678899083 0.7214673913043479 0.47247706422018354 0.6779891304347826 0.4541284403669724 0.6589673913043479 0.4510703363914373 0.5978260869565217 0.4548929663608563 0.5692934782608695 0.46559633027522934 0.5502717391304348 0.47859327217125386 0.514945652173913 0.52217125382263 0.5122282608695652 0.5603975535168195
33 0.6589673913043479 0.41590214067278286 0.6739130434782609 0.4441896024464832 0.6902173913043479 0.4579510703363915 0.7269021739130435 0.4686544342507645 0.717391304347826 0.4281345565749235 0.7309782608695652 0.40214067278287463 0.7839673913043478 0.36850152905198774 0.8505434782608695 0.3486238532110092 0.9211956521739131 0.3379204892966361 0.9211956521739131 0.32874617737003053 0.8967391304347826 0.31116207951070335 0.8451086956521738 0.29434250764525993 0.8125 0.29128440366972475 0.7785326086956521 0.29510703363914376 0.7391304347826086 0.30657492354740057 0.6956521739130435 0.33333333333333337 0.6739130434782609 0.3623853211009174 0.6603260869565217 0.3906727828746177 0.6589673913043479 0.41590214067278286
33 0.5244565217391304 0.40443425076452594 0.532608695652174 0.4166666666666667 0.5597826086956521 0.4350152905198777 0.6019021739130435 0.4510703363914373 0.671195652173913 0.44648318042813456 0.657608695652174 0.41590214067278286 0.6589673913043479 0.39220183486238536 0.6657608695652174 0.3723241590214067 0.6929347826086956 0.3356269113149847 0.6915760869565217 0.3318042813455657 0.6508152173913043 0.3256880733944954 0.5910326086956521 0.33103975535168195 0.5516304347826086 0.3486238532110092 0.5366847826086956 0.35932721712538224 0.5244565217391304 0.3753822629969419 0.5244565217391304 0.40443425076452594
33 0.44565217391304346 0.2775229357798165 0.45108695652173914 0.2889908256880734 0.46059782608695654 0.29892966360856266 0.48777173913043476 0.3149847094801223 0.5176630434782609 0.32492354740061163 0.577445652173913 0.33103975535168195 0.6453804347826086 0.32186544342507645 0.6779891304347826 0.3103975535168196 0.7092391304347826 0.2882262996941896 0.7228260869565217 0.25840978593272174 0.71875 0.23776758409785934 0.7105978260869565 0.22553516819571864 0.6997282608695652 0.21559633027522937 0.671195652173913 0.20107033639143732 0.6331521739130435 0.19495412844036697 0.5543478260869565 0.191131498470948 0.5081521739130435 0.19954128440366972 0.4782608695652174 0.21330275229357798 0.46059782608695654 0.23165137614678896 0.4470108695652174 0.26146788990825687 0.44565217391304346 0.2775229357798165
33 0.6413043478260869 0.08103975535168195 0.65625 0.10244648318042812 0.6847826086956521 0.12003058103975535 0.7364130434782609 0.13226299694189603 0.7934782608695652 0.1345565749235474 0.8383152173913043 0.12538226299694188 0.8532608695652174 0.11773700305810397 0.875 0.095565749235474 0.8858695652173912 0.07110091743119265 0.8858695652173912 0.05198776758409786 0.8790760869565217 0.035932721712538224 0.8682065217391305 0.02293577981651376 0.8369565217391305 0 0.671195652173913 0 0.6480978260869565 0.02293577981651376 0.638586956521739 0.04969418960244648 0.6413043478260869 0.08103975535168195
33 0.5679347826086956 0.18883792048929665 0.5733695652173914 0.191131498470948 0.6372282608695652 0.19418960244648317 0.6793478260869565 0.20336391437308868 0.7133152173913043 0.22629969418960244 0.7255434782608695 0.2561162079510703 0.733695652173913 0.25993883792048933 0.7472826086956521 0.2576452599388379 0.782608695652174 0.24159021406727826 0.8165760869565217 0.23318042813455656 0.8383152173913043 0.20336391437308868 0.8288043478260869 0.17507645259938837 0.8043478260869564 0.154434250764526 0.7730978260869565 0.13914373088685014 0.7105978260869565 0.12844036697247707 0.669836956521739 0.12691131498470948 0.6141304347826086 0.13837920489296635 0.5855978260869565 0.1529051987767584 0.5679347826086956 0.17507645259938837 0.5679347826086956 0.18883792048929665
33 0.4646739130434782 0.1154434250764526 0.48233695652173914 0.13837920489296635 0.529891304347826 0.15902140672782875 0.5625 0.16590214067278286 0.5692934782608695 0.16590214067278286 0.5883152173913043 0.14984709480122324 0.6100543478260869 0.13914373088685014 0.6630434782608695 0.12614678899082568 0.669836956521739 0.12155963302752293 0.669836956521739 0.1162079510703364 0.6453804347826086 0.09250764525993883 0.638586956521739 0.0779816513761468 0.6358695652173914 0.05275229357798165 0.6440217391304348 0.027522935779816515 0.6372282608695652 0.023700305810397553 0.6141304347826086 0.020642201834862383 0.5665760869565217 0.02293577981651376 0.5176630434782609 0.0382262996941896 0.48233695652173914 0.06192660550458715 0.46603260869565216 0.09021406727828746 0.4646739130434782 0.1154434250764526
33 0.794836956521739 0.14678899082568808 0.8192934782608695 0.1620795107033639 0.8451086956521738 0.19954128440366972 0.8423913043478259 0.20642201834862384 0.8478260869565217 0.21330275229357798 0.8763586956521738 0.22171253822629972 0.9076086956521738 0.22324159021406728 0.9252717391304348 0.20642201834862384 0.9456521739130433 0.19418960244648317 0.9904891304347826 0.17889908256880732 0.9673913043478259 0.15749235474006115 0.951086956521739 0.12996941896024466 0.9565217391304348 0.09480122324159021 0.9211956521739131 0.09327217125382263 0.875 0.09938837920489296 0.84375 0.12461773700305809 0.7975543478260869 0.13761467889908258 0.794836956521739 0.14678899082568808
33 0.7228260869565217 0.3119266055045872 0.7771739130434783 0.29434250764525993 0.8097826086956521 0.29128440366972475 0.8736413043478259 0.3012232415902141 0.892663043478261 0.30810397553516816 0.9225543478260869 0.3264525993883792 0.9429347826086957 0.3012232415902141 0.9442934782608695 0.2844036697247706 0.9279891304347826 0.25840978593272174 0.8994565217391305 0.24159021406727826 0.8790760869565217 0.23623853211009177 0.8342391304347826 0.23318042813455656 0.7989130434782609 0.2385321100917431 0.7717391304347826 0.2484709480122324 0.7391304347826086 0.27140672782874614 0.7228260869565217 0.29281345565749234 0.7228260869565217 0.3119266055045872
33 0.9048913043478259 0.24311926605504586 0.9307065217391305 0.25993883792048933 0.9456521739130433 0.28287461773700306 0.951086956521739 0.2844036697247706 0.9565217391304348 0.26758409785932724 0.9728260869565217 0.24541284403669725 0.9904891304347826 0.23165137614678896 0.9986413043478259 0.2301223241590214 0.9986413043478259 0.18042813455657492 0.9701086956521738 0.18577981651376146 0.9415760869565217 0.19724770642201833 0.919836956521739 0.21253822629969416 0.9048913043478259 0.2324159021406728 0.9048913043478259 0.24311926605504586
33 0.9538043478260869 0.2974006116207951 0.9660326086956521 0.32339449541284404 0.9986413043478259 0.3394495412844037 0.9986413043478259 0.2301223241590214 0.9701086956521738 0.25 0.955163043478261 0.27522935779816515 0.9538043478260869 0.2974006116207951
33 0.857336956521739 0 0.8600543478260869 0.013761467889908258 0.8817934782608695 0.034403669724770644 0.8899456521739131 0.0672782874617737 0.9035326086956521 0.07874617737003058 0.9279891304347826 0.08944954128440366 0.9646739130434783 0.09097859327217125 0.9986413043478259 0.06880733944954129 0.9986413043478259 0 0.857336956521739 0
33 0.45652173913043476 0.017584097859327217 0.44021739130434784 0.023700305810397553 0.42391304347826086 0.025229357798165136 0.42391304347826086 0.03287461773700306 0.45244565217391297 0.05581039755351682 0.46603260869565216 0.07492354740061162 0.4904891304347826 0.05351681957186544 0.5190217391304348 0.03669724770642202 0.5597826086956521 0.02293577981651376 0.595108695652174 0.01834862385321101 0.5788043478260869 0 0.48097826086956524 0 0.45652173913043476 0.017584097859327217