6 0.353125 0.7484375 0.3546875 0.7515625 0.3671875 0.759375 0.3734375 0.76875 0.3734375 0.7734375 0.378125 0.778125 0.378125 0.784375 0.371875 0.7921875 0.35625 0.7984375 0.34375 0.7953125 0.321875 0.7703125 0.3234375 0.75625 0.3265625 0.753125 0.334375 0.7484375 0.3515625 0.7484375
6 0.7640625 0.73125 0.7703125 0.7359375 0.7703125 0.7390625 0.778125 0.75 0.7765625 0.7640625 0.7703125 0.76875 0.7703125 0.771875 0.765625 0.7765625 0.759375 0.7796875 0.7375 0.7828125 0.728125 0.7828125 0.721875 0.7796875 0.71875 0.7765625 0.71875 0.7703125 0.7296875 0.7546875 0.740625 0.7453125 0.740625 0.7421875 0.74375 0.740625 0.7515625 0.728125 0.759375 0.728125 0.7625 0.73125
6 0.4703125 0.5828125 0.478125 0.5859375 0.484375 0.5984375 0.478125 0.625 0.46875 0.625 0.45 0.6203125 0.4453125 0.6125 0.4484375 0.5984375 0.45625 0.5875 0.459375 0.584375 0.46875 0.5828125
6 0.41875 0.8578125 0.44375 0.865625 0.4515625 0.8640625 0.45625 0.865625 0.4546875 0.875 0.4515625 0.8796875 0.4515625 0.8875 0.4453125 0.89375 0.43125 0.896875 0.415625 0.896875 0.396875 0.8921875 0.3875 0.8859375 0.3828125 0.8765625 0.3828125 0.871875 0.3890625 0.8625 0.4109375 0.85625 0.4171875 0.8578125
6 0.4578125 0.5296875 0.4671875 0.5375 0.4671875 0.5515625 0.4640625 0.5578125 0.453125 0.5671875 0.4375 0.565625 0.43125 0.5515625 0.43125 0.546875 0.4375 0.534375 0.4453125 0.5296875 0.45625 0.5296875
6 0.703125 0.5484375 0.7046875 0.5515625 0.7171875 0.5578125 0.721875 0.56875 0.7203125 0.58125 0.7078125 0.5875 0.6671875 0.584375 0.659375 0.5765625 0.665625 0.5640625 0.6671875 0.5546875 0.675 0.5453125 0.6796875 0.5421875 0.696875 0.5421875 0.7015625 0.5484375
6 0.5296875 0.8046875 0.5578125 0.815625 0.5609375 0.8203125 0.5625 0.83125 0.5578125 0.8421875 0.5515625 0.8453125 0.54375 0.8484375 0.53125 0.8484375 0.5203125 0.8515625 0.5015625 0.8484375 0.4921875 0.84375 0.4828125 0.83125 0.4828125 0.825 0.4859375 0.81875 0.4984375 0.809375 0.528125 0.8046875
6 0.6296875 0.7015625 0.6484375 0.7 0.653125 0.7015625 0.659375 0.7109375 0.659375 0.721875 0.6515625 0.73125 0.646875 0.73125 0.63125 0.740625 0.6109375 0.740625 0.60625 0.7375 0.6046875 0.73125 0.609375 0.7234375 0.615625 0.71875 0.615625 0.715625 0.621875 0.7140625 0.6296875 0.703125
6 0.321875 0.78125 0.33125 0.790625 0.3421875 0.815625 0.3421875 0.8265625 0.3359375 0.8359375 0.321875 0.8359375 0.31875 0.8328125 0.3140625 0.8328125 0.3046875 0.828125 0.284375 0.803125 0.2859375 0.79375 0.296875 0.784375 0.303125 0.784375 0.309375 0.78125 0.3203125 0.78125
6 0.6359375 0.5375 0.64375 0.5390625 0.6546875 0.546875 0.6578125 0.5609375 0.653125 0.5734375 0.6265625 0.565625 0.609375 0.553125 0.6125 0.5453125 0.6203125 0.5390625 0.634375 0.5375
6 0.6359375 0.778125 0.640625 0.7765625 0.6671875 0.778125 0.6765625 0.7828125 0.6828125 0.79375 0.6796875 0.8046875 0.6734375 0.8078125 0.6640625 0.8078125 0.6484375 0.8125 0.61875 0.8109375 0.6109375 0.8015625 0.6125 0.796875 0.6203125 0.7875 0.6359375 0.7796875
6 0.6265625 0.83125 0.634375 0.8375 0.634375 0.8421875 0.640625 0.846875 0.6421875 0.8609375 0.6328125 0.8703125 0.6234375 0.875 0.6140625 0.8765625 0.59375 0.8765625 0.575 0.8703125 0.5640625 0.8578125 0.5640625 0.8421875 0.5671875 0.8375 0.5828125 0.83125 0.6046875 0.828125 0.615625 0.83125 0.625 0.83125
6 0.41875 0.559375 0.4265625 0.5640625 0.4265625 0.584375 0.415625 0.5984375 0.3828125 0.596875 0.36875 0.5828125 0.36875 0.578125 0.378125 0.5671875 0.384375 0.5640625 0.4140625 0.5578125 0.4171875 0.559375
6 0.565625 0.465625 0.56875 0.46875 0.5765625 0.46875 0.5890625 0.475 0.6 0.4875 0.6046875 0.496875 0.6265625 0.4984375 0.6390625 0.509375 0.6546875 0.5109375 0.65625 0.5140625 0.6671875 0.5171875 0.6796875 0.540625 0.69375 0.5390625 0.6984375 0.5421875 0.703125 0.540625 0.7125 0.5421875 0.7234375 0.5484375 0.728125 0.5546875 0.7359375 0.5546875 0.7390625 0.5578125 0.7390625 0.5703125 0.7421875 0.5734375 0.7515625 0.575 0.746875 0.5765625 0.746875 0.58125 0.74375 0.584375 0.746875 0.59375 0.76875 0.5984375 0.7765625 0.60625 0.78125 0.6078125 0.81875 0.6140625 0.821875 0.61875 0.821875 0.6234375 0.8296875 0.628125 0.834375 0.6359375 0.8375 0.646875 0.834375 0.653125 0.8453125 0.6546875 0.859375 0.6609375 0.8828125 0.7015625 0.8828125 0.70625 0.8734375 0.721875 0.865625 0.7265625 0.8734375 0.734375 0.8796875 0.7453125 0.8765625 0.7515625 0.878125 0.7609375 0.8734375 0.7703125 0.8640625 0.7796875 0.853125 0.7828125 0.85 0.7859375 0.83125 0.7859375 0.8125 0.803125 0.8109375 0.8078125 0.803125 0.8109375 0.8015625 0.8140625 0.7765625 0.8203125 0.765625 0.8328125 0.7546875 0.8390625 0.746875 0.8390625 0.7421875 0.8421875 0.721875 0.8421875 0.7171875 0.8484375 0.7125 0.8484375 0.7015625 0.8546875 0.69375 0.8640625 0.6734375 0.8765625 0.653125 0.8796875 0.646875 0.8828125 0.6125 0.8828125 0.6109375 0.884375 0.5984375 0.884375 0.5828125 0.8796875 0.5734375 0.8796875 0.5625 0.8734375 0.55625 0.8765625 0.5453125 0.8671875 0.5515625 0.8640625 0.5453125 0.8546875 0.553125 0.853125 0.55 0.85 0.54375 0.8515625 0.540625 0.85 0.5375 0.853125 0.540625 0.8578125 0.5390625 0.8703125 0.534375 0.8734375 0.515625 0.875 0.5078125 0.8703125 0.503125 0.8703125 0.4890625 0.884375 0.4796875 0.8890625 0.46875 0.8921875 0.4578125 0.890625 0.4390625 0.8953125 0.409375 0.8953125 0.3890625 0.8859375 0.38125 0.871875 0.3734375 0.8671875 0.3640625 0.8671875 0.3546875 0.8640625 0.334375 0.8640625 0.3265625 0.8609375 0.321875 0.8546875 0.3234375 0.8375 0.31875 0.8328125 0.3046875 0.8265625 0.278125 0.79375 0.2734375 0.7921875 0.25625 0.7765625 0.2484375 0.7734375 0.2359375 0.7609375 0.2296875 0.7578125 0.2234375 0.75 0.21875 0.7390625 0.209375 0.7375 0.20625 0.734375 0.2046875 0.725 0.2015625 0.7234375 0.2015625 0.7125 0.1984375 0.709375 0.2046875 0.7046875 0.2 0.696875 0.196875 0.6984375 0.196875 0.70625 0.1921875 0.696875 0.1828125 0.7015625 0.1796875 0.7 0.1703125 0.7015625 0.1703125 0.7078125 0.1765625 0.7125 0.1734375 0.7171875 0.175 0.721875 0.1828125 0.7234375 0.18125 0.7296875 0.175 0.7296875 0.165625 0.7234375 0.1671875 0.7046875 0.1625 0.7 0.1703125 0.6890625 0.1828125 0.6828125 0.1828125 0.678125 0.1953125 0.6828125 0.1984375 0.6796875 0.196875 0.671875 0.1890625 0.671875 0.1921875 0.665625 0.190625 0.6609375 0.1953125 0.6609375 0.196875 0.6578125 0.196875 0.6625 0.19375 0.665625 0.196875 0.671875 0.20625 0.66875 0.209375 0.6625 0.2171875 0.6578125 0.215625 0.6515625 0.21875 0.65 0.21875 0.6453125 0.209375 0.634375 0.209375 0.6265625 0.2125 0.6234375 0.2109375 0.6140625 0.21875 0.6140625 0.2234375 0.609375 0.228125 0.6109375 0.228125 0.6203125 0.23125 0.6234375 0.228125 0.6265625 0.228125 0.6375 0.23125 0.6453125 0.23125 0.65 0.228125 0.6546875 0.2296875 0.6578125 0.259375 0.6515625 0.2609375 0.65 0.259375 0.6484375 0.240625 0.65 0.2375 0.6484375 0.2375 0.64375 0.2390625 0.6421875 0.2421875 0.6453125 0.2453125 0.6421875 0.2515625 0.6421875 0.2546875 0.6453125 0.259375 0.6421875 0.2640625 0.64375 0.271875 0.6421875 0.275 0.6328125 0.2703125 0.625 0.2640625 0.625 0.2625 0.61875 0.265625 0.6171875 0.271875 0.6265625 0.275 0.615625 0.284375 0.6015625 0.2734375 0.5984375 0.2546875 0.6 0.253125 0.5984375 0.2546875 0.5953125 0.259375 0.5953125 0.2609375 0.5890625 0.2703125 0.590625 0.275 0.5875 0.278125 0.5890625 0.2828125 0.5984375 0.2921875 0.590625 0.309375 0.5921875 0.315625 0.5859375 0.321875 0.5734375 0.3296875 0.5703125 0.340625 0.5703125 0.3453125 0.565625 0.3453125 0.5609375 0.3546875 0.55 0.359375 0.5484375 0.3734375 0.534375 0.375 0.5265625 0.3796875 0.5265625 0.3859375 0.5203125 0.3859375 0.5171875 0.396875 0.5078125 0.4078125 0.5078125 0.4109375 0.5109375 0.4140625 0.50625 0.421875 0.5046875 0.4296875 0.50625 0.4453125 0.5 0.4578125 0.5 0.4703125 0.49375 0.4796875 0.4921875 0.4890625 0.49375 0.490625 0.4796875 0.496875 0.478125 0.5015625 0.471875 0.503125 0.4734375 0.5078125 0.4734375 0.5125 0.4703125 0.515625 0.471875 0.5203125 0.4640625 0.528125 0.4625 0.53125 0.459375 0.5515625 0.459375 0.5640625 0.465625
6 0.775 0.665625 0.7828125 0.6703125 0.7859375 0.6796875 0.7796875 0.690625 0.7609375 0.7 0.7546875 0.7 0.753125 0.6890625 0.7421875 0.678125 0.7421875 0.675 0.7546875 0.6640625 0.771875 0.6640625 0.7734375 0.665625
6 0.5796875 0.6765625 0.5859375 0.6828125 0.5921875 0.684375 0.596875 0.7015625 0.596875 0.7171875 0.5890625 0.7265625 0.571875 0.7265625 0.5625 0.7234375 0.55625 0.71875 0.55 0.70625 0.55 0.6953125 0.553125 0.690625 0.5546875 0.68125 0.5671875 0.6734375 0.575 0.6734375 0.578125 0.6765625
6 0.325 0.6421875 0.3328125 0.6453125 0.33125 0.6625 0.3234375 0.665625 0.3078125 0.684375 0.296875 0.690625 0.28125 0.6890625 0.2796875 0.6859375 0.28125 0.6671875 0.296875 0.6484375 0.3125 0.6421875 0.3234375 0.6421875
6 0.4875 0.7609375 0.4953125 0.76875 0.4890625 0.7859375 0.4828125 0.7921875 0.4703125 0.7953125 0.465625 0.8015625 0.44375 0.8015625 0.4375 0.7984375 0.43125 0.7921875 0.4296875 0.7828125 0.4390625 0.771875 0.4546875 0.7625 0.4671875 0.759375 0.484375 0.759375 0.4859375 0.7609375
6 0.8109375 0.7453125 0.815625 0.7484375 0.8203125 0.75625 0.8203125 0.7703125 0.8109375 0.7875 0.8109375 0.7921875 0.7828125 0.80625 0.76875 0.7828125 0.76875 0.7765625 0.775 0.765625 0.78125 0.7609375 0.78125 0.753125 0.7859375 0.7484375 0.8015625 0.7421875 0.809375 0.7453125
6 0.459375 0.8609375 0.471875 0.859375 0.4890625 0.865625 0.4890625 0.8703125 0.49375 0.875 0.49375 0.8796875 0.4890625 0.8859375 0.4734375 0.8921875 0.4578125 0.8921875 0.453125 0.8875 0.453125 0.878125 0.459375 0.8625
6 0.6609375 0.7234375 0.6734375 0.7234375 0.678125 0.7265625 0.6875 0.7265625 0.6921875 0.7296875 0.696875 0.7296875 0.6984375 0.7328125 0.7015625 0.7328125 0.7046875 0.7390625 0.7046875 0.7453125 0.7015625 0.7515625 0.690625 0.7609375 0.6796875 0.7640625 0.6609375 0.7640625 0.6546875 0.7609375 0.646875 0.7609375 0.6375 0.75625 0.6296875 0.7453125 0.63125 0.7421875 0.6453125 0.7328125 0.6609375 0.725
6 0.3984375 0.690625 0.4078125 0.6953125 0.4125 0.6953125 0.4234375 0.7046875 0.425 0.709375 0.415625 0.721875 0.409375 0.721875 0.4046875 0.71875 0.3890625 0.715625 0.375 0.7078125 0.375 0.6984375 0.378125 0.6953125 0.3828125 0.6921875 0.396875 0.690625
6 0.5890625 0.5984375 0.590625 0.6 0.590625 0.625 0.5828125 0.63125 0.575 0.6328125 0.5671875 0.6328125 0.55625 0.628125 0.55 0.621875 0.55 0.6140625 0.5546875 0.6046875 0.5640625 0.5984375 0.5875 0.5984375
6 0.6484375 0.5109375 0.6640625 0.5171875 0.6765625 0.5359375 0.6765625 0.54375 0.665625 0.55 0.6578125 0.55 0.646875 0.540625 0.6359375 0.5375 0.6296875 0.528125 0.63125 0.5140625 0.6359375 0.5109375 0.646875 0.5109375
6 0.6671875 0.6640625 0.675 0.6609375 0.6859375 0.6609375 0.6890625 0.6640625 0.6953125 0.6640625 0.7015625 0.6703125 0.70625 0.6703125 0.7125 0.6765625 0.725 0.6828125 0.7359375 0.696875 0.7359375 0.703125 0.7265625 0.7140625 0.7140625 0.71875 0.69375 0.71875 0.6828125 0.7125 0.6703125 0.6984375 0.6671875 0.6875 0.6609375 0.678125 0.6609375 0.6734375 0.6640625 0.6671875 0.6671875 0.665625
6 0.684375 0.8078125 0.6921875 0.815625 0.69375 0.8203125 0.69375 0.8390625 0.6953125 0.840625 0.69375 0.85625 0.6859375 0.8671875 0.678125 0.8703125 0.6765625 0.8734375 0.665625 0.8765625 0.65625 0.875 0.646875 0.865625 0.6453125 0.8484375 0.6390625 0.8421875 0.6390625 0.834375 0.65 0.815625 0.65625 0.8125 0.6625 0.8125 0.665625 0.809375 0.6828125 0.8078125
6 0.4359375 0.7078125 0.4390625 0.7109375 0.4453125 0.7109375 0.4671875 0.71875 0.478125 0.7265625 0.4859375 0.7375 0.4859375 0.7484375 0.484375 0.7515625 0.475 0.75625 0.4609375 0.7546875 0.4578125 0.7515625 0.45 0.75 0.43125 0.7375 0.4203125 0.7265625 0.41875 0.7234375 0.4203125 0.715625 0.4296875 0.7078125 0.434375 0.7078125
6 0.378125 0.5921875 0.3875 0.5984375 0.3875 0.60625 0.38125 0.6125 0.365625 0.61875 0.34375 0.61875 0.3359375 0.609375 0.3375 0.5984375 0.3453125 0.5890625 0.3578125 0.584375 0.3703125 0.5859375 0.3765625 0.5921875
6 0.4671875 0.6453125 0.475 0.6484375 0.478125 0.653125 0.4796875 0.665625 0.4859375 0.675 0.478125 0.690625 0.4734375 0.69375 0.459375 0.696875 0.4546875 0.696875 0.4421875 0.690625 0.43125 0.66875 0.43125 0.653125 0.4375 0.646875 0.446875 0.64375 0.465625 0.6453125
6 0.29375 0.6921875 0.303125 0.6953125 0.3078125 0.7 0.309375 0.70625 0.29375 0.709375 0.2828125 0.715625 0.2734375 0.7265625 0.2671875 0.740625 0.2625 0.7453125 0.25 0.74375 0.2421875 0.7375 0.240625 0.734375 0.2421875 0.7203125 0.2515625 0.709375 0.2625 0.7015625 0.2671875 0.7015625 0.275 0.6953125 0.2796875 0.6953125 0.284375 0.6921875 0.2921875 0.6921875
6 0.584375 0.778125 0.60625 0.765625 0.6171875 0.7625 0.625 0.7625 0.63125 0.765625 0.6359375 0.775 0.6328125 0.7828125 0.628125 0.7828125 0.6140625 0.7921875 0.609375 0.8015625 0.5953125 0.8140625 0.590625 0.821875 0.578125 0.8203125 0.56875 0.8109375 0.5734375 0.790625 0.584375 0.7796875
6 0.4375 0.81875 0.4734375 0.825 0.478125 0.828125 0.48125 0.834375 0.478125 0.8421875 0.4734375 0.846875 0.465625 0.8515625 0.45 0.8546875 0.421875 0.8515625 0.41875 0.853125 0.4078125 0.85 0.396875 0.84375 0.3953125 0.8390625 0.396875 0.8296875 0.40625 0.821875 0.415625 0.81875 0.4359375 0.81875
6 0.8671875 0.7265625 0.88125 0.740625 0.8796875 0.7609375 0.871875 0.7765625 0.865625 0.7796875 0.8640625 0.7828125 0.8453125 0.7890625 0.8359375 0.7875 0.8234375 0.775 0.821875 0.7453125 0.825 0.740625 0.84375 0.7296875 0.8515625 0.7265625 0.865625 0.7265625
6 0.2125 0.7125 0.1984375 0.6828125 0.1984375 0.678125 0.2046875 0.6703125 0.2265625 0.671875 0.234375 0.690625 0.2453125 0.703125 0.2453125 0.709375 0.2390625 0.715625 0.23125 0.71875 0.2203125 0.71875 0.2140625 0.7125
6 0.5359375 0.696875 0.540625 0.7 0.5453125 0.7109375 0.540625 0.71875 0.525 0.71875 0.51875 0.721875 0.4859375 0.721875 0.484375 0.7234375 0.459375 0.7125 0.4625 0.7078125 0.478125 0.7046875 0.48125 0.7015625 0.4890625 0.7015625 0.49375 0.6984375 0.50625 0.6984375 0.5125 0.6953125 0.5328125 0.6953125 0.534375 0.696875
6 0.41875 0.61875 0.4265625 0.6203125 0.4296875 0.6265625 0.4265625 0.6546875 0.415625 0.665625 0.4015625 0.671875 0.39375 0.671875 0.38125 0.665625 0.3796875 0.6484375 0.3875 0.6359375 0.3953125 0.6328125 0.409375 0.6203125 0.4171875 0.61875
6 0.4984375 0.6328125 0.503125 0.6359375 0.5078125 0.6359375 0.5125 0.640625 0.5125 0.6484375 0.509375 0.6578125 0.5046875 0.6625 0.4921875 0.6671875 0.4828125 0.665625 0.4796875 0.659375 0.478125 0.6453125 0.4828125 0.6359375 0.4890625 0.6328125 0.496875 0.6328125
6 0.303125 0.6171875 0.30625 0.615625 0.321875 0.6171875 0.3296875 0.6296875 0.328125 0.6375 0.325 0.640625 0.30625 0.64375 0.296875 0.65 0.2921875 0.65 0.2859375 0.6453125 0.2859375 0.6296875 0.2921875 0.6234375 0.296875 0.6234375 0.303125 0.61875
6 0.540625 0.565625 0.5515625 0.5703125 0.553125 0.5765625 0.540625 0.596875 0.53125 0.6 0.5296875 0.603125 0.5234375 0.6 0.490625 0.603125 0.4859375 0.596875 0.4859375 0.5875 0.4953125 0.578125 0.515625 0.5765625 0.5296875 0.5703125 0.53125 0.5671875 0.5390625 0.565625
6 0.759375 0.7828125 0.7703125 0.7875 0.7734375 0.79375 0.775 0.8203125 0.7671875 0.8328125 0.7484375 0.8421875 0.728125 0.8421875 0.715625 0.8359375 0.709375 0.8296875 0.709375 0.825 0.70625 0.8203125 0.70625 0.8109375 0.709375 0.803125 0.71875 0.79375 0.728125 0.790625 0.7296875 0.7875 0.74375 0.7828125 0.7578125 0.7828125
6 0.5984375 0.7328125 0.603125 0.7390625 0.6015625 0.7515625 0.571875 0.7765625 0.5546875 0.7828125 0.540625 0.7796875 0.534375 0.771875 0.5390625 0.765625 0.55 0.7578125 0.5625 0.7328125 0.5671875 0.7296875 0.59375 0.7296875 0.596875 0.7328125
6 0.4109375 0.734375 0.4390625 0.7453125 0.4453125 0.753125 0.4453125 0.7625 0.434375 0.7734375 0.4234375 0.7796875 0.4140625 0.7796875 0.4078125 0.7828125 0.39375 0.784375 0.384375 0.7828125 0.378125 0.778125 0.371875 0.7640625 0.371875 0.753125 0.378125 0.7421875 0.390625 0.7390625 0.4 0.7328125 0.409375 0.734375
6 0.2421875 0.7359375 0.246875 0.7421875 0.2515625 0.7453125 0.2578125 0.7453125 0.2625 0.75 0.2625 0.759375 0.259375 0.765625 0.25625 0.7671875 0.240625 0.7671875 0.2328125 0.7609375 0.2296875 0.7609375 0.2234375 0.753125 0.2203125 0.7421875 0.228125 0.7296875 0.23125 0.7265625 0.2390625 0.7265625 0.240625 0.7359375
6 0.346875 0.6625 0.371875 0.665625 0.3765625 0.6734375 0.38125 0.6890625 0.371875 0.7046875 0.353125 0.70625 0.346875 0.709375 0.334375 0.70625 0.3234375 0.696875 0.315625 0.6828125 0.315625 0.678125 0.3234375 0.6671875 0.334375 0.6625 0.3375 0.6640625 0.3453125 0.6625
6 0.1625 0.6921875 0.175 0.6828125 0.1953125 0.6828125 0.2046875 0.6953125 0.2078125 0.70625 0.2171875 0.721875 0.2171875 0.734375 0.2078125 0.740625 0.1921875 0.740625 0.1828125 0.7375 0.1671875 0.728125 0.1640625 0.721875 0.1578125 0.70625 0.159375 0.696875 0.1625 0.69375
6 0.659375 0.615625 0.665625 0.6234375 0.665625 0.64375 0.6578125 0.646875 0.6515625 0.653125 0.646875 0.653125 0.64375 0.6453125 0.6296875 0.634375 0.628125 0.6265625 0.6359375 0.61875 0.6453125 0.6140625 0.6578125 0.615625
6 0.5625 0.6390625 0.56875 0.6421875 0.575 0.65 0.575 0.6625 0.56875 0.671875 0.5546875 0.675 0.5453125 0.6796875 0.5328125 0.6796875 0.515625 0.66875 0.5140625 0.6453125 0.521875 0.6390625 0.55 0.6390625 0.5515625 0.6375 0.5609375 0.6390625
6 0.8015625 0.7125 0.80625 0.7140625 0.8140625 0.7234375 0.8140625 0.7328125 0.8109375 0.740625 0.796875 0.740625 0.7859375 0.7453125 0.778125 0.74375 0.771875 0.7375 0.771875 0.725 0.7796875 0.7171875 0.7921875 0.7125 0.8 0.7125
6 0.75 0.596875 0.759375 0.5984375 0.7671875 0.6078125 0.7671875 0.6171875 0.75625 0.625 0.75 0.625 0.728125 0.603125 0.7328125 0.5984375 0.7484375 0.596875
6 0.521875 0.6015625 0.5296875 0.6046875 0.5375 0.6171875 0.5375 0.6234375 0.5234375 0.634375 0.5046875 0.634375 0.4890625 0.628125 0.4828125 0.621875 0.4828125 0.6125 0.490625 0.6046875 0.50625 0.6015625 0.5203125 0.6015625
6 0.23125 0.6578125 0.2390625 0.6546875 0.265625 0.6546875 0.278125 0.665625 0.278125 0.684375 0.2796875 0.6859375 0.2796875 0.6890625 0.265625 0.7 0.259375 0.7015625 0.2453125 0.7 0.2359375 0.690625 0.2296875 0.678125 0.2296875 0.6609375 0.23125 0.659375
6 0.6265625 0.6359375 0.6421875 0.64375 0.6453125 0.65 0.6453125 0.65625 0.640625 0.665625 0.634375 0.6703125 0.634375 0.675 0.625 0.684375 0.615625 0.6828125 0.6078125 0.678125 0.5953125 0.6765625 0.5921875 0.66875 0.59375 0.6546875 0.596875 0.6484375 0.6078125 0.6390625 0.625 0.6359375
6 0.6953125 0.603125 0.696875 0.6046875 0.7234375 0.6046875 0.7359375 0.6109375 0.7484375 0.6234375 0.7484375 0.634375 0.74375 0.64375 0.7296875 0.64375 0.7203125 0.634375 0.709375 0.634375 0.6984375 0.640625 0.6921875 0.634375 0.6875 0.634375 0.6859375 0.63125 0.675 0.6265625 0.671875 0.6234375 0.671875 0.61875 0.678125 0.609375 0.684375 0.6046875 0.69375 0.603125
6 0.3125 0.7078125 0.321875 0.7125 0.328125 0.7203125 0.328125 0.73125 0.321875 0.7359375 0.321875 0.75 0.3171875 0.7640625 0.3109375 0.7703125 0.3 0.775 0.2828125 0.7734375 0.2734375 0.7671875 0.265625 0.759375 0.265625 0.7453125 0.26875 0.7359375 0.271875 0.734375 0.271875 0.7296875 0.2828125 0.7171875 0.290625 0.7140625 0.2921875 0.7109375 0.3109375 0.7078125
6 0.5328125 0.7203125 0.55625 0.7265625 0.5609375 0.73125 0.559375 0.740625 0.5546875 0.7484375 0.5375 0.7640625 0.5328125 0.7640625 0.5140625 0.7734375 0.503125 0.7703125 0.496875 0.759375 0.490625 0.7546875 0.490625 0.7390625 0.5078125 0.7265625 0.53125 0.7203125
6 0.765625 0.6265625 0.7796875 0.6328125 0.790625 0.6421875 0.790625 0.646875 0.796875 0.659375 0.79375 0.665625 0.7890625 0.66875 0.7828125 0.66875 0.7796875 0.665625 0.7640625 0.6625 0.7609375 0.659375 0.7578125 0.646875 0.7546875 0.64375 0.7546875 0.6296875 0.759375 0.6265625 0.7640625 0.6265625
6 0.3734375 0.83125 0.384375 0.834375 0.390625 0.8390625 0.3921875 0.84375 0.3921875 0.8484375 0.384375 0.8640625 0.378125 0.86875 0.35625 0.8671875 0.3484375 0.8640625 0.3296875 0.8640625 0.3234375 0.8609375 0.3203125 0.8546875 0.3203125 0.846875 0.3234375 0.840625 0.3265625 0.8390625 0.3421875 0.8375 0.3515625 0.83125 0.371875 0.83125
35 0 0.5594989561586639 0 0.6137787056367432 0.07880434782608695 0.6085594989561587 0.10597826086956522 0.6200417536534447 0.10869565217391304 0.6294363256784969 0.11277173913043478 0.6231732776617954 0.1793478260869565 0.6075156576200418 0.22826086956521738 0.6012526096033403 0.24592391304347827 0.5866388308977035 0.2703804347826087 0.5762004175365345 0.2934782608695652 0.5782881002087683 0.31385869565217395 0.5678496868475992 0.33152173913043476 0.5668058455114823 0.3491847826086957 0.5396659707724425 0.358695652173913 0.5365344467640918 0.3804347826086957 0.5083507306889353 0.42119565217391297 0.4926931106471816 0.4320652173913043 0.4968684759916493 0.47146739130434784 0.48434237995824636 0.49184782608695654 0.46450939457202506 0.5203804347826086 0.454070981210856 0.532608695652174 0.4551148225469729 0.561141304347826 0.44363256784968685 0.5842391304347826 0.3935281837160752 0.6019021739130435 0.29749478079331937 0.5964673913043479 0.2807933194154488 0.5652173913043479 0.23799582463465555 0.5081521739130435 0.16910229645093947 0.4850543478260869 0.14926931106471816 0.4578804347826087 0.1336116910229645 0.42934782608695654 0.1304801670146138 0.40489130434782605 0.13987473903966596 0.3546195652173913 0.174321503131524 0.34103260869565216 0.19206680584551147 0.28804347826086957 0.24008350730688935 0.1983695652173913 0.31002087682672236 0.12092391304347824 0.3810020876826722 0.0733695652173913 0.4321503131524008 0.00951086956521739 0.5386221294363256 0 0.5594989561586639
2 0.7472826086956521 0.5375782881002087 0.7364130434782609 0.5469728601252609 0.7540760869565217 0.5594989561586639 0.764945652173913 0.581419624217119 0.7785326086956521 0.5939457202505218 0.794836956521739 0.5887265135699373 0.9103260869565217 0.524008350730689 0.9904891304347826 0.4749478079331942 0.9986413043478259 0.46450939457202506 0.9986413043478259 0.4331941544885177 0.9673913043478259 0.42275574112734865 0.9252717391304348 0.4154488517745302 0.8831521739130433 0.42066805845511485 0.8369565217391305 0.44050104384133615 0.8002717391304348 0.47077244258872647 0.7894021739130435 0.4989561586638831 0.7540760869565217 0.5229645093945721 0.7472826086956521 0.5375782881002087
2 0.702445652173913 0.49060542797494777 0.6956521739130435 0.4979123173277662 0.7065217391304348 0.5083507306889353 0.701086956521739 0.5271398747390397 0.7092391304347826 0.5354906054279749 0.7391304347826086 0.545929018789144 0.7418478260869565 0.534446764091858 0.7622282608695652 0.5093945720250522 0.7676630434782609 0.48643006263048016 0.7934782608695652 0.4780793319415449 0.8097826086956521 0.4572025052192067 0.8519021739130433 0.42797494780793316 0.892663043478261 0.4144050104384133 0.919836956521739 0.4102296450939457 0.9402173913043479 0.4112734864300626 0.955163043478261 0.41858037578288104 0.9904891304347826 0.42379958246346555 0.9986413043478259 0.42171189979123175 0.9986413043478259 0.40187891440501045 0.9673913043478259 0.37265135699373697 0.9429347826086957 0.36221294363256784 0.923913043478261 0.3580375782881002 0.8586956521739131 0.36325678496868474 0.8152173913043479 0.3757828810020877 0.7676630434782609 0.40187891440501045 0.6956521739130435 0.4739039665970773 0.702445652173913 0.49060542797494777
2 0.6209239130434783 0.42588726513569936 0.6331521739130435 0.4290187891440501 0.639945652173913 0.44258872651356995 0.654891304347826 0.44572025052192066 0.6603260869565217 0.46242171189979125 0.6508152173913043 0.46868475991649267 0.638586956521739 0.46555323590814196 0.626358695652174 0.47181628392484337 0.6168478260869565 0.4822546972860125 0.6182065217391304 0.4916492693110647 0.6426630434782609 0.48434237995824636 0.6684782608695652 0.4958246346555324 0.6956521739130435 0.4728601252609603 0.6942934782608695 0.46659707724425886 0.7092391304347826 0.4582463465553236 0.763586956521739 0.40501043841336115 0.7934782608695652 0.38517745302713985 0.857336956521739 0.36325678496868474 0.9048913043478259 0.3569937369519833 0.9415760869565217 0.3590814196242171 0.9307065217391305 0.3475991649269311 0.892663043478261 0.33194154488517746 0.8247282608695652 0.31941544885177453 0.7758152173913043 0.32045929018789143 0.7771739130434783 0.3267223382045929 0.7676630434782609 0.33194154488517746 0.7608695652173914 0.32150313152400833 0.7459239130434783 0.31315240083507306 0.733695652173913 0.3162839248434238 0.6915760869565217 0.34133611691022964 0.688858695652174 0.35386221294363257 0.6195652173913043 0.42171189979123175 0.6209239130434783 0.42588726513569936