6 0.6890625 0.2984375 0.6890625 0.3046875 0.6859375 0.309375 0.6828125 0.309375 0.675 0.315625 0.665625 0.3171875 0.65625 0.3171875 0.653125 0.3140625 0.6515625 0.309375 0.65625 0.3015625 0.66875 0.296875 0.6859375 0.296875 0.6875 0.2984375
6 0.809375 0.4703125 0.8140625 0.4734375 0.8140625 0.4796875 0.790625 0.4875 0.78125 0.484375 0.78125 0.475 0.790625 0.4703125 0.8078125 0.4703125
6 0.8390625 0.4390625 0.846875 0.434375 0.8640625 0.434375 0.884375 0.4421875 0.8875 0.4453125 0.8875 0.45 0.8828125 0.4546875 0.8703125 0.45625 0.84375 0.4484375 0.840625 0.440625
6 0.940625 0.4359375 0.94375 0.4390625 0.94375 0.44375 0.9390625 0.4484375 0.93125 0.4515625 0.9203125 0.4484375 0.9171875 0.4453125 0.9171875 0.4375 0.9390625 0.4359375
6 0.596875 0.46875 0.6140625 0.478125 0.6171875 0.4828125 0.6171875 0.4890625 0.6140625 0.4921875 0.5953125 0.4921875 0.5734375 0.48125 0.575 0.46875 0.5953125 0.46875
6 0.7078125 0.2828125 0.7109375 0.2890625 0.7046875 0.29375 0.690625 0.29375 0.684375 0.290625 0.6828125 0.2859375 0.6921875 0.2796875 0.7 0.2796875 0.70625 0.2828125
6 0.64375 0.2953125 0.646875 0.3015625 0.6453125 0.30625 0.634375 0.309375 0.6234375 0.30625 0.6203125 0.303125 0.621875 0.296875 0.6265625 0.29375 0.6421875 0.2953125
6 0.540625 0.3625 0.55625 0.36875 0.5625 0.375 0.5625 0.378125 0.5578125 0.38125 0.54375 0.3828125 0.521875 0.375 0.5171875 0.3703125 0.5171875 0.365625 0.521875 0.3625 0.5390625 0.3625
6 0.8015625 0.321875 0.809375 0.325 0.8171875 0.334375 0.8171875 0.340625 0.8078125 0.3453125 0.79375 0.3421875 0.7828125 0.328125 0.7890625 0.321875 0.8 0.321875
6 0.753125 0.4921875 0.7671875 0.49375 0.7765625 0.4984375 0.775 0.503125 0.759375 0.5078125 0.7375 0.5078125 0.7296875 0.5046875 0.7296875 0.5 0.7328125 0.496875 0.7515625 0.4921875
6 0.859375 0.3578125 0.8671875 0.3609375 0.8765625 0.3734375 0.8765625 0.378125 0.8703125 0.3828125 0.8515625 0.3765625 0.8453125 0.36875 0.8453125 0.3640625 0.8484375 0.3609375 0.8578125 0.3578125
6 0.753125 0.34375 0.7578125 0.346875 0.753125 0.35625 0.734375 0.3609375 0.7203125 0.3578125 0.71875 0.35 0.725 0.3453125 0.7359375 0.3421875 0.7515625 0.34375
6 0.8140625 0.428125 0.8203125 0.4296875 0.821875 0.4359375 0.8109375 0.440625 0.784375 0.440625 0.775 0.4375 0.771875 0.4328125 0.7734375 0.4296875 0.78125 0.4265625 0.8125 0.428125
6 0.7171875 0.315625 0.7265625 0.3203125 0.725 0.328125 0.7203125 0.3296875 0.6875 0.328125 0.6796875 0.325 0.6765625 0.3203125 0.6796875 0.3125 0.70625 0.3125 0.715625 0.315625
6 0.8875 0.334375 0.89375 0.340625 0.89375 0.34375 0.8890625 0.346875 0.875 0.346875 0.8671875 0.3390625 0.8765625 0.3328125 0.8859375 0.334375
6 0.784375 0.5125 0.7875 0.515625 0.7875 0.5203125 0.778125 0.5265625 0.7703125 0.528125 0.740625 0.528125 0.7328125 0.5234375 0.73125 0.515625 0.740625 0.5109375 0.75625 0.509375 0.7765625 0.509375 0.7828125 0.5125
6 0.73125 0.39375 0.734375 0.3984375 0.721875 0.4078125 0.7046875 0.40625 0.703125 0.4046875 0.7046875 0.396875 0.7140625 0.3921875 0.7296875 0.39375
6 0.515625 0.3140625 0.5203125 0.3171875 0.5203125 0.321875 0.5046875 0.3296875 0.4875 0.3296875 0.48125 0.325 0.4828125 0.321875 0.49375 0.315625 0.5140625 0.3140625
6 0.709375 0.4453125 0.715625 0.45 0.715625 0.453125 0.7078125 0.4609375 0.696875 0.4671875 0.6796875 0.4671875 0.671875 0.4640625 0.671875 0.4578125 0.6953125 0.4453125 0.7015625 0.44375 0.7078125 0.4453125
6 0.671875 0.471875 0.6765625 0.475 0.675 0.48125 0.6640625 0.4890625 0.65 0.49375 0.6375 0.49375 0.6328125 0.4890625 0.634375 0.4796875 0.65 0.471875 0.6609375 0.4703125 0.6703125 0.471875
6 0.9140625 0.3421875 0.9265625 0.346875 0.93125 0.3546875 0.9328125 0.359375 0.9265625 0.3671875 0.91875 0.3671875 0.903125 0.3515625 0.9015625 0.3453125 0.9046875 0.3421875 0.9125 0.3421875
6 0.6953125 0.3625 0.703125 0.36875 0.703125 0.371875 0.696875 0.3765625 0.6796875 0.38125 0.6625 0.38125 0.65625 0.3765625 0.65625 0.3703125 0.6734375 0.3625 0.69375 0.3625
6 0.703125 0.384375 0.7078125 0.3859375 0.709375 0.390625 0.7078125 0.39375 0.6953125 0.4015625 0.6875 0.403125 0.6765625 0.4015625 0.675 0.3953125 0.678125 0.390625 0.690625 0.384375 0.7015625 0.384375
6 0.75625 0.2921875 0.759375 0.296875 0.746875 0.303125 0.73125 0.3 0.7296875 0.2953125 0.740625 0.2890625 0.7484375 0.2890625 0.7546875 0.2921875
6 0.5625 0.4140625 0.5671875 0.4171875 0.5765625 0.41875 0.5796875 0.421875 0.5796875 0.4265625 0.575 0.4296875 0.5515625 0.428125 0.540625 0.425 0.5390625 0.4203125 0.54375 0.4140625 0.5609375 0.4140625
6 0.6578125 0.2859375 0.665625 0.2890625 0.6671875 0.2921875 0.665625 0.296875 0.65 0.3 0.646875 0.296875 0.646875 0.290625 0.65625 0.2875
6 0.784375 0.4984375 0.784375 0.4953125 0.79375 0.4875 0.8125 0.4828125 0.821875 0.484375 0.825 0.4875 0.8234375 0.4953125 0.81875 0.4984375 0.7984375 0.5046875 0.7859375 0.4984375
6 0.9453125 0.3921875 0.9515625 0.396875 0.953125 0.4046875 0.946875 0.4125 0.9390625 0.415625 0.9203125 0.4125 0.915625 0.409375 0.915625 0.4046875 0.9171875 0.4 0.925 0.39375 0.94375 0.3921875
6 0.76484375 0.39296875 0.03515625 0.01796875
6 0.8015625 0.38125 0.8109375 0.3828125 0.8171875 0.390625 0.8 0.4046875 0.7921875 0.4046875 0.7859375 0.396875 0.7921875 0.3828125 0.8 0.38125
6 0.6203125 0.2796875 0.6234375 0.2859375 0.6125 0.29375 0.59375 0.2921875 0.590625 0.2859375 0.5953125 0.28125 0.60625 0.278125 0.61875 0.2796875
6 0.7078125 0.271875 0.7109375 0.2796875 0.7171875 0.284375 0.725 0.28125 0.7203125 0.2765625 0.7359375 0.2734375 0.7421875 0.2796875 0.740625 0.2859375 0.7453125 0.2890625 0.759375 0.290625 0.765625 0.284375 0.7671875 0.2859375 0.765625 0.2890625 0.7703125 0.29375 0.8015625 0.296875 0.803125 0.2921875 0.80625 0.2921875 0.8171875 0.303125 0.8296875 0.3015625 0.83125 0.2921875 0.834375 0.2921875 0.8453125 0.3 0.8484375 0.3 0.853125 0.309375 0.871875 0.3140625 0.871875 0.315625 0.8609375 0.31875 0.865625 0.3265625 0.875 0.3296875 0.884375 0.3296875 0.890625 0.325 0.8953125 0.325 0.896875 0.328125 0.9046875 0.328125 0.9078125 0.3328125 0.9171875 0.334375 0.9234375 0.34375 0.9328125 0.346875 0.9359375 0.3546875 0.940625 0.359375 0.9375 0.3625 0.940625 0.365625 0.9453125 0.365625 0.94375 0.371875 0.946875 0.384375 0.9546875 0.3921875 0.9578125 0.3921875 0.9578125 0.396875 0.9640625 0.4046875 0.9546875 0.41875 0.9578125 0.421875 0.953125 0.421875 0.95 0.425 0.953125 0.4296875 0.95625 0.4296875 0.9515625 0.4359375 0.95 0.4453125 0.9375 0.45625 0.9359375 0.4640625 0.91875 0.48125 0.8984375 0.490625 0.89375 0.4953125 0.884375 0.4953125 0.88125 0.5 0.86875 0.50625 0.8546875 0.5078125 0.8484375 0.5125 0.84375 0.5125 0.83125 0.51875 0.8125 0.5203125 0.8015625 0.525 0.7953125 0.5234375 0.765625 0.53125 0.759375 0.5296875 0.7546875 0.53125 0.640625 0.5296875 0.6140625 0.5203125 0.5953125 0.5203125 0.5859375 0.515625 0.578125 0.515625 0.584375 0.5125 0.5765625 0.5078125 0.5796875 0.5046875 0.575 0.4953125 0.5765625 0.4921875 0.5734375 0.4890625 0.571875 0.5015625 0.5703125 0.4984375 0.571875 0.490625 0.565625 0.484375 0.565625 0.48125 0.56875 0.4796875 0.5703125 0.4703125 0.5671875 0.465625 0.5640625 0.4671875 0.5671875 0.4640625 0.5640625 0.4609375 0.55625 0.4578125 0.5453125 0.4578125 0.5265625 0.4703125 0.521875 0.4625 0.5125 0.46875 0.5125 0.4734375 0.5109375 0.4734375 0.509375 0.4625 0.50625 0.465625 0.50625 0.4734375 0.496875 0.48125 0.490625 0.48125 0.4890625 0.478125 0.478125 0.4734375 0.4765625 0.4703125 0.4703125 0.46875 0.4625 0.4609375 0.4640625 0.45625 0.4578125 0.4515625 0.45 0.440625 0.44375 0.4375 0.4421875 0.4328125 0.4453125 0.428125 0.4453125 0.421875 0.440625 0.41875 0.4375 0.4078125 0.434375 0.40625 0.4328125 0.4109375 0.428125 0.40625 0.4296875 0.3921875 0.428125 0.371875 0.4359375 0.359375 0.440625 0.3578125 0.4421875 0.35 0.45 0.3453125 0.4515625 0.346875 0.45625 0.3453125 0.4625 0.334375 0.4671875 0.3359375 0.4703125 0.325 0.475 0.321875 0.478125 0.3234375 0.496875 0.3125 0.503125 0.3125 0.5046875 0.3078125 0.5125 0.3015625 0.521875 0.3 0.525 0.296875 0.5328125 0.296875 0.540625 0.290625 0.54375 0.29375 0.5453125 0.290625 0.5546875 0.2875 0.5640625 0.2890625 0.5671875 0.2859375 0.58125 0.2859375 0.5921875 0.2796875 0.6078125 0.2765625 0.6171875 0.278125 0.625 0.2765625 0.6265625 0.278125 0.634375 0.2765625 0.6375 0.2734375 0.64375 0.278125 0.6484375 0.278125 0.6546875 0.2859375 0.6578125 0.2765625 0.6640625 0.271875 0.66875 0.271875 0.671875 0.275 0.6828125 0.271875 0.6921875 0.2765625 0.6953125 0.271875 0.7 0.275 0.70625 0.271875
6 0.8734375 0.4015625 0.878125 0.40625 0.878125 0.4109375 0.8609375 0.4203125 0.8390625 0.41875 0.834375 0.4140625 0.8359375 0.409375 0.8484375 0.403125 0.871875 0.4015625
6 0.7546875 0.4296875 0.7609375 0.434375 0.7625 0.4421875 0.759375 0.45 0.7484375 0.45625 0.740625 0.45625 0.7328125 0.453125 0.7296875 0.45 0.728125 0.4421875 0.7296875 0.4359375 0.734375 0.43125 0.740625 0.428125 0.753125 0.4296875
6 0.89375 0.4484375 0.8984375 0.4453125 0.909375 0.4453125 0.9171875 0.4484375 0.9265625 0.45625 0.9265625 0.4671875 0.9234375 0.4703125 0.9140625 0.471875 0.90625 0.4703125 0.896875 0.4640625 0.89375 0.4578125 0.89375 0.45
6 0.896875 0.3578125 0.9046875 0.359375 0.909375 0.3640625 0.909375 0.3671875 0.9046875 0.3703125 0.8828125 0.3703125 0.8765625 0.365625 0.8796875 0.359375 0.8953125 0.3578125
6 0.78203125 0.31640625 0.02578125 0.01484375
6 0.4890625 0.4546875 0.4984375 0.4625 0.4984375 0.4734375 0.490625 0.4765625 0.4796875 0.475 0.46875 0.4640625 0.46875 0.459375 0.4734375 0.4546875 0.478125 0.453125 0.4875 0.4546875
6 0.8875 0.3828125 0.8953125 0.3859375 0.9015625 0.39375 0.9015625 0.4015625 0.89375 0.40625 0.884375 0.40625 0.875 0.4 0.8734375 0.3953125 0.875 0.384375 0.8859375 0.3828125
6 0.6484375 0.434375 0.6546875 0.4390625 0.6546875 0.45 0.65 0.453125 0.6375 0.453125 0.625 0.446875 0.6203125 0.4390625 0.6203125 0.4359375 0.6265625 0.43125 0.640625 0.43125 0.646875 0.434375
6 0.6765625 0.328125 0.6796875 0.3328125 0.6765625 0.3390625 0.6640625 0.3453125 0.65 0.34375 0.646875 0.340625 0.646875 0.3359375 0.6578125 0.3296875 0.675 0.328125
6 0.60625 0.328125 0.6078125 0.33125 0.603125 0.3375 0.58125 0.3453125 0.571875 0.34375 0.565625 0.3390625 0.5671875 0.33125 0.575 0.3234375 0.596875 0.321875 0.6015625 0.3234375 0.6046875 0.328125
6 0.7609375 0.3234375 0.7671875 0.3265625 0.7734375 0.334375 0.7734375 0.3390625 0.765625 0.34375 0.7515625 0.3421875 0.7453125 0.3390625 0.740625 0.3328125 0.7453125 0.325 0.753125 0.321875 0.759375 0.3234375
6 0.7875 0.353125 0.79375 0.346875 0.8078125 0.3484375 0.8125 0.353125 0.8125 0.35625 0.8078125 0.3609375 0.803125 0.3625 0.7921875 0.3609375 0.7890625 0.3546875
6 0.8609375 0.478125 0.8703125 0.4828125 0.8765625 0.4921875 0.8765625 0.4953125 0.871875 0.5 0.8640625 0.503125 0.8546875 0.503125 0.84375 0.4984375 0.8359375 0.490625 0.8359375 0.4859375 0.840625 0.4828125 0.859375 0.478125
6 0.7625 0.4046875 0.7703125 0.4078125 0.7765625 0.4140625 0.7765625 0.41875 0.7671875 0.421875 0.7390625 0.421875 0.7234375 0.4125 0.7234375 0.409375 0.7328125 0.403125 0.7609375 0.4046875
6 0.559375 0.3625 0.5671875 0.359375 0.58125 0.359375 0.590625 0.3625 0.596875 0.36875 0.596875 0.371875 0.5921875 0.375 0.575 0.378125 0.5625 0.371875 0.5578125 0.365625 0.559375 0.3640625
6 0.7796875 0.2921875 0.790625 0.296875 0.7921875 0.303125 0.7890625 0.30625 0.771875 0.30625 0.765625 0.3015625 0.7671875 0.29375 0.778125 0.2921875
6 0.6296875 0.3359375 0.6328125 0.3390625 0.63125 0.34375 0.609375 0.353125 0.59375 0.35 0.59375 0.34375 0.6046875 0.3375 0.615625 0.334375 0.628125 0.3359375
6 0.778125 0.45078125 0.03671875 0.01953125
6 0.5109375 0.346875 0.534375 0.3453125 0.540625 0.3484375 0.540625 0.3546875 0.5171875 0.3640625 0.5078125 0.3640625 0.5 0.3609375 0.5 0.35625 0.5109375 0.3484375
6 0.78125 0.3640625 0.8015625 0.3625 0.8109375 0.36875 0.8125 0.3734375 0.8109375 0.38125 0.7921875 0.38125 0.78125 0.375 0.78125 0.365625
6 0.6 0.38125 0.603125 0.384375 0.603125 0.3921875 0.596875 0.3984375 0.5875 0.403125 0.5734375 0.4015625 0.56875 0.39375 0.5703125 0.3875 0.584375 0.378125 0.5921875 0.378125 0.5984375 0.38125
6 0.7 0.34765625 0.02734375 0.01640625
6 0.55625 0.4296875 0.5703125 0.4328125 0.5734375 0.4359375 0.575 0.4390625 0.5703125 0.446875 0.5421875 0.44375 0.53125 0.434375 0.53125 0.43125 0.5390625 0.428125 0.5546875 0.4296875
6 0.725 0.453125 0.74375 0.4578125 0.7578125 0.46875 0.7578125 0.4734375 0.7484375 0.478125 0.7359375 0.478125 0.71875 0.4703125 0.7140625 0.4640625 0.7140625 0.4578125 0.7234375 0.453125
6 0.6796875 0.490625 0.6921875 0.49375 0.7 0.5 0.703125 0.5 0.7046875 0.50625 0.6953125 0.5125 0.6796875 0.5125 0.6765625 0.509375 0.6671875 0.5078125 0.659375 0.503125 0.6578125 0.496875 0.6609375 0.49375 0.6671875 0.490625 0.678125 0.490625
6 0.55 0.403125 0.0328125 0.01953125
6 0.8359375 0.35 0.8421875 0.353125 0.8421875 0.3609375 0.834375 0.3640625 0.821875 0.3625 0.8171875 0.3578125 0.8171875 0.353125 0.8203125 0.35 0.834375 0.35
6 0.5328125 0.3 0.5390625 0.30625 0.5359375 0.3109375 0.5296875 0.3140625 0.5234375 0.3140625 0.5171875 0.3078125 0.5171875 0.303125 0.5203125 0.3 0.53125 0.3
6 0.875 0.421875 0.884375 0.425 0.884375 0.43125 0.8765625 0.4359375 0.8515625 0.43125 0.8515625 0.428125 0.8578125 0.4234375 0.8734375 0.421875
6 0.8265625 0.4125 0.8328125 0.415625 0.8359375 0.4203125 0.834375 0.4265625 0.83125 0.428125 0.815625 0.4265625 0.8046875 0.421875 0.8015625 0.4171875 0.803125 0.4109375 0.8234375 0.4109375 0.825 0.4125
6 0.8421875 0.3328125 0.8546875 0.3375 0.86875 0.35 0.86875 0.353125 0.8640625 0.35625 0.8453125 0.353125 0.8390625 0.3484375 0.8328125 0.3390625 0.834375 0.334375 0.840625 0.3328125
6 0.84375 0.4578125 0.8578125 0.4546875 0.865625 0.45625 0.8734375 0.4609375 0.8734375 0.4671875 0.8703125 0.4703125 0.8515625 0.471875 0.84375 0.4671875 0.8421875 0.4640625 0.84375 0.459375
6 0.6140625 0.4453125 0.6171875 0.45 0.6171875 0.4546875 0.6125 0.4609375 0.60625 0.4640625 0.5921875 0.465625 0.575 0.4640625 0.5734375 0.4546875 0.5765625 0.4515625 0.6015625 0.4421875 0.6125 0.4453125
6 0.5125 0.334375 0.5140625 0.34375 0.4921875 0.3546875 0.48125 0.3515625 0.4796875 0.34375 0.490625 0.334375 0.4984375 0.3328125 0.5109375 0.334375
6 0.5625 0.3453125 0.571875 0.35 0.5734375 0.353125 0.5703125 0.3578125 0.5546875 0.3578125 0.5421875 0.3546875 0.54375 0.3453125 0.5484375 0.34375 0.5609375 0.3453125
6 0.46875 0.4375 0.02734375 0.01875
6 0.615625 0.375 0.6296875 0.375 0.6390625 0.3796875 0.6390625 0.384375 0.6265625 0.3921875 0.6109375 0.3921875 0.6078125 0.3890625 0.6078125 0.38125 0.615625 0.3765625
6 0.5421875 0.3140625 0.55 0.315625 0.55625 0.31875 0.5578125 0.321875 0.5515625 0.3265625 0.540625 0.3296875 0.5296875 0.3296875 0.525 0.325 0.5265625 0.31875 0.53125 0.315625 0.540625 0.3140625
6 0.5984375 0.31875 0.603125 0.3140625 0.6125 0.3109375 0.634375 0.309375 0.6375 0.3171875 0.63125 0.321875 0.6046875 0.3234375 0.6 0.3203125
6 0.7828125 0.3453125 0.7859375 0.3484375 0.7859375 0.353125 0.784375 0.35625 0.778125 0.359375 0.7703125 0.359375 0.7625 0.35625 0.7609375 0.3484375 0.76875 0.34375 0.78125 0.3453125
6 0.6953125 0.40625 0.7 0.4109375 0.6953125 0.4203125 0.6875 0.4203125 0.6671875 0.428125 0.65625 0.4265625 0.653125 0.421875 0.65625 0.4140625 0.675 0.4046875 0.6921875 0.4046875 0.69375 0.40625
6 0.728125 0.41875 0.734375 0.421875 0.7359375 0.425 0.7359375 0.428125 0.728125 0.4328125 0.721875 0.4328125 0.7171875 0.428125 0.7171875 0.4203125 0.7265625 0.41875
6 0.4796875 0.38125 0.4875 0.3875 0.484375 0.3921875 0.475 0.3921875 0.4671875 0.3875 0.4703125 0.38125 0.478125 0.38125
6 0.5921875 0.29375 0.6015625 0.2953125 0.6109375 0.3015625 0.6109375 0.30625 0.6078125 0.309375 0.5953125 0.3109375 0.584375 0.3078125 0.5765625 0.3 0.578125 0.2953125 0.590625 0.29375
6 0.471875 0.40859375 0.02890625 0.02421875
6 0.6234375 0.35625 0.6328125 0.359375 0.634375 0.3671875 0.621875 0.3734375 0.60625 0.371875 0.5984375 0.3640625 0.6 0.3578125 0.621875 0.35625
6 0.45 0.3828125 0.4578125 0.3859375 0.4578125 0.396875 0.453125 0.4 0.4390625 0.396875 0.434375 0.390625 0.434375 0.3859375 0.4375 0.3828125 0.4484375 0.3828125
6 0.7671875 0.3609375 0.7765625 0.3671875 0.7765625 0.3765625 0.7703125 0.3828125 0.765625 0.384375 0.753125 0.384375 0.7453125 0.3765625 0.7453125 0.3703125 0.75 0.3625 0.765625 0.3609375
6 0.6421875 0.50625 0.6515625 0.5078125 0.6546875 0.5125 0.6453125 0.5203125 0.6359375 0.5203125 0.6328125 0.5234375 0.625 0.525 0.615625 0.5234375 0.615625 0.515625 0.6265625 0.5078125 0.640625 0.50625
6 0.6546875 0.384375 0.6609375 0.390625 0.6546875 0.396875 0.64375 0.4 0.63125 0.4 0.628125 0.39375 0.6421875 0.384375 0.653125 0.384375
6 0.915625 0.4109375 0.9328125 0.4171875 0.9390625 0.421875 0.9390625 0.4265625 0.9359375 0.4296875 0.928125 0.43125 0.909375 0.43125 0.8984375 0.428125 0.890625 0.421875 0.8890625 0.41875 0.896875 0.4140625 0.9140625 0.4109375
6 0.85625 0.3796875 0.86875 0.3859375 0.8703125 0.3921875 0.8640625 0.3953125 0.834375 0.3953125 0.825 0.3921875 0.81875 0.3859375 0.81875 0.38125 0.828125 0.3765625 0.8421875 0.3765625 0.8546875 0.3796875
6 0.8453125 0.5 0.85 0.5046875 0.8484375 0.509375 0.8296875 0.51875 0.821875 0.5203125 0.80625 0.5203125 0.8 0.5171875 0.796875 0.5140625 0.8 0.5078125 0.81875 0.5 0.83125 0.4984375 0.84375 0.5
6 0.571875 0.4171875 0.5796875 0.421875 0.5796875 0.4265625 0.575 0.4296875 0.54375 0.4265625 0.5390625 0.421875 0.54375 0.4140625 0.5640625 0.4140625 0.5703125 0.4171875
6 0.7375 0.38125 0.746875 0.3890625 0.746875 0.3921875 0.7421875 0.3953125 0.734375 0.3953125 0.7328125 0.3921875 0.7203125 0.3859375 0.721875 0.378125 0.7296875 0.378125 0.7359375 0.38125
6 0.728125 0.275 0.734375 0.2796875 0.734375 0.2828125 0.7296875 0.2875 0.715625 0.2875 0.709375 0.2828125 0.709375 0.278125 0.7140625 0.275 0.7203125 0.2734375 0.7265625 0.275
6 0.83125 0.4390625 0.8359375 0.44375 0.8390625 0.4578125 0.8328125 0.4640625 0.8234375 0.4671875 0.803125 0.465625 0.8 0.4625 0.8 0.4546875 0.80625 0.4453125 0.821875 0.4390625 0.8296875 0.4390625
6 0.5578125 0.2984375 0.5625 0.3078125 0.5625 0.3140625 0.559375 0.31875 0.54375 0.3125 0.5421875 0.309375 0.54375 0.2984375 0.546875 0.296875 0.55625 0.2984375
6 0.83125 0.3046875 0.8328125 0.3078125 0.8265625 0.315625 0.8125 0.321875 0.8046875 0.3203125 0.803125 0.3125 0.8171875 0.303125 0.8296875 0.3046875
6 0.8546875 0.3140625 0.8671875 0.3140625 0.88125 0.3171875 0.8953125 0.3234375 0.8953125 0.3296875 0.8921875 0.33125 0.875 0.33125 0.865625 0.328125 0.8546875 0.31875 0.8546875 0.315625
6 0.4328125 0.3703125 0.4375 0.365625 0.4421875 0.365625 0.4546875 0.3734375 0.4578125 0.3765625 0.4578125 0.38125 0.446875 0.38125 0.4390625 0.378125 0.434375 0.371875
6 0.715625 0.2984375 0.734375 0.3109375 0.734375 0.3140625 0.728125 0.3171875 0.70625 0.3109375 0.6984375 0.3046875 0.6984375 0.3 0.7015625 0.296875 0.7140625 0.2984375
6 0.7125 0.35625 0.7234375 0.3625 0.7234375 0.3671875 0.7171875 0.3703125 0.7046875 0.36875 0.69375 0.359375 0.696875 0.35625 0.7109375 0.35625
6 0.4625 0.3484375 0.4859375 0.359375 0.4890625 0.3625 0.4890625 0.3671875 0.484375 0.3703125 0.4703125 0.36875 0.459375 0.3625 0.453125 0.35625 0.453125 0.353125 0.4609375 0.3484375
6 0.509375 0.4234375 0.5203125 0.4296875 0.5203125 0.434375 0.5171875 0.4359375 0.4890625 0.4359375 0.48125 0.4328125 0.475 0.4265625 0.48125 0.4203125 0.4984375 0.4203125 0.5078125 0.4234375
6 0.7375 0.48125 0.7390625 0.4890625 0.73125 0.4953125 0.71875 0.5 0.7046875 0.4984375 0.7 0.49375 0.7 0.4875 0.7125 0.478125 0.7265625 0.478125 0.7359375 0.48125
6 0.703125 0.425 0.7078125 0.428125 0.7078125 0.434375 0.6859375 0.4484375 0.66875 0.4484375 0.6609375 0.4421875 0.6609375 0.4390625 0.6671875 0.43125 0.68125 0.4234375 0.6953125 0.421875 0.7015625 0.425
6 0.9015625 0.371875 0.9140625 0.375 0.91875 0.3796875 0.91875 0.384375 0.915625 0.3875 0.9 0.3875 0.8859375 0.38125 0.8859375 0.3734375 0.9 0.3734375
6 0.68125 0.51875 0.684375 0.525 0.68125 0.5296875 0.6765625 0.53125 0.653125 0.5296875 0.65 0.528125 0.65 0.5203125 0.6546875 0.5171875 0.6796875 0.51875
49 0.1766304347826087 0.5015290519877675 0.18478260869565216 0.5084097859327217 0.22010869565217392 0.5237003058103975 0.22690217391304346 0.5726299694189603 0.27853260869565216 0.6551987767584098 0.28804347826086957 0.6903669724770642 0.297554347826087 0.7010703363914372 0.3233695652173913 0.7079510703363915 0.34782608695652173 0.7064220183486238 0.4130434782608695 0.6857798165137614 0.45652173913043476 0.6781345565749235 0.4633152173913043 0.6712538226299694 0.546195652173913 0.650611620795107 0.47146739130434784 0.52217125382263 0.4538043478260869 0.5122324159021406 0.42527173913043476 0.4732415902140673 0.39402173913043476 0.4510703363914373 0.37228260869565216 0.44724770642201833 0.20923913043478262 0.46559633027522934 0.18614130434782608 0.4709480122324159 0.17119565217391303 0.48547400611620795 0.1766304347826087 0.5015290519877675
49 0.1358695652173913 0.4166666666666667 0.13722826086956522 0.4350152905198777 0.1467391304347826 0.4633027522935779 0.1644021739130435 0.4839449541284403 0.18342391304347824 0.46941896024464824 0.2010869565217391 0.46559633027522934 0.3777173913043478 0.44571865443425074 0.39945652173913043 0.44954128440366975 0.358695652173913 0.3967889908256881 0.32608695652173914 0.3662079510703364 0.3247282608695652 0.35550458715596334 0.3152173913043478 0.3486238532110092 0.2934782608695652 0.3516819571865443 0.26902173913043476 0.36009174311926606 0.20652173913043476 0.37079510703363916 0.17119565217391303 0.3830275229357798 0.1467391304347826 0.39602446483180426 0.14266304347826086 0.4029051987767584 0.1358695652173913 0.4166666666666667
49 0.4578804347826087 0.6903669724770642 0.4796195652173913 0.6880733944954128 0.4932065217391304 0.6918960244648318 0.5244565217391304 0.6934250764525994 0.6114130434782609 0.6880733944954128 0.7975543478260869 0.6834862385321101 0.8546195652173912 0.6743119266055045 0.8777173913043479 0.6613149847094801 0.8790760869565217 0.6452599388379204 0.8491847826086957 0.5856269113149847 0.8396739130434783 0.5428134556574923 0.8233695652173912 0.5420489296636085 0.6875 0.5611620795107034 0.638586956521739 0.5649847094801224 0.5353260869565217 0.5665137614678899 0.5081521739130435 0.5642201834862386 0.501358695652174 0.5680428134556574 0.5054347826086956 0.5848623853211009 0.5489130434782609 0.6483180428134556 0.5434782608695652 0.6574923547400611 0.514945652173913 0.658256880733945 0.5 0.6643730886850153 0.4796195652173913 0.6674311926605505 0.45652173913043476 0.6819571865443426 0.4578804347826087 0.6903669724770642