6 0.4578125 0.6328125 0.4671875 0.640625 0.465625 0.6484375 0.4578125 0.65625 0.4578125 0.659375 0.4515625 0.6625 0.4453125 0.6703125 0.4375 0.6703125 0.434375 0.6734375 0.4265625 0.6734375 0.4234375 0.6765625 0.4109375 0.6765625 0.40625 0.671875 0.40625 0.6640625 0.409375 0.6578125 0.421875 0.6453125 0.4359375 0.6390625 0.440625 0.634375 0.45625 0.6328125
6 0.7890625 0.540625 0.8015625 0.5484375 0.8015625 0.5609375 0.7984375 0.565625 0.7890625 0.571875 0.7703125 0.5796875 0.7515625 0.5796875 0.7453125 0.5765625 0.740625 0.571875 0.740625 0.5609375 0.7578125 0.5484375 0.765625 0.546875 0.7734375 0.5421875 0.7875 0.540625
6 0.45 0.6734375 0.45625 0.675 0.4578125 0.6859375 0.4390625 0.7 0.421875 0.7078125 0.396875 0.70625 0.3921875 0.7 0.3921875 0.6953125 0.396875 0.6890625 0.4078125 0.68125 0.4125 0.68125 0.421875 0.675 0.4484375 0.6734375
54 0.5353260869565217 0.746177370030581 0.5353260869565217 0.7543323139653415 0.5570652173913043 0.764525993883792 0.748641304347826 0.7706422018348624 0.796195652173913 0.763506625891947 0.8097826086956521 0.7512742099898063 0.8152173913043479 0.7227319062181448 0.8097826086956521 0.7166156982670745 0.779891304347826 0.7094801223241591 0.7377717391304348 0.6819571865443426 0.7350543478260869 0.6738022426095821 0.702445652173913 0.6656472986748216 0.6766304347826086 0.6738022426095821 0.654891304347826 0.6982670744138634 0.6019021739130435 0.726809378185525 0.5828804347826086 0.7329255861365953 0.5502717391304348 0.7339449541284404 0.5421195652173914 0.7400611620795108 0.5353260869565217 0.746177370030581
6 0.5734375 0.675 0.6078125 0.6734375 0.6125 0.678125 0.609375 0.6875 0.6015625 0.69375 0.59375 0.69375 0.5921875 0.696875 0.5859375 0.696875 0.5828125 0.7 0.5703125 0.7 0.5625 0.6953125 0.5625 0.684375 0.5734375 0.6765625
6 0.734375 0.4796875 0.74375 0.484375 0.7453125 0.4875 0.7421875 0.4953125 0.734375 0.5 0.7234375 0.5 0.7171875 0.503125 0.7109375 0.503125 0.7078125 0.50625 0.69375 0.50625 0.6875 0.503125 0.6828125 0.4984375 0.6828125 0.4921875 0.690625 0.484375 0.696875 0.484375 0.7 0.48125 0.7328125 0.4796875
6 0.6421875 0.6015625 0.665625 0.6140625 0.6671875 0.6203125 0.665625 0.628125 0.6546875 0.6359375 0.6421875 0.6359375 0.625 0.63125 0.6109375 0.6234375 0.6046875 0.615625 0.6140625 0.6015625 0.640625 0.6015625
6 0.609375 0.6953125 0.6234375 0.7015625 0.625 0.7046875 0.6234375 0.7125 0.6125 0.7203125 0.5859375 0.73125 0.5671875 0.7296875 0.5625 0.725 0.5625 0.7125 0.56875 0.70625 0.584375 0.6984375 0.590625 0.6984375 0.59375 0.6953125 0.6078125 0.6953125
6 0.6265625 0.40625 0.63125 0.4109375 0.63125 0.4171875 0.628125 0.421875 0.6125 0.4328125 0.590625 0.4421875 0.575 0.4421875 0.5703125 0.4359375 0.5703125 0.43125 0.5734375 0.4265625 0.6046875 0.40625 0.6140625 0.403125 0.621875 0.403125 0.625 0.40625
6 0.1953125 0.3703125 0.20625 0.371875 0.2171875 0.3765625 0.225 0.3890625 0.228125 0.390625 0.228125 0.3953125 0.2328125 0.4 0.2328125 0.4046875 0.2203125 0.4109375 0.2046875 0.4078125 0.1984375 0.3921875 0.190625 0.3859375 0.1828125 0.384375 0.1828125 0.3765625 0.1875 0.371875 0.19375 0.3703125
6 0.5109375 0.671875 0.5234375 0.675 0.528125 0.68125 0.5265625 0.70625 0.515625 0.7171875 0.5140625 0.715625 0.490625 0.7171875 0.484375 0.7140625 0.48125 0.709375 0.48125 0.7015625 0.478125 0.69375 0.4796875 0.6859375 0.484375 0.68125 0.49375 0.675 0.509375 0.671875
6 0.321875 0.2921875 0.3328125 0.296875 0.3328125 0.3078125 0.3109375 0.3203125 0.29375 0.31875 0.2890625 0.30625 0.2921875 0.3 0.2984375 0.296875 0.3203125 0.2921875
6 0.6703125 0.6671875 0.671875 0.6765625 0.665625 0.6890625 0.65 0.7 0.634375 0.7046875 0.625 0.703125 0.6234375 0.7 0.615625 0.696875 0.6125 0.6921875 0.615625 0.675 0.6421875 0.6609375 0.6625 0.6609375 0.66875 0.6671875
6 0.5953125 0.6125 0.6015625 0.6140625 0.60625 0.61875 0.6078125 0.6296875 0.603125 0.6359375 0.5859375 0.640625 0.571875 0.6390625 0.54375 0.6265625 0.5421875 0.6140625 0.5515625 0.609375 0.575 0.609375 0.59375 0.6125
6 0.896875 0.5078125 0.9046875 0.5109375 0.915625 0.521875 0.915625 0.5390625 0.9046875 0.546875 0.89375 0.5453125 0.8859375 0.534375 0.8796875 0.5296875 0.8859375 0.515625 0.890625 0.5109375 0.896875 0.509375
6 0.2546875 0.571875 0.2671875 0.584375 0.2671875 0.5890625 0.2703125 0.5921875 0.2671875 0.596875 0.2625 0.5984375 0.2421875 0.59375 0.2296875 0.5796875 0.2296875 0.571875 0.2375 0.5671875 0.2484375 0.5671875 0.253125 0.571875
6 0.5640625 0.234375 0.56875 0.2390625 0.590625 0.2375 0.5984375 0.240625 0.6046875 0.246875 0.6125 0.246875 0.6171875 0.25 0.6375 0.25 0.640625 0.24375 0.6453125 0.240625 0.653125 0.240625 0.665625 0.25 0.678125 0.2671875 0.684375 0.265625 0.696875 0.2671875 0.70625 0.271875 0.7140625 0.2796875 0.7140625 0.2859375 0.7203125 0.29375 0.7328125 0.3 0.7390625 0.3 0.740625 0.303125 0.753125 0.309375 0.7578125 0.3171875 0.7546875 0.325 0.7625 0.3328125 0.7734375 0.334375 0.7890625 0.34375 0.8015625 0.3453125 0.8125 0.3515625 0.83125 0.35625 0.8375 0.3609375 0.8421875 0.365625 0.8421875 0.36875 0.846875 0.3734375 0.85 0.3734375 0.8640625 0.3875 0.8703125 0.4078125 0.8640625 0.4171875 0.8640625 0.4296875 0.8609375 0.434375 0.8609375 0.4390625 0.8765625 0.4578125 0.884375 0.4765625 0.884375 0.48125 0.89375 0.49375 0.896875 0.50625 0.9046875 0.5109375 0.9125 0.5203125 0.915625 0.5265625 0.915625 0.5359375 0.9109375 0.5421875 0.9 0.546875 0.8859375 0.5609375 0.884375 0.5703125 0.86875 0.5796875 0.8484375 0.58125 0.8328125 0.5765625 0.8265625 0.5703125 0.8234375 0.5703125 0.790625 0.5984375 0.790625 0.603125 0.79375 0.60625 0.79375 0.615625 0.790625 0.621875 0.7859375 0.6265625 0.7828125 0.6265625 0.7796875 0.63125 0.765625 0.6390625 0.7625 0.6375 0.7515625 0.6390625 0.7390625 0.65625 0.7078125 0.65625 0.6921875 0.6671875 0.6765625 0.66875 0.671875 0.671875 0.665625 0.6890625 0.6609375 0.690625 0.653125 0.6984375 0.64375 0.703125 0.634375 0.703125 0.6265625 0.70625 0.6234375 0.7109375 0.615625 0.7140625 0.6140625 0.7171875 0.5875 0.7296875 0.5828125 0.73125 0.5703125 0.7296875 0.5640625 0.728125 0.5609375 0.7234375 0.55625 0.7296875 0.5515625 0.7265625 0.5453125 0.7265625 0.540625 0.721875 0.525 0.7234375 0.5171875 0.73125 0.515625 0.74375 0.5109375 0.7421875 0.4984375 0.746875 0.4890625 0.7453125 0.4765625 0.7359375 0.4640625 0.7359375 0.4609375 0.7328125 0.446875 0.7359375 0.44375 0.7328125 0.4328125 0.73125 0.421875 0.7234375 0.421875 0.7171875 0.41875 0.7140625 0.415625 0.715625 0.415625 0.71875 0.409375 0.7171875 0.403125 0.7109375 0.39375 0.7125 0.384375 0.7203125 0.38125 0.7171875 0.359375 0.7171875 0.34375 0.70625 0.340625 0.7015625 0.3421875 0.6875 0.3375 0.6828125 0.3328125 0.6828125 0.3234375 0.6765625 0.3234375 0.671875 0.328125 0.665625 0.3265625 0.6578125 0.29375 0.6296875 0.2859375 0.6265625 0.271875 0.6125 0.26875 0.6046875 0.2625 0.5984375 0.2421875 0.5921875 0.234375 0.5828125 0.228125 0.5703125 0.2046875 0.565625 0.1890625 0.55625 0.1796875 0.559375 0.178125 0.5625 0.171875 0.565625 0.159375 0.565625 0.1578125 0.56875 0.1578125 0.5640625 0.1484375 0.5578125 0.1453125 0.5515625 0.140625 0.55625 0.134375 0.55 0.13125 0.553125 0.13125 0.546875 0.1328125 0.54375 0.140625 0.540625 0.15625 0.540625 0.1609375 0.5359375 0.1625 0.528125 0.171875 0.5203125 0.171875 0.5171875 0.1609375 0.509375 0.1578125 0.503125 0.1671875 0.496875 0.171875 0.496875 0.178125 0.490625 0.18125 0.48125 0.1875 0.4765625 0.1859375 0.471875 0.1875 0.4625 0.175 0.45625 0.1671875 0.4484375 0.165625 0.4359375 0.1703125 0.425 0.1703125 0.41875 0.1671875 0.415625 0.165625 0.3984375 0.16875 0.390625 0.1765625 0.3875 0.1859375 0.3734375 0.1984375 0.371875 0.2015625 0.36875 0.2 0.3515625 0.209375 0.340625 0.2140625 0.3375 0.240625 0.3390625 0.2421875 0.325 0.2484375 0.3171875 0.253125 0.3171875 0.25625 0.3140625 0.2703125 0.3140625 0.2765625 0.3171875 0.2859375 0.3171875 0.290625 0.3234375 0.2921875 0.3171875 0.2890625 0.3140625 0.2921875 0.303125 0.2953125 0.3 0.3125 0.29375 0.321875 0.2921875 0.33125 0.29375 0.3359375 0.290625 0.35625 0.2875 0.3625 0.2796875 0.359375 0.2734375 0.359375 0.2609375 0.3671875 0.2578125 0.378125 0.259375 0.3921875 0.26875 0.415625 0.2625 0.4421875 0.2640625 0.4609375 0.2515625 0.471875 0.2484375 0.478125 0.240625 0.4890625 0.2359375 0.5125 0.2390625 0.515625 0.2359375 0.5375 0.2328125 0.5453125 0.2296875 0.5515625 0.23125 0.5546875 0.2296875 0.5625 0.234375
6 0.78125 0.53125 0.790625 0.528125 0.8203125 0.528125 0.8234375 0.53125 0.828125 0.53125 0.8328125 0.5359375 0.8328125 0.55 0.8296875 0.553125 0.8203125 0.5546875 0.809375 0.55 0.803125 0.55 0.7921875 0.5421875 0.7796875 0.5390625 0.78125 0.5328125
6 0.5734375 0.5765625 0.59375 0.575 0.6 0.578125 0.609375 0.596875 0.609375 0.603125 0.603125 0.6125 0.5734375 0.6078125 0.5671875 0.596875 0.5671875 0.5859375 0.5734375 0.578125
6 0.178125 0.4890625 0.2015625 0.4875 0.225 0.496875 0.23125 0.5046875 0.23125 0.5078125 0.225 0.515625 0.2140625 0.5171875 0.1984375 0.515625 0.1796875 0.50625 0.175 0.4984375 0.175 0.49375 0.178125 0.490625
6 0.478125 0.759375 0.4875 0.7609375 0.49375 0.7671875 0.4953125 0.7796875 0.4890625 0.784375 0.4734375 0.7875 0.459375 0.7875 0.4390625 0.7828125 0.428125 0.771875 0.428125 0.765625 0.4359375 0.7578125 0.440625 0.75625 0.4578125 0.75625 0.4765625 0.759375
6 0.7 0.5484375 0.709375 0.5546875 0.7140625 0.5609375 0.7140625 0.565625 0.7078125 0.5734375 0.7 0.5765625 0.6859375 0.578125 0.6765625 0.5765625 0.6578125 0.56875 0.6546875 0.5609375 0.65625 0.55625 0.6703125 0.546875 0.696875 0.546875 0.6984375 0.5484375
6 0.3015625 0.5546875 0.3125 0.5609375 0.3359375 0.5671875 0.3421875 0.571875 0.3421875 0.5765625 0.334375 0.584375 0.3328125 0.5921875 0.328125 0.59375 0.303125 0.5921875 0.284375 0.5765625 0.2828125 0.571875 0.284375 0.5625 0.2890625 0.5578125 0.3 0.5546875
6 0.1953125 0.521875 0.2078125 0.5234375 0.2125 0.528125 0.2140625 0.5359375 0.1953125 0.5390625 0.190625 0.5421875 0.178125 0.5421875 0.165625 0.5390625 0.159375 0.5359375 0.1578125 0.5265625 0.16875 0.5203125 0.19375 0.521875
6 0.665625 0.571875 0.6734375 0.5765625 0.6890625 0.5953125 0.690625 0.60625 0.68125 0.6140625 0.6703125 0.6140625 0.65625 0.60625 0.646875 0.596875 0.64375 0.5859375 0.646875 0.575 0.653125 0.571875 0.6640625 0.571875
6 0.4453125 0.5078125 0.45625 0.525 0.45625 0.5328125 0.453125 0.5390625 0.440625 0.54375 0.428125 0.5421875 0.4171875 0.53125 0.4140625 0.5234375 0.4140625 0.5140625 0.4171875 0.50625 0.4265625 0.5015625 0.434375 0.5015625 0.44375 0.5078125
6 0.3796875 0.503125 0.4046875 0.5109375 0.4109375 0.51875 0.4109375 0.525 0.40625 0.5328125 0.384375 0.5359375 0.375 0.5359375 0.3703125 0.5328125 0.35625 0.5296875 0.3484375 0.5203125 0.3484375 0.5171875 0.35625 0.5078125 0.3703125 0.503125 0.378125 0.503125
6 0.4109375 0.3515625 0.425 0.3578125 0.4390625 0.3703125 0.4390625 0.375 0.4359375 0.378125 0.421875 0.3828125 0.409375 0.3828125 0.3984375 0.3796875 0.390625 0.375 0.3859375 0.36875 0.3859375 0.3625 0.390625 0.35625 0.4015625 0.3515625 0.409375 0.3515625
6 0.353125 0.625 0.359375 0.63125 0.3609375 0.64375 0.35 0.653125 0.328125 0.6578125 0.3234375 0.6578125 0.3171875 0.6515625 0.3171875 0.64375 0.3203125 0.6421875 0.3234375 0.6328125 0.3375 0.625 0.3515625 0.625
6 0.615625 0.63125 0.6234375 0.6375 0.625 0.64375 0.6234375 0.653125 0.6109375 0.6703125 0.5984375 0.6734375 0.5921875 0.6703125 0.5859375 0.6703125 0.58125 0.665625 0.5765625 0.65625 0.578125 0.6453125 0.5828125 0.6421875 0.6015625 0.6375 0.609375 0.63125 0.6140625 0.63125
6 0.540625 0.7609375 0.55625 0.76875 0.5609375 0.76875 0.5625 0.771875 0.56875 0.775 0.571875 0.7796875 0.571875 0.7890625 0.565625 0.79375 0.5390625 0.79375 0.5375 0.7953125 0.5234375 0.79375 0.5203125 0.790625 0.5140625 0.790625 0.5 0.784375 0.496875 0.7796875 0.496875 0.771875 0.5015625 0.765625 0.509375 0.7625 0.5390625 0.7609375
6 0.4265625 0.565625 0.4375 0.5671875 0.4421875 0.571875 0.4453125 0.5796875 0.4453125 0.5890625 0.4359375 0.6015625 0.4359375 0.6046875 0.425 0.609375 0.415625 0.609375 0.409375 0.60625 0.403125 0.5953125 0.403125 0.58125 0.40625 0.575 0.415625 0.5671875 0.425 0.565625
6 0.3984375 0.5703125 0.4046875 0.578125 0.403125 0.58125 0.4046875 0.60625 0.3984375 0.609375 0.3859375 0.6078125 0.375 0.596875 0.3703125 0.5828125 0.3703125 0.575 0.3765625 0.5703125 0.384375 0.5703125 0.3875 0.5671875 0.3953125 0.5671875 0.396875 0.5703125
6 0.8390625 0.5375 0.8484375 0.540625 0.859375 0.553125 0.8640625 0.5640625 0.8640625 0.578125 0.859375 0.58125 0.846875 0.58125 0.834375 0.571875 0.83125 0.5578125 0.834375 0.553125 0.834375 0.5453125 0.8375 0.5390625
6 0.1828125 0.384375 0.19375 0.3875 0.2 0.396875 0.2015625 0.415625 0.1984375 0.421875 0.1953125 0.425 0.1875 0.425 0.184375 0.421875 0.171875 0.4203125 0.1671875 0.4140625 0.165625 0.4046875 0.1671875 0.3921875 0.1734375 0.3875 0.18125 0.3859375
6 0.4734375 0.5125 0.5 0.5171875 0.509375 0.521875 0.509375 0.5328125 0.4984375 0.5390625 0.4875 0.540625 0.4703125 0.5390625 0.4625 0.5359375 0.459375 0.53125 0.459375 0.5265625 0.4546875 0.521875 0.4546875 0.5140625 0.471875 0.5125
6 0.6765625 0.621875 0.696875 0.6421875 0.7 0.659375 0.696875 0.665625 0.6921875 0.6671875 0.6734375 0.665625 0.6625 0.653125 0.6578125 0.64375 0.6578125 0.6375 0.6671875 0.6296875 0.6671875 0.625 0.6703125 0.621875 0.675 0.621875
6 0.171875 0.5625 0.184375 0.56875 0.1859375 0.578125 0.175 0.5921875 0.159375 0.6 0.146875 0.5984375 0.14375 0.5921875 0.14375 0.584375 0.1515625 0.5671875 0.15625 0.5640625 0.1703125 0.5625
6 0.765625 0.5828125 0.7703125 0.584375 0.7703125 0.596875 0.765625 0.6 0.7609375 0.6 0.759375 0.603125 0.753125 0.603125 0.7453125 0.609375 0.7296875 0.609375 0.7265625 0.60625 0.721875 0.60625 0.71875 0.603125 0.721875 0.5953125 0.728125 0.59375 0.7328125 0.5875 0.7421875 0.58125 0.7625 0.58125 0.7640625 0.5828125
6 0.225 0.3359375 0.234375 0.340625 0.234375 0.3515625 0.2296875 0.365625 0.21875 0.375 0.2078125 0.371875 0.2015625 0.3671875 0.2 0.353125 0.2015625 0.346875 0.2109375 0.3375 0.2234375 0.3359375
6 0.4796875 0.421875 0.478125 0.409375 0.48125 0.4046875 0.5 0.403125 0.50625 0.4 0.5296875 0.4 0.53125 0.403125 0.534375 0.403125 0.5375 0.409375 0.534375 0.4171875 0.5296875 0.421875 0.503125 0.428125 0.490625 0.428125 0.48125 0.421875
6 0.61875 0.5484375 0.621875 0.553125 0.621875 0.559375 0.6125 0.56875 0.6 0.5734375 0.5703125 0.571875 0.5625 0.5671875 0.5625 0.5546875 0.584375 0.5484375 0.603125 0.5484375 0.6046875 0.546875 0.6171875 0.5484375
6 0.4828125 0.559375 0.4890625 0.5640625 0.49375 0.5734375 0.4953125 0.5828125 0.4921875 0.590625 0.4859375 0.596875 0.478125 0.6 0.46875 0.6 0.459375 0.5953125 0.453125 0.5859375 0.4484375 0.5671875 0.4515625 0.5609375 0.465625 0.5546875 0.48125 0.559375
6 0.278125 0.5265625 0.3 0.5296875 0.30625 0.534375 0.3078125 0.546875 0.3015625 0.553125 0.290625 0.5546875 0.2671875 0.553125 0.246875 0.5421875 0.2453125 0.5296875 0.2515625 0.525 0.275 0.525 0.2765625 0.5265625
6 0.453125 0.603125 0.4765625 0.609375 0.4859375 0.61875 0.4875 0.621875 0.4859375 0.6265625 0.475 0.6359375 0.465625 0.6359375 0.4578125 0.63125 0.4484375 0.63125 0.43125 0.6375 0.4171875 0.634375 0.4109375 0.6265625 0.4109375 0.6234375 0.41875 0.6125 0.428125 0.6078125 0.434375 0.6078125 0.4375 0.6046875 0.4515625 0.603125
6 0.225 0.540625 0.2390625 0.5484375 0.2421875 0.5546875 0.2421875 0.5625 0.2359375 0.56875 0.228125 0.571875 0.2078125 0.56875 0.1875 0.5578125 0.1875 0.546875 0.196875 0.540625 0.2109375 0.5390625 0.2234375 0.540625
6 0.3703125 0.5359375 0.384375 0.540625 0.39375 0.5546875 0.3921875 0.5625 0.3890625 0.565625 0.3828125 0.56875 0.3703125 0.5703125 0.35625 0.5625 0.34375 0.5515625 0.34375 0.540625 0.3484375 0.5375 0.36875 0.5359375
6 0.159375 0.5390625 0.1796875 0.5421875 0.1859375 0.5453125 0.1859375 0.55625 0.1828125 0.559375 0.165625 0.5625 0.1453125 0.5625 0.1265625 0.5546875 0.1265625 0.546875 0.13125 0.5421875 0.14375 0.5390625 0.1578125 0.5390625
6 0.4796875 0.715625 0.4859375 0.715625 0.490625 0.71875 0.509375 0.7171875 0.5140625 0.71875 0.5171875 0.7234375 0.515625 0.734375 0.5078125 0.74375 0.4890625 0.7453125 0.48125 0.740625 0.4734375 0.7296875 0.4734375 0.725 0.4796875 0.7171875
6 0.7546875 0.5015625 0.7625 0.5078125 0.7625 0.5125 0.7578125 0.51875 0.7484375 0.5234375 0.7109375 0.528125 0.6984375 0.5265625 0.6953125 0.521875 0.6953125 0.515625 0.703125 0.5078125 0.7078125 0.5078125 0.7203125 0.5015625 0.734375 0.5 0.753125 0.5015625
6 0.278125 0.3171875 0.2890625 0.3234375 0.2921875 0.33125 0.290625 0.3421875 0.278125 0.353125 0.271875 0.353125 0.2640625 0.3484375 0.259375 0.334375 0.2625 0.3234375 0.271875 0.3171875 0.2765625 0.3171875
6 0.7609375 0.6015625 0.765625 0.6015625 0.7703125 0.5984375 0.78125 0.5984375 0.790625 0.6015625 0.79375 0.6078125 0.79375 0.61875 0.778125 0.6328125 0.7703125 0.6359375 0.75 0.6359375 0.740625 0.628125 0.740625 0.6171875 0.7515625 0.60625 0.7609375 0.603125
6 0.3640625 0.596875 0.3734375 0.603125 0.3734375 0.6125 0.365625 0.6140625 0.35625 0.6234375 0.33125 0.6234375 0.31875 0.61875 0.3125 0.6140625 0.3109375 0.6015625 0.3171875 0.5953125 0.353125 0.59375 0.3625 0.596875
6 0.5578125 0.546875 0.5609375 0.5484375 0.5609375 0.553125 0.5640625 0.55625 0.5640625 0.5640625 0.5609375 0.559375 0.528125 0.5765625 0.5 0.575 0.49375 0.56875 0.4953125 0.5609375 0.5015625 0.5546875 0.5140625 0.5484375 0.5328125 0.546875 0.5421875 0.54375 0.55625 0.546875
6 0.8265625 0.40625 0.834375 0.4109375 0.8375 0.4359375 0.8328125 0.4421875 0.8203125 0.4484375 0.809375 0.4484375 0.796875 0.4421875 0.796875 0.4234375 0.803125 0.409375 0.8109375 0.40625 0.825 0.40625
6 0.6703125 0.5046875 0.6828125 0.5109375 0.690625 0.5203125 0.6890625 0.528125 0.6828125 0.5328125 0.665625 0.5328125 0.646875 0.5234375 0.64375 0.5125 0.6484375 0.5046875 0.66875 0.5046875
6 0.7125 0.6046875 0.728125 0.609375 0.7390625 0.615625 0.7390625 0.6265625 0.721875 0.63125 0.7046875 0.63125 0.6875 0.6265625 0.684375 0.621875 0.684375 0.615625 0.69375 0.60625 0.7109375 0.6046875
6 0.4984375 0.478125 0.5203125 0.4875 0.5265625 0.4953125 0.528125 0.50625 0.525 0.5125 0.5203125 0.515625 0.503125 0.515625 0.4953125 0.5125 0.4859375 0.50625 0.4796875 0.4984375 0.4796875 0.478125 0.48125 0.4765625 0.496875 0.478125
6 0.1859375 0.421875 0.190625 0.4265625 0.190625 0.43125 0.196875 0.44375 0.19375 0.453125 0.1875 0.45625 0.1859375 0.459375 0.178125 0.459375 0.171875 0.45625 0.165625 0.446875 0.1671875 0.4265625 0.175 0.4203125 0.184375 0.421875
6 0.6109375 0.5140625 0.6203125 0.5203125 0.6265625 0.5265625 0.6265625 0.5296875 0.6203125 0.5390625 0.609375 0.54375 0.5796875 0.5390625 0.5734375 0.534375 0.5703125 0.525 0.5734375 0.5125 0.5796875 0.5078125 0.6 0.5078125 0.609375 0.5140625
6 0.4703125 0.69375 0.478125 0.696875 0.4796875 0.7015625 0.478125 0.715625 0.475 0.7203125 0.465625 0.7265625 0.446875 0.7328125 0.4328125 0.7328125 0.4203125 0.7265625 0.41875 0.7171875 0.421875 0.7109375 0.428125 0.7046875 0.44375 0.6984375 0.4484375 0.69375 0.46875 0.69375
6 0.35 0.5078125 0.3515625 0.5125 0.346875 0.5171875 0.35 0.5296875 0.346875 0.5359375 0.340625 0.5453125 0.328125 0.55 0.31875 0.55 0.3109375 0.546875 0.30625 0.5375 0.30625 0.53125 0.3125 0.5203125 0.3234375 0.5109375 0.33125 0.5078125 0.3484375 0.5078125
6 0.56875 0.6609375 0.5734375 0.66875 0.571875 0.675 0.5546875 0.6859375 0.5453125 0.6859375 0.540625 0.6828125 0.534375 0.6828125 0.528125 0.6765625 0.528125 0.6703125 0.53125 0.6640625 0.5421875 0.659375 0.5671875 0.6609375
6 0.5125 0.6296875 0.5296875 0.646875 0.5328125 0.65625 0.5296875 0.665625 0.521875 0.6703125 0.5015625 0.66875 0.490625 0.6609375 0.4796875 0.64375 0.4796875 0.634375 0.4859375 0.628125 0.5046875 0.6265625 0.5109375 0.6296875
54 0 0.45158002038735984 0.06657608695652174 0.5739041794087666 0.07744565217391304 0.581039755351682 0.10597826086956522 0.581039755351682 0.11684782608695651 0.5739041794087666 0.125 0.5433231396534148 0.14402173913043478 0.5310907237512742 0.14266304347826086 0.5188583078491336 0.18070652173913043 0.4740061162079511 0.18070652173913043 0.4658511722731906 0.16168478260869565 0.44342507645259943 0.16576086956521738 0.42609582059123347 0.16168478260869565 0.4077471967380224 0.2214673913043478 0.3343527013251784 0.2391304347826087 0.3343527013251784 0.24592391304347827 0.3109072375127421 0.26766304347826086 0.3068297655453619 0.26902173913043476 0.30988786952089703 0.28125 0.308868501529052 0.297554347826087 0.2945973496432212 0.35190217391304346 0.28236493374108057 0.35190217391304346 0.25993883792048933 0.34510869565217395 0.2487257900101937 0.35190217391304346 0.24362895005096843 0.34239130434782605 0.23955147808358818 0.327445652173913 0.24464831804281348 0.24592391304347827 0.24260958205912336 0.24184782608695649 0.24770642201834864 0.22010869565217392 0.25382262996941896 0.20652173913043476 0.2528032619775739 0.1875 0.2579001019367992 0.16983695652173914 0.27217125382262997 0.08695652173913043 0.2925586136595311 0.001358695652173913 0.3231396534148828 0 0.45158002038735984
54 0.38858695652173914 0.7308868501529052 0.3967391304347826 0.7471967380224261 0.40760869565217395 0.7543323139653415 0.501358695652174 0.7594291539245668 0.5230978260869565 0.7543323139653415 0.514945652173913 0.7471967380224261 0.41440217391304346 0.7217125382262998 0.3967391304347826 0.7196738022426097 0.389945652173913 0.7227319062181448 0.38858695652173914 0.7308868501529052
54 0.4592391304347826 0.22018348623853212 0.40489130434782605 0.25484199796126406 0.40760869565217395 0.25993883792048933 0.42934782608695654 0.2609582059123344 0.49184782608695654 0.2344546381243629 0.5081521739130435 0.2344546381243629 0.5339673913043479 0.2252803261977574 0.5529891304347826 0.2252803261977574 0.5679347826086956 0.2324159021406728 0.5883152173913043 0.23343527013251783 0.6277173913043479 0.24464831804281348 0.6358695652173914 0.24464831804281348 0.6467391304347826 0.236493374108053 0.6630434782608695 0.24260958205912336 0.6766304347826086 0.25993883792048933 0.7146739130434783 0.273190621814475 0.7228260869565217 0.28950050968399593 0.7459239130434783 0.3007135575942915 0.7690217391304348 0.3251783893985729 0.7853260869565217 0.33537206931702346 0.8084239130434783 0.3343527013251784 0.8192934782608695 0.33843017329255864 0.8355978260869564 0.3343527013251784 0.8940217391304348 0.3425076452599388 0.9211956521739131 0.33231396534148827 0.9497282608695652 0.3119266055045872 0.9605978260869564 0.28950050968399593 0.9605978260869564 0.2782874617737003 0.9470108695652174 0.25993883792048933 0.9211956521739131 0.24974515800203875 0.8057065217391305 0.22426095820591235 0.732336956521739 0.19164118246687054 0.6915760869565217 0.17940876656472987 0.6535326086956521 0.15800203873598367 0.6440217391304348 0.14271151885830785 0.6195652173913043 0.13353720693170235 0.5855978260869565 0.12436289500509685 0.5706521739130435 0.12640163098878696 0.5489130434782609 0.13557594291539246 0.514945652173913 0.16106014271151886 0.4592391304347826 0.22018348623853212