11 0.5625 0.3796875 0.5703125 0.3765625 0.603125 0.3796875 0.6296875 0.390625 0.640625 0.4015625 0.63125 0.409375 0.625 0.4109375 0.6046875 0.425 0.603125 0.4296875 0.5953125 0.4375 0.5921875 0.45 0.58125 0.45 0.578125 0.4484375 0.5796875 0.4421875 0.5734375 0.4390625 0.571875 0.4359375 0.55625 0.43125 0.546875 0.415625 0.546875 0.4078125 0.553125 0.4 0.5625 0.38125
11 0.475 0.2203125 0.4890625 0.2328125 0.5015625 0.2515625 0.5125 0.2625 0.521875 0.265625 0.5359375 0.259375 0.571875 0.2734375 0.575 0.2765625 0.5796875 0.2765625 0.584375 0.2828125 0.5859375 0.3046875 0.5828125 0.309375 0.5703125 0.315625 0.5484375 0.3359375 0.509375 0.3546875 0.490625 0.3515625 0.4859375 0.3453125 0.4765625 0.3390625 0.465625 0.3359375 0.4453125 0.3359375 0.421875 0.3328125 0.4140625 0.328125 0.4171875 0.321875 0.4171875 0.3140625 0.4125 0.309375 0.40625 0.3078125 0.40625 0.30625 0.434375 0.3046875 0.4484375 0.29375 0.4515625 0.2859375 0.4515625 0.2703125 0.4484375 0.259375 0.428125 0.2328125 0.4265625 0.221875 0.428125 0.2203125 0.4734375 0.2203125
11 0.4390625 0.3953125 0.45625 0.4046875 0.446875 0.41875 0.4453125 0.4265625 0.440625 0.434375 0.4375 0.4484375 0.440625 0.4640625 0.4484375 0.4734375 0.4625 0.4734375 0.4671875 0.4765625 0.4671875 0.48125 0.4453125 0.4984375 0.4328125 0.503125 0.41875 0.5 0.396875 0.5015625 0.3921875 0.4984375 0.384375 0.4984375 0.3734375 0.4953125 0.3703125 0.4921875 0.365625 0.4921875 0.3640625 0.475 0.346875 0.459375 0.3359375 0.453125 0.334375 0.440625 0.3296875 0.4359375 0.334375 0.4296875 0.3484375 0.425 0.3703125 0.4265625 0.3796875 0.4328125 0.3921875 0.43125 0.40625 0.41875 0.40625 0.415625 0.4203125 0.396875 0.425 0.39375 0.4375 0.3953125
11 0.4484375 0.50625 0.4578125 0.5109375 0.48125 0.5109375 0.50625 0.5203125 0.509375 0.5234375 0.5 0.5390625 0.5 0.559375 0.4984375 0.5609375 0.5 0.5625 0.4984375 0.5703125 0.4984375 0.59375 0.5 0.5953125 0.503125 0.596875 0.5375 0.596875 0.546875 0.5984375 0.55 0.6015625 0.55 0.615625 0.54375 0.6265625 0.521875 0.6296875 0.5203125 0.6328125 0.5140625 0.634375 0.509375 0.634375 0.4984375 0.628125 0.4484375 0.6296875 0.43125 0.60625 0.425 0.5875 0.4171875 0.5765625 0.4078125 0.56875 0.4125 0.5609375 0.4109375 0.5453125 0.4125 0.53125 0.43125 0.5078125 0.4375 0.5046875 0.446875 0.50625
11 0.4140625 0.396875 0.421875 0.396875 0.425 0.39375 0.4359375 0.39375 0.4546875 0.403125 0.4546875 0.4078125 0.446875 0.4171875 0.446875 0.4234375 0.440625 0.434375 0.4375 0.453125 0.440625 0.4578125 0.440625 0.4640625 0.4484375 0.4734375 0.459375 0.4734375 0.4671875 0.478125 0.465625 0.4828125 0.4546875 0.4921875 0.4296875 0.503125 0.4203125 0.5 0.4109375 0.5 0.4015625 0.503125 0.3703125 0.4921875 0.3546875 0.4921875 0.35 0.4890625 0.3421875 0.4890625 0.3375 0.4921875 0.3296875 0.4921875 0.3109375 0.503125 0.3015625 0.5046875 0.29375 0.4984375 0.290625 0.490625 0.2796875 0.4796875 0.2578125 0.475 0.2546875 0.471875 0.240625 0.453125 0.2375 0.4421875 0.23125 0.4328125 0.225 0.4359375 0.2171875 0.4359375 0.2140625 0.4328125 0.215625 0.4296875 0.225 0.428125 0.23125 0.43125 0.240625 0.4296875 0.2390625 0.4328125 0.240625 0.434375 0.246875 0.4328125 0.2484375 0.4375 0.2609375 0.434375 0.2796875 0.4375 0.2875 0.4359375 0.3140625 0.4375 0.31875 0.434375 0.325 0.434375 0.3359375 0.4265625 0.346875 0.4234375 0.36875 0.425 0.3765625 0.43125 0.3890625 0.43125 0.3953125 0.428125 0.4046875 0.41875 0.40625 0.4125 0.415625 0.4015625 0.4140625 0.3984375
11 0.240625 0.5765625 0.2734375 0.5890625 0.284375 0.590625 0.3046875 0.5890625 0.3015625 0.5953125 0.2921875 0.6015625 0.290625 0.609375 0.2984375 0.6296875 0.3015625 0.6328125 0.3015625 0.6421875 0.3109375 0.65 0.3125 0.6546875 0.3125 0.665625 0.3078125 0.675 0.3140625 0.68125 0.340625 0.6921875 0.3578125 0.7046875 0.375 0.7125 0.384375 0.7125 0.3875 0.7046875 0.3953125 0.7046875 0.403125 0.715625 0.40625 0.7375 0.409375 0.7453125 0.415625 0.7515625 0.415625 0.75625 0.4234375 0.76875 0.4265625 0.7859375 0.4171875 0.8140625 0.4125 0.8171875 0.4015625 0.815625 0.396875 0.81875 0.3921875 0.828125 0.3859375 0.8296875 0.378125 0.8296875 0.375 0.8265625 0.371875 0.8109375 0.3625 0.7984375 0.35625 0.7984375 0.3421875 0.790625 0.328125 0.790625 0.321875 0.784375 0.31875 0.784375 0.3234375 0.7796875 0.3234375 0.7765625 0.3296875 0.7734375 0.3296875 0.76875 0.31875 0.7546875 0.303125 0.740625 0.3015625 0.734375 0.290625 0.728125 0.2859375 0.7265625 0.271875 0.728125 0.259375 0.725 0.2546875 0.7265625 0.2515625 0.734375 0.259375 0.7421875 0.259375 0.7640625 0.2328125 0.790625 0.2296875 0.7921875 0.228125 0.790625 0.225 0.79375 0.2265625 0.796875 0.2203125 0.796875 0.2171875 0.8 0.2109375 0.796875 0.2046875 0.8 0.1984375 0.8 0.196875 0.796875 0.190625 0.796875 0.20625 0.7859375 0.2078125 0.771875 0.1984375 0.7578125 0.1984375 0.7546875 0.1796875 0.7359375 0.16875 0.7296875 0.1640625 0.7234375 0.1421875 0.7125 0.13125 0.7125 0.121875 0.709375 0.103125 0.709375 0.09375 0.7125 0.0875 0.7203125 0.075 0.7296875 0.0625 0.7296875 0.053125 0.7265625 0.04375 0.715625 0.0390625 0.7 0.0390625 0.6875 0.0421875 0.6796875 0.046875 0.6765625 0.05 0.6703125 0.05625 0.6359375 0.0609375 0.6265625 0.0625 0.6171875 0.06875 0.6078125 0.0828125 0.5984375 0.084375 0.5953125 0.0953125 0.59375 0.1 0.590625 0.1390625 0.590625 0.146875 0.5875 0.171875 0.5875 0.178125 0.584375 0.203125 0.5859375 0.2390625 0.5765625
11 0.365625 0.3328125 0.3734375 0.334375 0.375 0.3375 0.384375 0.340625 0.390625 0.346875 0.3953125 0.359375 0.3953125 0.365625 0.3984375 0.36875 0.3984375 0.38125 0.40625 0.390625 0.4125 0.39375 0.4140625 0.4015625 0.403125 0.41875 0.39375 0.4265625 0.3796875 0.4265625 0.3625 0.421875 0.3453125 0.421875 0.315625 0.4359375 0.2921875 0.4359375 0.290625 0.434375 0.2890625 0.4359375 0.275 0.434375 0.2625 0.4359375 0.2625 0.4328125 0.2734375 0.4234375 0.2765625 0.4234375 0.2828125 0.4171875 0.2859375 0.4171875 0.2921875 0.4109375 0.3015625 0.40625 0.303125 0.403125 0.321875 0.390625 0.34375 0.371875 0.346875 0.365625 0.346875 0.359375 0.3421875 0.3546875 0.3375 0.3546875 0.328125 0.3484375 0.3234375 0.3484375 0.321875 0.3453125 0.315625 0.3421875 0.3375 0.3328125 0.3640625 0.3328125
11 0.5625 0.6578125 0.578125 0.6671875 0.603125 0.675 0.6046875 0.678125 0.6203125 0.6875 0.628125 0.696875 0.6296875 0.7140625 0.6265625 0.7203125 0.6109375 0.7328125 0.5953125 0.7390625 0.5859375 0.7359375 0.565625 0.7140625 0.5609375 0.7125 0.5453125 0.7140625 0.540625 0.7171875 0.521875 0.7203125 0.5171875 0.7234375 0.5109375 0.7203125 0.5125 0.70625 0.5234375 0.6984375 0.528125 0.6921875 0.521875 0.675 0.521875 0.66875 0.5109375 0.6515625 0.5109375 0.64375 0.525 0.634375 0.540625 0.6328125 0.5515625 0.64375 0.5515625 0.646875 0.5609375 0.6578125
11 0.2546875 0.48125 0.265625 0.478125 0.28125 0.484375 0.2859375 0.490625 0.2875 0.4984375 0.29375 0.5046875 0.3015625 0.51875 0.2921875 0.525 0.29375 0.5296875 0.30625 0.53125 0.31875 0.54375 0.3390625 0.546875 0.346875 0.5390625 0.353125 0.540625 0.3578125 0.5390625 0.3734375 0.54375 0.375 0.540625 0.3828125 0.540625 0.384375 0.5375 0.39375 0.5375 0.396875 0.5328125 0.4015625 0.53125 0.409375 0.5515625 0.409375 0.5578125 0.4046875 0.565625 0.3984375 0.5671875 0.35625 0.565625 0.35 0.56875 0.334375 0.5703125 0.315625 0.578125 0.2921875 0.5765625 0.290625 0.5796875 0.2765625 0.584375 0.2609375 0.58125 0.2484375 0.5734375 0.24375 0.5734375 0.2375 0.565625 0.228125 0.5625 0.20625 0.546875 0.19375 0.5453125 0.1828125 0.5390625 0.178125 0.5328125 0.1734375 0.5171875 0.175 0.5015625 0.1859375 0.5015625 0.190625 0.496875 0.2109375 0.4984375 0.2234375 0.4890625 0.2484375 0.4859375 0.2546875 0.4828125
11 0.54375 0.365625 0.5515625 0.3671875 0.565625 0.3765625 0.575 0.3765625 0.584375 0.3796875 0.603125 0.3796875 0.6140625 0.384375 0.615625 0.3875 0.6203125 0.3875 0.6234375 0.390625 0.634375 0.39375 0.6390625 0.4015625 0.6296875 0.409375 0.6109375 0.41875 0.5953125 0.4359375 0.5921875 0.4421875 0.5921875 0.4484375 0.5609375 0.453125 0.5421875 0.4625 0.5375 0.4671875 0.5234375 0.465625 0.5078125 0.4578125 0.4921875 0.459375 0.484375 0.45625 0.4796875 0.459375 0.475 0.459375 0.4703125 0.45625 0.4625 0.4578125 0.4453125 0.45625 0.440625 0.4515625 0.4421875 0.434375 0.45 0.4171875 0.459375 0.4046875 0.4515625 0.3984375 0.4375 0.3921875 0.43125 0.390625 0.421875 0.3921875 0.4078125 0.3859375 0.4046875 0.38125 0.4046875 0.3765625 0.4078125 0.3734375 0.41875 0.375 0.4546875 0.3703125 0.4609375 0.3671875 0.4671875 0.3671875 0.4703125 0.3640625 0.5421875 0.365625
11 0.8078125 0.446875 0.81875 0.4578125 0.828125 0.45625 0.83125 0.4578125 0.8328125 0.4671875 0.8421875 0.478125 0.8421875 0.484375 0.8390625 0.4875 0.8390625 0.509375 0.834375 0.5171875 0.8359375 0.534375 0.8328125 0.540625 0.8328125 0.5671875 0.828125 0.5734375 0.825 0.5890625 0.821875 0.59375 0.821875 0.6 0.815625 0.6078125 0.8 0.6421875 0.790625 0.653125 0.790625 0.659375 0.7875 0.665625 0.7828125 0.6703125 0.7765625 0.665625 0.7625 0.665625 0.7484375 0.671875 0.725 0.6703125 0.7171875 0.6671875 0.703125 0.665625 0.69375 0.65625 0.6875 0.653125 0.684375 0.646875 0.6671875 0.6359375 0.6625 0.63125 0.6609375 0.6234375 0.6546875 0.61875 0.6484375 0.61875 0.6453125 0.615625 0.6359375 0.615625 0.6046875 0.60625 0.5984375 0.596875 0.59375 0.596875 0.590625 0.59375 0.5421875 0.59375 0.540625 0.5921875 0.50625 0.59375 0.5015625 0.5921875 0.5 0.575 0.503125 0.565625 0.503125 0.5375 0.5125 0.5234375 0.528125 0.515625 0.5484375 0.521875 0.565625 0.521875 0.5859375 0.51875 0.6265625 0.5078125 0.6640625 0.4875 0.6921875 0.484375 0.7 0.4765625 0.7578125 0.4734375 0.7625 0.4640625 0.7703125 0.459375 0.771875 0.45 0.7765625 0.446875 0.79375 0.4421875 0.803125 0.44375 0.80625 0.446875
11 0.140625 0.3671875 0.1421875 0.36875 0.196875 0.3671875 0.2 0.3703125 0.2046875 0.384375 0.2046875 0.39375 0.209375 0.4 0.209375 0.409375 0.2046875 0.4234375 0.1984375 0.4296875 0.2125 0.440625 0.21875 0.4421875 0.2265625 0.440625 0.23125 0.44375 0.2390625 0.45625 0.246875 0.4640625 0.2515625 0.475 0.25 0.4796875 0.2453125 0.4828125 0.2328125 0.48125 0.2203125 0.4828125 0.2140625 0.4921875 0.1953125 0.4921875 0.1703125 0.4796875 0.1578125 0.4765625 0.153125 0.471875 0.14375 0.471875 0.140625 0.475 0.1234375 0.4796875 0.0921875 0.4796875 0.0859375 0.4765625 0.0703125 0.4765625 0.065625 0.471875 0.059375 0.4578125 0.0484375 0.4484375 0.0453125 0.43125 0.053125 0.4125 0.053125 0.40625 0.0609375 0.396875 0.0671875 0.378125 0.075 0.3703125 0.096875 0.3671875 0.1390625 0.3671875
13 0.30570652173913043 0.6279306829765545 0.34375 0.6636085626911316 0.3858695652173913 0.6625891946992865 0.4279891304347826 0.6472986748216106 0.4375 0.63506625891947 0.43614130434782605 0.6187563710499491 0.41983695652173914 0.5861365953109072 0.40353260869565216 0.5698267074413864 0.358695652173913 0.5677879714576963 0.3328804347826087 0.5728848114169216 0.3192934782608695 0.581039755351682 0.29891304347826086 0.6034658511722732 0.30570652173913043 0.6279306829765545
13 0.03940217391304347 0.5402650356778798 0.0625 0.5677879714576963 0.07744565217391304 0.5779816513761469 0.09375 0.580020387359837 0.13722826086956522 0.5718654434250765 0.16032608695652173 0.5657492354740061 0.17255434782608697 0.5535168195718654 0.1779891304347826 0.5351681957186545 0.1644021739130435 0.5025484199796126 0.14130434782608697 0.4862385321100918 0.07880434782608695 0.4841997961264016 0.04483695652173913 0.4974515800203874 0.03532608695652174 0.5076452599388379 0.03940217391304347 0.5402650356778798
13 0.21059782608695649 0.4209989806320082 0.23641304347826084 0.42303771661569833 0.25 0.4301732925586137 0.2595108695652174 0.4301732925586137 0.33152173913043476 0.381243628950051 0.34510869565217395 0.36595310907237516 0.34510869565217395 0.35881753312945974 0.3043478260869565 0.3414882772680938 0.264945652173913 0.345565749235474 0.2527173913043478 0.3516819571865443 0.21195652173913043 0.39551478083588176 0.21059782608695649 0.4209989806320082
13 0.501358695652174 0.7686034658511722 0.5475543478260869 0.8216106014271153 0.5597826086956521 0.8236493374108054 0.5910326086956521 0.8175331294597349 0.623641304347826 0.7940876656472987 0.623641304347826 0.7777777777777778 0.6168478260869565 0.764525993883792 0.5625 0.7155963302752294 0.5489130434782609 0.7155963302752294 0.5217391304347826 0.7237512742099899 0.5108695652173914 0.7298674821610602 0.5 0.7451580020387361 0.501358695652174 0.7686034658511722
13 0.34782608695652173 0.6921508664627931 0.37364130434782605 0.7064220183486238 0.3845108695652174 0.6962283384301733 0.39945652173913043 0.7023445463812437 0.4103260869565217 0.7298674821610602 0.42391304347826086 0.7359836901121305 0.45652173913043476 0.7329255861365953 0.49864130434782605 0.7166156982670745 0.5258152173913043 0.6921508664627931 0.5054347826086956 0.6371049949031601 0.49864130434782605 0.6309887869520897 0.4415760869565217 0.6330275229357798 0.42119565217391297 0.6523955147808359 0.3804347826086957 0.6656472986748216 0.34375 0.6666666666666667 0.34782608695652173 0.6921508664627931
13 0.4130434782608695 0.7431192660550459 0.4279891304347826 0.7767584097859327 0.42391304347826086 0.8175331294597349 0.4755434782608695 0.8063200815494393 0.5135869565217391 0.7920489296636086 0.514945652173913 0.7859327217125383 0.49728260869565216 0.763506625891947 0.49728260869565216 0.7471967380224261 0.5040760869565217 0.7370030581039756 0.4959239130434782 0.7217125382262998 0.44565217391304346 0.7370030581039756 0.41440217391304346 0.7359836901121305 0.4130434782608695 0.7431192660550459
13 0.595108695652174 0.44954128440366975 0.6182065217391304 0.46075433231396534 0.6467391304347826 0.4933741080530072 0.7078804347826086 0.47196738022426094 0.751358695652174 0.4709480122324159 0.7595108695652174 0.4617737003058104 0.7527173913043479 0.4454638124362895 0.7309782608695652 0.4189602446483181 0.7078804347826086 0.4077471967380224 0.6766304347826086 0.399592252803262 0.657608695652174 0.399592252803262 0.639945652173913 0.4046890927624872 0.6154891304347826 0.41794087665647306 0.5978260869565217 0.436289500509684 0.595108695652174 0.44954128440366975
13 0.5217391304347826 0.5147808358817534 0.5339673913043479 0.5127420998980632 0.5448369565217391 0.5178389398572885 0.5652173913043479 0.5188583078491336 0.6222826086956521 0.5066258919469929 0.6426630434782609 0.49439347604485223 0.6154891304347826 0.46075433231396534 0.5855978260869565 0.4525993883792049 0.5584239130434783 0.45769622833843016 0.532608695652174 0.4750254841997961 0.5217391304347826 0.5015290519877676 0.5217391304347826 0.5147808358817534
13 0.5475543478260869 0.6340468909276249 0.5584239130434783 0.653414882772681 0.6304347826086956 0.6890927624872579 0.6684782608695652 0.6921508664627931 0.6779891304347826 0.6890927624872579 0.6929347826086956 0.6748216106014271 0.686141304347826 0.6585117227319063 0.6589673913043479 0.6391437308868502 0.6222826086956521 0.617737003058104 0.5760869565217391 0.6004077471967381 0.5557065217391304 0.601427115188583 0.5489130434782609 0.6228338430173292 0.5475543478260869 0.6340468909276249
13 0.6154891304347826 0.7604485219164119 0.6277173913043479 0.7930682976554537 0.657608695652174 0.7798165137614679 0.6997282608695652 0.744138634046891 0.6902173913043479 0.72782874617737 0.6603260869565217 0.7104994903160041 0.6358695652173914 0.7155963302752294 0.5978260869565217 0.7420998980632009 0.6154891304347826 0.7604485219164119
13 0.45516304347826086 0.4678899082568807 0.46875 0.4740061162079511 0.46875 0.4801223241590214 0.45516304347826086 0.4954128440366973 0.4728260869565217 0.5076452599388379 0.5135869565217391 0.5188583078491336 0.53125 0.472986748216106 0.48641304347826086 0.46075433231396534 0.46875 0.45871559633027525 0.45652173913043476 0.46381243628950053 0.45516304347826086 0.4678899082568807
13 0.3967391304347826 0.36289500509684 0.40625 0.3700305810397554 0.4442934782608695 0.3690112130479103 0.4850543478260869 0.35677879714576965 0.48369565217391297 0.3476044852191641 0.46875 0.3394495412844037 0.4307065217391305 0.3363914373088685 0.41847826086956524 0.3312945973496432 0.39402173913043476 0.33537206931702346 0.3967391304347826 0.36289500509684
13 0.514945652173913 0.35881753312945974 0.5203804347826086 0.36187563710499493 0.5448369565217391 0.363914373088685 0.5692934782608695 0.37410805300713557 0.577445652173913 0.3720693170234455 0.5828804347826086 0.36289500509684 0.5815217391304348 0.3506625891946993 0.563858695652174 0.32619775739041795 0.5176630434782609 0.35372069317023447 0.514945652173913 0.35881753312945974